0.0,0.93310546875,-0.263671875,0.24853515625,0.06385350921930501,0.015963377304826,0.09578026382895699,Null
0.02,0.93798828125,-0.2626953125,0.2431640625,0.053211257682754004,0.008513801229241,0.052147032529099004,Null
0.04,0.94921875,-0.27099609375,0.2451171875,0.053211257682754004,-0.001064225153655,0.019156052765792,Null
0.06,0.958984375,-0.2705078125,0.24560546875,0.052147032529099004,-0.005321125768275,0.00425690061462,Null
0.081,0.9609375,-0.27099609375,0.248046875,0.038312105531583,-0.008513801229241,0.00425690061462,Null
0.10099999999999999,0.95947265625,-0.27294921875,0.25732421875,0.028734079148687,-0.009578026382896,0.008513801229241,Null
0.121,0.95849609375,-0.26416015625,0.26025390625,0.010642251536551002,-0.00638535092193,0.008513801229241,Null
0.141,0.962890625,-0.25732421875,0.2587890625,-0.031926754609652,0.005321125768275,-0.00212845030731,Null
0.161,0.9658203125,-0.25830078125,0.26318359375,-0.075559985909511,0.015963377304826,-0.026605628841377002,Null
0.18100000000000002,0.95263671875,-0.26318359375,0.2666015625,-0.08939491290702699,0.020220277919447,-0.057468158297374,Null
0.201,0.93408203125,-0.265625,0.26220703125,-0.079816886524131,0.017027602458481002,-0.09365181352164699,Null
0.221,0.9228515625,-0.2685546875,0.2568359375,-0.06811040983392501,0.015963377304826,-0.127707018438609,Null
0.24100000000000002,0.91796875,-0.2763671875,0.25390625,-0.044697456453513,0.009578026382896,-0.153248422126331,Null
0.261,0.92333984375,-0.28564453125,0.2568359375,0.00212845030731,-0.00638535092193,-0.175597150353088,Null
0.281,0.93408203125,-0.2861328125,0.26025390625,0.024477178534067005,-0.013834926997516001,-0.188367852196949,Null
0.301,0.9443359375,-0.28466796875,0.26025390625,0.039376330685238,-0.022348728226757004,-0.21710193134563602,Null
0.326,0.9482421875,-0.291015625,0.25634765625,0.00638535092193,-0.014899152151171002,-0.220294606806601,Null
0.34600000000000003,0.962890625,-0.30126953125,0.24755859375,-0.032990979763308,-0.010642251536551002,-0.20007432888715498,Null
0.366,0.958984375,-0.30859375,0.24853515625,-0.04895435706813401,-0.003192675460965,-0.164954898816537,Null
0.386,0.95556640625,-0.3076171875,0.24609375,-0.043633231299858,-0.012770701843860999,-0.123450117823989,Null
0.40700000000000003,0.95068359375,-0.30029296875,0.24267578125,-0.036183655224273,-0.023412953380412004,-0.08833068775337198,Null
0.42700000000000005,0.9423828125,-0.29296875,0.24267578125,-0.044697456453513,-0.021284503073102003,-0.06811040983392501,Null
0.451,0.93115234375,-0.291015625,0.23486328125,-0.06385350921930501,-0.015963377304826,-0.061725058911995,Null
0.47100000000000003,0.927734375,-0.291015625,0.23388671875,-0.076624211063166,-0.021284503073102003,-0.05959660860468499,Null
0.49200000000000005,0.931640625,-0.29150390625,0.23681640625,-0.084073787138751,-0.038312105531583,-0.057468158297374,Null
0.512,0.93896484375,-0.29052734375,0.23583984375,-0.084073787138751,-0.058532383451029006,-0.06704618468026999,Null
0.532,0.9453125,-0.298828125,0.236328125,-0.08726646259971699,-0.07130308529489,-0.079816886524131,Null
0.552,0.9521484375,-0.30419921875,0.236328125,-0.072367310448545,-0.076624211063166,-0.086202237446062,Null
0.5720000000000001,0.953125,-0.30615234375,0.23779296875,-0.05959660860468499,-0.074495760755856,-0.080881111677786,Null
0.5920000000000001,0.955078125,-0.30615234375,0.24365234375,-0.053211257682754004,-0.079816886524131,-0.06491773437296,Null
0.612,0.95751953125,-0.30810546875,0.24658203125,-0.04895435706813401,-0.084073787138751,-0.043633231299858,Null
0.637,0.9560546875,-0.30859375,0.248046875,-0.026605628841377002,-0.08300956198509599,-0.007449576075585999,Null
0.657,0.96435546875,-0.2998046875,0.2470703125,-0.007449576075585999,-0.076624211063166,0.018091827612136003,Null
0.677,0.97021484375,-0.2919921875,0.24755859375,-0.00425690061462,-0.06491773437296,0.044697456453513,Null
0.698,0.96826171875,-0.28515625,0.2548828125,-0.017027602458481002,-0.053211257682754004,0.06704618468026999,Null
0.718,0.96484375,-0.27978515625,0.25341796875,-0.040440555838893,-0.045761681607168,0.077688436216821,Null
0.738,0.9619140625,-0.279296875,0.2490234375,-0.05959660860468499,-0.038312105531583,0.075559985909511,Null
0.762,0.951171875,-0.27490234375,0.2431640625,-0.06917463498758,-0.023412953380412004,0.06917463498758,Null
0.782,0.94189453125,-0.27294921875,0.2392578125,-0.06811040983392501,-0.012770701843860999,0.06491773437296,Null
0.8029999999999999,0.94384765625,-0.27099609375,0.234375,-0.06491773437296,-0.012770701843860999,0.056403933143719005,Null
0.823,0.953125,-0.27197265625,0.2265625,-0.06385350921930501,-0.019156052765792,0.040440555838893,Null
0.843,0.95703125,-0.2744140625,0.22705078125,-0.053211257682754004,-0.025541403687721998,0.020220277919447,Null
0.863,0.96142578125,-0.2744140625,0.22265625,-0.040440555838893,-0.037247880377928,0.003192675460965,Null
0.883,0.96484375,-0.2763671875,0.2197265625,-0.030862529455997004,-0.04895435706813401,-0.008513801229241,Null
0.903,0.96484375,-0.2890625,0.22021484375,-0.011706476690206002,-0.05959660860468499,-0.017027602458481002,Null
0.9229999999999999,0.96923828125,-0.306640625,0.22265625,0.037247880377928,-0.07130308529489,-0.022348728226757004,Null
0.943,0.97216796875,-0.3095703125,0.22900390625,0.10535829021185301,-0.075559985909511,-0.014899152151171002,Null
0.963,0.96630859375,-0.30419921875,0.24072265625,0.119193217209369,-0.06704618468026999,0.020220277919447,Null
0.983,0.970703125,-0.31494140625,0.24755859375,0.058532383451029006,-0.04789013191447901,0.075559985909511,Null
1.003,0.96435546875,-0.341796875,0.244140625,0.043633231299858,-0.010642251536551002,0.124514342977644,Null
1.024,0.955078125,-0.3505859375,0.22314453125,0.159633773048262,0.00638535092193,0.15111997181902098,Null
1.044,0.96044921875,-0.32080078125,0.23193359375,0.37247880377927794,0.012770701843860999,0.171340249738468,Null
1.068,0.96826171875,-0.3408203125,0.25634765625,0.421433160847411,0.038312105531583,0.251157136262599,Null
1.088,0.958984375,-0.35595703125,0.26953125,0.34268049947693496,0.054275482836409004,0.29372614240880196,Null
1.109,0.9599609375,-0.36279296875,0.259765625,0.227744182882187,0.074495760755856,0.33310247309403995,Null
1.129,0.95068359375,-0.36083984375,0.24609375,0.114936316594749,0.09152336321433699,0.395891757159689,Null
1.149,0.95068359375,-0.4912109375,0.208984375,-0.026605628841377002,0.04682590676082401,0.46400216699361496,Null
1.169,0.9453125,-0.810546875,0.1630859375,0.18623940188963897,-0.080881111677786,0.594901860893189,Null
1.189,1.009765625,-1.1875,0.27587890625,1.4516031095855302,-0.27244163933570004,0.863086599614269,Null
1.209,1.2412109375,-1.34521484375,0.6162109375,2.43494715156282,-0.28734079148687103,1.4718233875049698,Null
1.229,1.544921875,-1.529296875,0.96044921875,1.91773372688645,-0.038312105531583,2.55307614361853,Null
1.249,1.939453125,-1.8125,1.10498046875,0.6268286155028421,0.34268049947693496,4.0749181133453,Null
1.2690000000000001,2.4814453125,-2.34912109375,0.99755859375,-0.072367310448545,0.5938376357395339,6.10971660713381,Null
1.2890000000000001,3.09619140625,-2.85302734375,0.82568359375,0.153248422126331,1.06422515365508,8.18495565676121,Null
1.31,3.0791015625,-2.48583984375,0.7568359375,0.9439677112920551,2.2753133785145603,9.52162244975199,Null
1.33,2.3994140625,-1.63427734375,0.82666015625,2.04863342078603,3.2916484002551605,10.137808813718301,Null
1.35,1.7490234375,-0.564453125,0.78466796875,2.388121244802,3.8599446323069704,10.0963040327257,Null
1.37,1.51904296875,-0.388671875,0.42529296875,2.19975339260505,3.62794354881016,9.72063255348549,Null
1.39,1.66650390625,-0.279296875,0.09765625,2.72548061851066,3.69924663410506,9.102317739211891,Null
1.409,1.44482421875,0.044921875,0.00341796875,3.29909797633075,4.15367077471577,8.513801229240629,Null
1.431,1.087890625,0.3193359375,0.0859375,3.24375826834068,4.34416707722003,7.9880740033350195,Null
1.455,0.6943359375,0.267578125,0.1298828125,2.63076457983536,3.83653167892656,7.203740065091231,Null
1.475,0.38818359375,0.3037109375,-0.05322265625,1.96136695818631,3.38849288923777,6.255515453184559,Null
1.495,0.04638671875,0.3251953125,-0.3173828125,1.57292477710221,2.87447214002237,5.423291383026281,Null
1.516,-0.12255859375,0.36767578125,-0.4404296875,1.60485153171186,2.30617590797056,4.55275520733643,Null
1.536,-0.2421875,0.35791015625,-0.4345703125,1.51013549303656,1.89432077350604,3.6119801715053397,Null
1.556,-0.3828125,0.3134765625,-0.4052734375,1.20257442363024,1.56228252556566,2.70845301605218,Null
1.58,-0.412109375,0.2861328125,-0.37060546875,0.910976731528748,1.1866110463254098,1.89857767412066,Null
1.6,-0.39892578125,0.26025390625,-0.30322265625,0.726865779946419,0.829031394697307,1.2515287806983701,Null
1.621,-0.40966796875,0.18310546875,-0.2158203125,0.660883820419804,0.554461305054296,0.722608879331799,Null
1.641,-0.4677734375,0.25830078125,-0.11865234375,0.687489449261181,0.38099260500851795,0.246900235647978,Null
1.661,-0.5263671875,0.28369140625,-0.0546875,0.4320754123839621,0.250092911108944,-0.16389067366288199,Null
1.681,-0.60009765625,0.19677734375,-0.00341796875,-0.027669853995032002,0.154312647279986,-0.5012500473715421,Null
1.7,-0.73095703125,0.0791015625,0.10302734375,-0.457616816071684,0.08300956198509599,-0.7587925345560709,Null
1.7209999999999999,-0.89599609375,0.10009765625,0.2177734375,-0.608736787890705,0.056403933143719005,-0.9641879892115021,Null
1.7409999999999999,-0.96044921875,0.0810546875,0.22998046875,-0.491672020988646,-0.013834926997516001,-1.14617049048652,Null
1.761,-0.91796875,0.0400390625,0.21533203125,-0.13409236936053998,-0.14686307120440098,-1.2994189126128501,Null
1.781,-0.88671875,-0.03173828125,0.294921875,0.04895435706813401,-0.260735162645494,-1.4537315598928402,Null
1.801,-0.89208984375,-0.00634765625,0.380859375,-0.039376330685238,-0.307561069406318,-1.6665765906238503,Null
1.821,-0.83447265625,0.015625,0.3779296875,-0.338423598862315,-0.358643876781762,-1.92092640234742,Null
1.841,-0.77587890625,-0.01416015625,0.29150390625,-0.8779857517654399,-0.37247880377927794,-2.13164298277112,Null
1.861,-0.79296875,-0.18798828125,0.25634765625,-1.59953040594358,-0.39695598231334395,-2.28701985520477,Null
1.881,-0.849609375,-0.373046875,0.27685546875,-2.03692694409582,-0.457616816071684,-2.35087336442407,Null
1.901,-0.83056640625,-0.45263671875,0.23046875,-1.98690836187403,-0.539562152903125,-2.418983774258,Null
1.921,-0.77783203125,-0.572265625,0.3193359375,-1.4877867648098,-0.647048893422288,-2.42643335033358,Null
1.942,-0.763671875,-0.73291015625,0.4033203125,-0.6044798872760849,-0.6885536744148361,-2.37535054295814,Null
1.962,-0.82421875,-0.7255859375,0.4072265625,0.16601912397019197,-0.621507489734566,-2.31575393435345,Null
1.986,-0.77587890625,-0.4970703125,0.38134765625,0.40014865777430997,-0.5693604572054671,-2.23487282267567,Null
2.006,-0.751953125,-0.40380859375,0.3564453125,-0.20326700434811998,-0.514020749215403,-2.1891111410685,Null
2.0269999999999997,-0.70263671875,-0.412109375,0.31689453125,-1.0322983990454302,-0.528919901366574,-2.1678266379954,Null
2.0469999999999997,-0.64208984375,-0.45361328125,0.240234375,-1.71872362315295,-0.582131159049328,-2.21145986929525,Null
2.0669999999999997,-0.5791015625,-0.44189453125,0.19140625,-2.03160581832755,-0.644920443114978,-2.35832294049966,Null
2.0869999999999997,-0.54052734375,-0.42724609375,0.18310546875,-1.8655866943573503,-0.7034528265660072,-2.60415895099398,Null
2.106,-0.44775390625,-0.42919921875,0.17041015625,-1.48565831450249,-0.744957607558555,-2.89575664309547,Null
2.126,-0.341796875,-0.4794921875,0.13916015625,-1.3622081966784998,-0.763049435170692,-3.17671208366041,Null
2.147,-0.20849609375,-0.50146484375,0.08251953125,-1.41222677890029,-0.7183519787171779,-3.48640160337404,Null
2.167,-0.17529296875,-0.48193359375,0.0869140625,-1.2632352573885801,-0.657691144958839,-3.8322747783119397,Null
2.187,-0.0732421875,-0.51806640625,0.0966796875,-0.9971789689748091,-0.667269171341735,-4.1185513446451605,Null
2.207,0.07421875,-0.7197265625,0.12158203125,-1.0652893788087299,-0.7162235284098679,-4.29734117045921,Null
2.227,0.18994140625,-0.763671875,0.1875,-1.23024427762527,-0.622571714888221,-4.56020478341201,Null
2.247,0.2216796875,-0.74072265625,0.19189453125,-0.7396364817902801,-0.554461305054296,-4.846481349745231,Null
2.267,0.32958984375,-0.94775390625,0.11962890625,0.035119430070618,-0.717287753563523,-4.89756415712067,Null
2.287,0.576171875,-1.236328125,0.1005859375,-0.08726646259971699,-0.863086599614269,-4.7028109540018,Null
2.307,0.6875,-1.416015625,0.185546875,-0.481029769452096,-0.685360998953871,-4.4867732478098095,Null
2.327,0.6904296875,-1.6640625,0.298828125,-0.809875341931515,-0.516149199522713,-4.0014865777431,Null
2.347,0.80078125,-2.25048828125,0.36962890625,-0.647048893422288,-0.517213424676368,-3.11498702474842,Null
2.367,0.93701171875,-2.65673828125,0.46728515625,0.141541945436126,-0.317139095789214,-2.03479849378851,Null
2.387,0.888671875,-2.64306640625,0.509765625,0.539562152903125,-0.07023886014123501,-0.658755370112494,Null
2.412,0.68408203125,-2.19580078125,0.654296875,0.252221361416254,0.228808408035842,0.8194533683144108,Null
2.432,0.3857421875,-2.11669921875,0.69140625,-0.20539545465543,0.528919901366574,1.9890368121813402,Null
2.452,0.3115234375,-1.98681640625,0.58154296875,-0.04682590676082401,0.584259609356638,2.7127099166667996,Null
2.4730000000000003,0.32275390625,-1.65185546875,0.5048828125,0.683232548646561,0.7077097271806279,3.15649180574096,Null
2.4930000000000003,0.35302734375,-1.46923828125,0.36962890625,1.29090511138361,0.887563778148336,3.5459982119787203,Null
2.513,0.39892578125,-1.3173828125,0.275390625,1.8166323372892201,1.0322983990454302,3.8535592813850403,Null
2.533,0.396484375,-1.0634765625,0.2607421875,2.02202779194465,1.19299639724734,4.05789051088682,Null
2.553,0.314453125,-0.8720703125,0.23193359375,1.8677151446646598,1.36752932244678,4.12493669556709,Null
2.573,0.2734375,-0.86572265625,0.1923828125,1.6442278623971,1.38668537521257,4.18559752932543,Null
2.593,0.212890625,-0.69287109375,0.2216796875,1.57186055194855,1.41116255374663,4.12280824525978,Null
2.613,0.0654296875,-0.67626953125,0.2177734375,1.38242847459795,1.47395183781228,3.9546606709822703,Null
2.633,0.02734375,-0.7119140625,0.1708984375,1.4516031095855302,1.32283186599326,3.8301463280046297,Null
2.653,-0.083984375,-0.5859375,0.140625,2.20401029321967,1.2813270850007201,3.5651542647445202,Null
2.674,-0.2607421875,-0.46826171875,0.173828125,3.1330788523605495,1.29196933653727,3.14797800451172,Null
2.694,-0.3359375,-0.4970703125,0.228515625,3.88548603599469,1.06741782911604,2.77869187619341,Null
2.718,-0.39501953125,-0.43115234375,0.31884765625,4.48251634719519,0.822646043775376,2.41046997302875,Null
2.738,-0.5771484375,-0.31494140625,0.2705078125,5.0486841289397,0.623635940041876,2.02734891771293,Null
2.759,-0.697265625,-0.1865234375,0.40869140625,5.701054148130259,0.21603770619198104,1.7389439010724,Null
2.779,-0.658203125,-0.21728515625,0.58056640625,5.675512744442541,-0.28201966571859605,1.7815129072186002,Null
2.799,-0.65478515625,-0.27294921875,0.44970703125,5.62868683768171,-0.597030311200499,1.8400452906696299,Null
2.819,-0.72607421875,0.0,0.41357421875,5.94689015862458,-0.7896550640120691,1.84110951582329,Null
2.839,-0.66162109375,0.1904296875,0.57080078125,5.244501557212231,-1.0610324781941098,2.04011961955679,Null
2.859,-0.56884765625,0.126953125,0.55126953125,3.71840268687085,-1.2462076549301002,2.21890944537084,Null
2.88,-0.55615234375,0.0908203125,0.4521484375,2.72760906881797,-1.32921721691519,2.18166156499291,Null
2.9,-0.474609375,0.1357421875,0.51806640625,2.2774418288218703,-1.47395183781228,2.09333087723954,Null
2.92,-0.3974609375,0.13720703125,0.5546875,1.8432379661306,-1.5090712678829,1.9879725870276899,Null
2.944,-0.35986328125,0.14111328125,0.4765625,1.7357512256114298,-1.4665022617366998,1.76235685445281,Null
2.965,-0.31494140625,0.302734375,0.57666015625,1.76448530476012,-1.4324470568197398,1.67189771639213,Null
2.985,-0.28076171875,0.36865234375,0.63916015625,1.31538228991768,-1.30367581322747,1.6325213857068899,Null
3.005,-0.2978515625,0.3720703125,0.642578125,0.848187447463098,-1.15468429171576,1.55589717464373,Null
3.025,-0.291015625,0.39404296875,0.642578125,0.666204946188079,-1.05996825304046,1.4377681825880102,Null
3.045,-0.2568359375,0.46875,0.66015625,0.576810033281053,-0.9961147438211541,1.33453834268347,Null
3.065,-0.23193359375,0.4794921875,0.7353515625,0.320331771250179,-0.933325459755504,1.27281328377147,Null
3.085,-0.20654296875,0.462890625,0.8017578125,0.13409236936053998,-0.88011420207275,1.2121524500131398,Null
3.105,-0.2109375,0.4716796875,0.7802734375,0.065981959526615,-0.81093956708517,1.13552823894997,Null
3.125,-0.1748046875,0.46142578125,0.7412109375,-0.04895435706813401,-0.801361540702275,1.08125275611356,Null
3.145,-0.15576171875,0.5166015625,0.71044921875,-0.119193217209369,-0.797104640087654,1.0280414984308102,Null
3.165,-0.12646484375,0.55322265625,0.76123046875,-0.155376872433642,-0.8247744940826859,0.970573340133432,Null
3.1860000000000004,-0.07373046875,0.51611328125,0.810546875,-0.285212341179561,-0.883306877533716,0.959931088596881,Null
3.2060000000000004,-0.0634765625,0.50927734375,0.77490234375,-0.451231465149754,-0.910976731528748,0.9248116585262629,Null
3.23,-0.041015625,0.5029296875,0.70361328125,-0.6278928406564971,-0.9631237640578472,0.87160040084351,Null
3.25,-0.03271484375,0.49267578125,0.66015625,-0.764113660324347,-1.03868374996736,0.8354167456192372,Null
3.2710000000000004,-0.0068359375,0.3994140625,0.70654296875,-0.9035271554531621,-1.14829894079383,0.799233090394964,Null
3.2910000000000004,0.044921875,0.35546875,0.78759765625,-0.907784056067782,-1.25472145615934,0.730058455407384,Null
3.3110000000000004,0.04443359375,0.421875,0.7783203125,-0.9056556057604721,-1.3100611641493998,0.67259029711001,Null
3.3310000000000004,0.02392578125,0.44287109375,0.69287109375,-1.06422515365508,-1.36433664698581,0.623635940041876,Null
3.355,0.1083984375,0.3720703125,0.71044921875,-1.1014730340330101,-1.51758506911214,0.481029769452096,Null
3.3760000000000003,0.140625,0.41943359375,0.75146484375,-1.00888544566502,-1.56334675071931,0.35013007555252096,Null
3.3960000000000004,0.1162109375,0.46484375,0.732421875,-1.06422515365508,-1.6559343390873,0.18411095158232899,Null
3.4160000000000004,0.1513671875,0.42431640625,0.6943359375,-1.04506910088929,-1.82621036367212,-0.056403933143719005,Null
3.4360000000000004,0.2900390625,0.43505859375,0.7939453125,-0.9833440419772929,-1.97626611033748,-0.244771785340668,Null
3.4560000000000004,0.3076171875,0.46044921875,0.7958984375,-1.09402345795742,-2.01777089133003,-0.371414578625623,Null
3.4760000000000004,0.23486328125,0.43994140625,0.69873046875,-1.31644651507133,-2.08907397662492,-0.558718205668917,Null
3.4960000000000004,0.24755859375,0.31884765625,0.66650390625,-1.4941721157317298,-2.19123959137581,-0.842866321694823,Null
3.516,0.443359375,0.09130859375,0.82861328125,-1.28984088622996,-2.28063450428283,-1.09189500765011,Null
3.536,0.66357421875,0.04150390625,1.13916015625,-1.1866110463254098,-2.19017536622215,-1.11637218618418,Null
3.556,0.6513671875,0.08837890625,1.1142578125,-1.56653942618028,-1.8826142968158301,-1.02272037266253,Null
3.576,0.48193359375,0.06787109375,0.861328125,-1.9581742827253499,-1.75490727837723,-1.02059192235522,Null
3.597,0.5146484375,-0.025390625,0.646484375,-1.97200920972286,-1.8389810655159802,-1.08657388188184,Null
3.617,0.62744140625,0.021484375,0.60498046875,-1.8325957145940501,-1.8677151446646598,-1.0855096567281801,Null
3.637,0.6591796875,0.07568359375,0.62548828125,-1.71659517284564,-1.92624752811569,-1.04294065058198,Null
3.661,0.69921875,0.11181640625,0.58642578125,-1.7751275562966697,-2.04011961955679,-1.05677557757949,Null
3.682,0.78125,0.0546875,0.49169921875,-2.03160581832755,-2.1731477637636702,-1.1866110463254098,Null
3.702,0.9248046875,0.01806640625,0.50537109375,-2.20294606806601,-2.33065308650462,-1.3622081966784998,Null
3.722,1.0673828125,0.0537109375,0.54345703125,-2.5403054417746698,-2.45303897917496,-1.45479578504649,Null
3.742,1.095703125,0.140625,0.55908203125,-3.1777763088140696,-2.4690023564797796,-1.43989663289532,Null
3.762,1.203125,0.107421875,0.52880859375,-3.95146799552131,-2.50199333624309,-1.4537315598928402,Null
3.782,1.2880859375,-0.0751953125,0.40576171875,-4.151542324408459,-2.34342378834848,-1.5388695721852401,Null
3.802,1.2470703125,-0.12548828125,0.31787109375,-3.78864154701208,-2.09013820177858,-1.6442278623971,Null
3.822,1.16650390625,-0.1708984375,0.30859375,-3.5300348346739,-2.0198993416373403,-1.6559343390873,Null
3.842,1.232421875,-0.15576171875,0.439453125,-3.2086388382700597,-2.2221021208317997,-1.58037435317779,Null
3.862,1.32080078125,-0.125,0.591796875,-2.80210482957382,-2.31256125889249,-1.46969493719766,Null
3.883,1.29541015625,-0.16796875,0.60205078125,-2.4221764497189597,-2.1795331146856003,-1.37285044821505,Null
3.903,1.26513671875,-0.1767578125,0.5380859375,-2.0635325729372003,-2.01244976556175,-1.3068684886884399,Null
3.923,1.248046875,-0.11572265625,0.50390625,-1.93369710419128,-1.7751275562966697,-1.25259300585203,Null
3.9419999999999997,1.19970703125,-0.046875,0.46630859375,-2.21571676990987,-1.46437381142939,-1.16532654325231,Null
3.967,1.16162109375,-0.0458984375,0.447265625,-2.7563431479666503,-1.19086794694003,-1.0354910745063899,Null
3.988,1.14892578125,-0.08251953125,0.439453125,-3.3246393800184704,-0.9365181352164699,-0.896077579377577,Null
4.008,1.12841796875,-0.1259765625,0.39111328125,-3.8450454801558,-0.6523700191905629,-0.7524071836341409,Null
4.0280000000000005,1.10302734375,-0.15673828125,0.3291015625,-4.25690061462032,-0.376735704393898,-0.6310855161174621,Null
4.048,1.07421875,-0.18896484375,0.27490234375,-4.587874637407049,-0.126642793284954,-0.547011728978711,Null
4.072,1.037109375,-0.25048828125,0.224609375,-4.91139908411819,0.14686307120440098,-0.46080949153264894,Null
4.093,1.05029296875,-0.212890625,0.2138671875,-5.09231736023955,0.267120513567425,-0.40440555838892994,Null
4.113,1.01513671875,-0.259765625,0.1279296875,-5.47863109101635,0.42675428661568704,-0.319267546096524,Null
4.133,0.98681640625,-0.3193359375,0.07861328125,-5.65316401621578,0.528919901366574,-0.241579109879703,Null
4.1530000000000005,0.970703125,-0.3994140625,0.0625,-5.56909022907703,0.5895807351249139,-0.16708334912384698,Null
4.173,0.97119140625,-0.494140625,0.0458984375,-5.16894157130272,0.595966086046844,-0.11280786628743801,Null
4.1930000000000005,0.96435546875,-0.5029296875,0.0458984375,-4.479323671734231,0.578938483588363,-0.09471603867530198,Null
4.213,0.919921875,-0.5087890625,0.0478515625,-3.88548603599469,0.5459475038250561,-0.075559985909511,Null
4.2330000000000005,0.92333984375,-0.5712890625,0.06103515625,-3.25972164564551,0.41717626023279103,-0.061725058911995,Null
4.253,0.96533203125,-0.57861328125,0.09326171875,-2.40834152272144,0.27244163933570004,-0.04895435706813401,Null
4.273,0.93994140625,-0.51953125,0.10107421875,-1.5771816777168302,0.20752390496273998,-0.017027602458481002,Null
4.294,0.912109375,-0.4462890625,0.1259765625,-1.08231698126722,0.11280786628743801,0.028734079148687,Null
4.314,0.93212890625,-0.470703125,0.1396484375,-0.87160040084351,-0.019156052765792,0.08726646259971699,Null
4.333999999999991,0.994140625,-0.43505859375,0.15771484375,-0.6044798872760849,-0.122385892670334,0.139413495128815,Null
4.357999999999991,0.98681640625,-0.42236328125,0.13427734375,-0.47570864368382,-0.121321667516679,0.223487282267567,Null
4.37799999999999,0.94970703125,-0.41162109375,0.134765625,-0.31501064548190305,-0.119193217209369,0.28840501664052604,Null
4.39899999999999,0.94677734375,-0.41259765625,0.14404296875,-0.21071658042370603,-0.150055746665366,0.33097402278673,Null
4.418999999999991,0.9443359375,-0.4345703125,0.13671875,-0.06491773437296,-0.170276024584813,0.36077232708907203,Null
4.43899999999999,0.93994140625,-0.4111328125,0.14794921875,0.20965235527005102,-0.18304672642867398,0.36928612831831203,Null
4.458999999999991,0.947265625,-0.35693359375,0.1689453125,0.36077232708907203,-0.20113855404081,0.38631373077679404,Null
4.477999999999991,0.95556640625,-0.28564453125,0.2001953125,0.226679957728532,-0.20113855404081,0.407598233849895,Null
4.498999999999991,0.94482421875,-0.33056640625,0.1748046875,-0.139413495128815,-0.19156052765791398,0.44058921361320297,Null
4.51899999999999,0.95751953125,-0.36083984375,0.166015625,-0.260735162645494,-0.20007432888715498,0.44803878968878796,Null
4.538999999999991,0.98583984375,-0.33203125,0.17529296875,-0.30649684425266305,-0.188367852196949,0.45229569030340905,Null
4.55899999999999,0.98388671875,-0.36572265625,0.14599609375,-0.44803878968878796,-0.148991521511711,0.47038751791554495,Null
4.578999999999991,0.9775390625,-0.36328125,0.1416015625,-0.399084432620655,-0.116000541748404,0.454424140610719,Null
4.59899999999999,0.9599609375,-0.328125,0.15966796875,-0.36609345285734707,-0.08300956198509599,0.42994696207665206,Null
4.61999999999999,0.94873046875,-0.353515625,0.1513671875,-0.37247880377927794,-0.084073787138751,0.40440555838892994,Null
4.639999999999991,0.94384765625,-0.32958984375,0.154296875,-0.254349811723564,-0.08300956198509599,0.35013007555252096,Null
4.663999999999991,0.92431640625,-0.30859375,0.15869140625,-0.30117571848438696,-0.074495760755856,0.300111493330732,Null
4.68399999999999,0.9267578125,-0.3125,0.16015625,-0.518277649830024,-0.086202237446062,0.290533466947837,Null
4.70499999999999,0.9296875,-0.36181640625,0.13134765625,-0.681104098339251,-0.11280786628743801,0.26818473872107995,Null
4.724999999999991,0.94384765625,-0.37939453125,0.095703125,-0.692810575029456,-0.10216561475088799,0.21816615649929103,Null
4.74499999999999,0.95068359375,-0.4072265625,0.07080078125,-0.6044798872760849,-0.065981959526615,0.18411095158232899,Null
4.7639999999999905,0.947265625,-0.3916015625,0.07470703125,-0.531048351673884,-0.019156052765792,0.156441097587297,Null
4.788999999999991,0.9287109375,-0.380859375,0.07421875,-0.571488907512777,-0.003192675460965,0.135156594514195,Null
4.809999999999991,0.9306640625,-0.390625,0.0732421875,-0.595966086046844,-0.007449576075585999,0.123450117823989,Null
4.82999999999999,0.92578125,-0.39208984375,0.068359375,-0.635342416732082,-0.00638535092193,0.117064766902059,Null
4.849999999999991,0.92041015625,-0.4296875,0.052734375,-0.6523700191905629,-0.013834926997516001,0.097908714136267,Null
4.86999999999999,0.91943359375,-0.46044921875,0.0322265625,-0.4991215970642321,-0.026605628841377002,0.06704618468026999,Null
4.889999999999991,0.9267578125,-0.4638671875,0.0283203125,-0.21816615649929103,-0.044697456453513,0.032990979763308,Null
4.90999999999999,0.93017578125,-0.43603515625,0.0390625,0.034055204916963,-0.052147032529099004,-0.003192675460965,Null
4.929999999999991,0.93310546875,-0.39990234375,0.05859375,0.11280786628743801,-0.057468158297374,-0.030862529455997004,Null
4.94999999999999,0.93701171875,-0.3876953125,0.0673828125,0.019156052765792,-0.058532383451029006,-0.040440555838893,Null
4.969999999999991,0.93505859375,-0.40625,0.06103515625,-0.09152336321433699,-0.056403933143719005,-0.039376330685238,Null
4.98999999999999,0.9345703125,-0.40966796875,0.05517578125,-0.14473462089709102,-0.052147032529099004,-0.036183655224273,Null
5.01099999999999,0.93505859375,-0.40185546875,0.05615234375,-0.234129533804117,-0.043633231299858,-0.025541403687721998,Null
5.03099999999998,0.9345703125,-0.42578125,0.046875,-0.37460725408658796,-0.037247880377928,-0.012770701843860999,Null
5.050999999999981,0.935546875,-0.4443359375,0.0322265625,-0.41398358477182595,-0.037247880377928,-0.00212845030731,Null
5.07099999999998,0.935546875,-0.4609375,0.01611328125,-0.39482753200603404,-0.037247880377928,0.017027602458481002,Null
5.090999999999981,0.9345703125,-0.46826171875,0.01171875,-0.345873174937901,-0.036183655224273,0.036183655224273,Null
5.11099999999998,0.92724609375,-0.455078125,0.02734375,-0.307561069406318,-0.042569006146202994,0.050018582221788996,Null
5.130999999999981,0.9248046875,-0.45947265625,0.0244140625,-0.36928612831831203,-0.06278928406565,0.076624211063166,Null
5.15099999999998,0.93212890625,-0.4736328125,-0.00244140625,-0.46080949153264894,-0.08194533683144099,0.114936316594749,Null
5.170999999999981,0.92822265625,-0.4775390625,-0.02978515625,-0.572553132666432,-0.09045913806068198,0.171340249738468,Null
5.19099999999998,0.9169921875,-0.4970703125,-0.04052734375,-0.690682124722146,-0.11280786628743801,0.23200108349680698,Null
5.210999999999981,0.9189453125,-0.5185546875,-0.041015625,-0.740700706943935,-0.156441097587297,0.285212341179561,Null
5.231999999999981,0.9140625,-0.5341796875,-0.05322265625,-0.6917463498758011,-0.19368897796522402,0.336295148555005,Null
5.255999999999981,0.89794921875,-0.5244140625,-0.06396484375,-0.554461305054296,-0.225615732574877,0.376735704393898,Null
5.27599999999998,0.8916015625,-0.513671875,-0.06591796875,-0.443781889074168,-0.264992063260115,0.39695598231334395,Null
5.295999999999981,0.89306640625,-0.5107421875,-0.06298828125,-0.379928379854863,-0.292661917255147,0.387377955930449,Null
5.316999999999981,0.8916015625,-0.4990234375,-0.060546875,-0.34480894978424603,-0.302239943638043,0.37460725408658796,Null
5.33699999999998,0.89111328125,-0.49609375,-0.06298828125,-0.334166698247695,-0.30649684425266305,0.36928612831831203,Null
5.356999999999981,0.89697265625,-0.47900390625,-0.0654296875,-0.346937400091556,-0.303304168791697,0.36396500255003705,Null
5.380999999999981,0.90087890625,-0.48095703125,-0.12060546875,-0.650241568883253,-0.292661917255147,0.395891757159689,Null
5.400999999999981,0.904296875,-0.49169921875,-0.15234375,-1.02697727327715,-0.322460221557489,0.45868104122533904,Null
5.421999999999981,0.90673828125,-0.55224609375,-0.2197265625,-1.42074058012953,-0.395891757159689,0.533176801981195,Null
5.441999999999981,0.89208984375,-0.654296875,-0.2255859375,-1.6325213857068899,-0.49805737191057703,0.6076725627370501,Null
5.461999999999981,0.8701171875,-0.7158203125,-0.26611328125,-1.61442955809475,-0.597030311200499,0.733251130868349,Null
5.485999999999981,0.85791015625,-0.70849609375,-0.3916015625,-1.64742053785806,-0.7066455020269731,0.88011420207275,Null
5.505999999999981,0.84619140625,-0.75048828125,-0.49267578125,-1.8570728931281102,-0.87585730145813,1.0142065714332902,Null
5.526999999999981,0.84912109375,-0.8271484375,-0.50439453125,-2.15186326069057,-1.1227575371061103,1.21002399970582,Null
5.546999999999981,0.85693359375,-0.83740234375,-0.49462890625,-2.5254062896235,-1.36752932244678,1.4601169108147702,Null
5.566999999999981,0.8447265625,-0.78662109375,-0.56396484375,-2.8297746835688597,-1.5644109758729698,1.62932871024593,Null
5.585999999999981,0.81005859375,-0.80908203125,-0.67529296875,-2.91704114616857,-1.80066895998439,1.74532925199433,Null
5.605999999999981,0.78515625,-0.88916015625,-0.8115234375,-2.6148012025305296,-2.0943951023932,1.82088923790384,Null
5.626999999999981,0.7841796875,-0.880859375,-0.9130859375,-1.91241260111818,-2.42536912517992,1.84962331705253,Null
5.646999999999981,0.79833984375,-0.83984375,-0.94970703125,-1.2674921580032,-2.7584715982739705,1.8538802176671498,Null
5.666999999999981,0.779296875,-0.79150390625,-0.90625,-0.722608879331799,-3.0138856351511802,1.8059900857526698,Null
5.68699999999997,0.7119140625,-0.74755859375,-0.873046875,-0.21816615649929103,-3.1788405339677204,1.73149432499681,Null
5.7069999999999705,0.65625,-0.7626953125,-0.9169921875,0.38631373077679404,-3.3182540290965403,1.62826448509227,Null
5.7279999999999704,0.61279296875,-0.796875,-0.9931640625,1.31218961445671,-3.45021794814977,1.5080070427292498,Null
5.74799999999997,0.5498046875,-0.76318359375,-0.96142578125,2.65630598352308,-3.54706243713238,1.3622081966784998,Null
5.7679999999999705,0.48974609375,-0.63037109375,-0.83984375,4.21965273424239,-3.5875029929712703,1.1983175230156202,Null
5.7919999999999705,0.44970703125,-0.5849609375,-0.7734375,6.38535092193047,-3.59920946966148,0.9439677112920551,Null
5.81199999999997,0.40576171875,-0.578125,-0.69921875,8.25413029174879,-3.5949525690468596,0.644920443114978,Null
5.83299999999997,0.328125,-0.59716796875,-0.6103515625,10.4751681874269,-3.60453059542975,0.401212882927965,Null
5.8529999999999704,0.29931640625,-0.65185546875,-0.6435546875,13.016537854355303,-3.6673198794954,0.31820332094286896,Null
5.87299999999997,0.35107421875,-0.60546875,-0.8359375,16.4486639748929,-3.6247508733492007,0.31501064548190305,Null
5.8929999999999705,0.376953125,-0.58544921875,-1.21240234375,20.896060892017502,-3.1788405339677204,0.6917463498758011,Null
5.91299999999997,0.43212890625,0.48193359375,-0.92236328125,21.5675869639738,-2.53392009085274,1.44628198381725,Null
5.93399999999997,0.294921875,1.64794921875,-0.0166015625,14.879996098405302,-2.2699922527462797,1.76448530476012,Null
5.95399999999997,0.0693359375,3.08740234375,0.9208984375,2.45516742948227,-2.1007804533151297,0.9588668634432259,Null
5.97399999999997,0.1826171875,2.10107421875,0.65869140625,-5.19448297499044,-1.75916417899185,0.238386434418738,Null
5.9939999999999705,0.201171875,1.05419921875,0.87255859375,-8.11258834631267,-1.21640935062776,-0.8151964676997909,Null
6.01399999999997,0.41162109375,0.70263671875,1.052734375,-11.904422568785698,-0.47570864368382,-1.47395183781228,Null
6.0339999999999705,0.658203125,0.68017578125,0.44677734375,-16.641288727704502,0.883306877533716,-1.11850063649149,Null
6.05399999999997,0.7041015625,0.34423828125,-0.8857421875,-20.4565359035579,2.30404745766325,0.39802020746699995,Null
6.0739999999999705,0.544921875,-0.02587890625,-2.1064453125,-23.0681444306275,3.04049126399256,2.04118384471044,Null
6.09399999999997,0.2216796875,-0.86376953125,-3.09033203125,-22.4796279206562,3.1745836333531,2.95109635108553,Null
6.113999999999971,-0.2333984375,-2.34814453125,-2.97705078125,-13.8796244539695,2.3242677355826897,2.50199333624309,Null
6.1349999999999705,-0.06689453125,-2.77685546875,-1.67529296875,-2.9702524038513305,0.8747930763044749,2.0731105993200902,Null
6.15499999999997,0.3203125,-1.0859375,-1.04833984375,3.54919088743969,0.338423598862315,1.32921721691519,Null
6.17899999999997,0.04833984375,0.2734375,-0.880859375,2.07417482447375,-0.19049630250425897,0.636406641885737,Null
6.1989999999999705,0.0927734375,-0.5947265625,-1.01123046875,-1.6995675703871598,-0.5640393314371921,0.152184196972676,Null
6.21899999999997,0.01708984375,-1.0322265625,-0.92529296875,-1.7240447489212298,-0.5906449602785689,-0.20326700434811998,Null
6.23999999999997,-0.00439453125,-0.95458984375,-0.75439453125,0.154312647279986,-0.702388601412352,-0.47677286883747494,Null
6.2599999999999705,0.00732421875,-0.6533203125,-0.5771484375,1.1472347156401799,-0.791783514319379,-0.547011728978711,Null
6.278999999999971,0.01904296875,-0.5888671875,-0.578125,0.5853238345102929,-0.7438933824049,-0.483158219759406,Null
6.30399999999997,0.03955078125,-0.716796875,-0.65625,-0.29372614240880196,-0.5991587615078101,-0.377799929547553,Null
6.3239999999999705,0.03564453125,-0.8154296875,-0.6865234375,-0.663012270727114,-0.446974564535133,-0.256478262030874,Null
6.34499999999997,0.03173828125,-0.82080078125,-0.63232421875,-0.5076353982934729,-0.35332275101348604,-0.13622081966785002,Null
6.36499999999997,0.037109375,-0.76416015625,-0.603515625,-0.297983043023422,-0.29372614240880196,-0.028734079148687,Null
6.38499999999996,0.04443359375,-0.7529296875,-0.61767578125,-0.250092911108944,-0.238386434418738,0.013834926997516001,Null
6.404999999999959,0.04345703125,-0.76611328125,-0.65478515625,-0.222423057113912,-0.18198250127501897,0.009578026382896,Null
6.42499999999996,0.03662109375,-0.7548828125,-0.681640625,-0.055339707990064005,-0.139413495128815,-0.00212845030731,Null
6.44599999999996,0.05078125,-0.7109375,-0.68017578125,0.077688436216821,-0.127707018438609,-0.00212845030731,Null
6.465999999999959,0.0517578125,-0.70166015625,-0.67138671875,0.09471603867530198,-0.10322983990454301,-0.001064225153655,Null
6.48599999999996,0.06005859375,-0.70458984375,-0.66552734375,0.04682590676082401,-0.07130308529489,-0.003192675460965,Null
6.505999999999959,0.0537109375,-0.72509765625,-0.732421875,-0.072367310448545,-0.029798304302342003,-0.007449576075585999,Null
6.52599999999996,0.052734375,-0.72216796875,-0.7529296875,-0.10322983990454301,-0.018091827612136003,-0.00212845030731,Null
6.54699999999996,0.0419921875,-0.708984375,-0.73291015625,-0.10216561475088799,-0.015963377304826,0.023412953380412004,Null
6.566999999999959,0.02197265625,-0.7421875,-0.74169921875,-0.052147032529099004,-0.023412953380412004,0.044697456453513,Null
6.585999999999959,-0.0068359375,-0.83154296875,-0.83349609375,0.19156052765791398,-0.057468158297374,0.014899152151171002,Null
6.61099999999996,-0.0595703125,-1.31201171875,-1.158203125,2.10503735392975,-0.26818473872107995,-0.27669853995032107,Null
6.630999999999959,-0.08740234375,-2.013671875,-1.46728515625,6.17889124212139,-0.588516509971259,-0.73537958117566,Null
6.651999999999959,-0.119140625,-2.66064453125,-2.1474609375,14.1808001724539,-1.13127133833535,-1.35156594514195,Null
6.67199999999996,0.01123046875,-1.8623046875,-3.7265625,25.238099518930202,-2.12206495638823,-1.92305485265473,Null
6.691999999999959,0.07470703125,1.43701171875,-3.63671875,32.734501501276604,-2.11248693000533,-2.01777089133003,Null
6.71199999999996,-0.0791015625,3.333984375,-0.4287109375,28.6723540897751,-1.73787967591874,-0.8364809707728921,Null
6.731999999999959,0.36669921875,3.68994140625,1.7490234375,11.156272285766198,-1.56015407525835,0.39482753200603404,Null
6.752999999999959,0.5224609375,1.13916015625,1.0947265625,-5.86388059663949,-0.953545737674951,1.4718233875049698,Null
6.77299999999996,0.10888671875,-0.5556640625,1.07763671875,-7.364438063293151,-0.00425690061462,1.11317951072321,Null
6.79699999999996,0.27001953125,0.48828125,1.623046875,-6.59926017781514,-0.14047772028247002,0.04150478099254799,Null
6.816999999999959,0.56494140625,1.20458984375,0.9013671875,-12.5706275149738,0.26179938779914896,-0.04789013191447901,Null
6.83699999999996,0.39599609375,0.900390625,-0.6884765625,-19.846734890513602,1.2515287806983701,1.26429948254223,Null
6.85799999999996,0.03125,0.68310546875,-2.31005859375,-25.165732208481604,1.89432077350604,3.05326196583642,Null
6.877999999999959,-0.1533203125,-0.3818359375,-3.525390625,-25.868120809894,1.7506503777626101,3.6886043825685,Null
6.89799999999996,-0.62060546875,-3.12255859375,-3.41845703125,-19.4316870805881,1.29090511138361,2.9585459271611203,Null
6.91699999999996,-0.36083984375,-3.2021484375,-1.50927734375,-5.670191618674259,0.072367310448545,2.19230381652946,Null
6.93799999999996,0.24755859375,-0.728515625,-0.5205078125,3.57792496658838,-0.446974564535133,1.36646509729312,Null
6.957999999999959,-0.13134765625,0.521484375,-0.4599609375,4.04618403419661,-0.175597150353088,0.717287753563523,Null
6.97799999999996,-0.103515625,0.1640625,-0.69091796875,0.379928379854863,-0.474644418530165,0.229872633189497,Null
6.997999999999959,-0.05126953125,-0.8271484375,-0.91748046875,-1.6655123654702,-0.602351436968775,0.050018582221788996,Null
7.01799999999996,-0.06640625,-1.07080078125,-0.89892578125,-0.6555626946515289,-0.522534550444644,-0.249028685955288,Null
7.037999999999959,-0.0751953125,-0.71533203125,-0.716796875,1.04506910088929,-0.46825906760823494,-0.454424140610719,Null
7.05799999999995,-0.06396484375,-0.37548828125,-0.59033203125,1.27281328377147,-0.474644418530165,-0.389506406237759,Null
7.07799999999995,-0.0439453125,-0.53173828125,-0.63232421875,0.192624752811569,-0.453359915457064,-0.28946924179418104,Null
7.09799999999995,-0.04736328125,-0.77685546875,-0.72802734375,-0.521470325290989,-0.358643876781762,-0.21710193134563602,Null
7.11799999999995,-0.05322265625,-0.81640625,-0.72314453125,-0.20645967980908497,-0.264992063260115,-0.12557856813129903,Null
7.13799999999995,-0.0537109375,-0.67822265625,-0.6513671875,0.321395996403834,-0.21497348103832603,-0.003192675460965,Null
7.15899999999995,-0.05322265625,-0.59765625,-0.626953125,0.225615732574877,-0.175597150353088,0.08194533683144099,Null
7.17899999999995,-0.06640625,-0.6640625,-0.666015625,-0.150055746665366,-0.124514342977644,0.122385892670334,Null
7.19899999999995,-0.06640625,-0.7158203125,-0.70458984375,-0.222423057113912,-0.076624211063166,0.148991521511711,Null
7.22299999999995,-0.06982421875,-0.69873046875,-0.705078125,0.04150478099254799,0.00212845030731,0.128771243592265,Null
7.24299999999995,-0.072265625,-0.61865234375,-0.66650390625,0.017027602458481002,0.026605628841377002,0.118128992055714,Null
7.26399999999995,-0.07275390625,-0.61767578125,-0.69091796875,-0.20113855404081,0.043633231299858,0.121321667516679,Null
7.28399999999995,-0.07421875,-0.67626953125,-0.73974609375,-0.28201966571859605,0.057468158297374,0.09258758836799198,Null
7.30399999999995,-0.08154296875,-0.6982421875,-0.76123046875,-0.19794587857984502,0.06491773437296,0.045761681607168,Null
7.32399999999995,-0.0888671875,-0.67041015625,-0.75927734375,-0.118128992055714,0.04682590676082401,0.011706476690206002,Null
7.34399999999995,-0.0830078125,-0.60693359375,-0.73583984375,-0.223487282267567,0.013834926997516001,0.012770701843860999,Null
7.36399999999995,-0.0791015625,-0.599609375,-0.70751953125,-0.481029769452096,0.0,0.04150478099254799,Null
7.38399999999995,-0.09521484375,-0.666015625,-0.759765625,-0.60128721181512,0.012770701843860999,0.056403933143719005,Null
7.40399999999995,-0.12109375,-0.77685546875,-0.83203125,-0.19368897796522402,0.024477178534067005,0.017027602458481002,Null
7.42399999999995,-0.14697265625,-0.939453125,-0.91796875,0.9971789689748091,-0.025541403687721998,-0.10961519082647302,Null
7.44399999999995,-0.15869140625,-1.12744140625,-1.04833984375,3.14904222966538,-0.18304672642867398,-0.35332275101348604,Null
7.46499999999995,-0.18408203125,-1.64404296875,-1.2939453125,7.20906119085951,-0.485286670066716,-0.7694347860926222,Null
7.48499999999995,-0.25390625,-2.24169921875,-1.8095703125,14.700142047437598,-0.94716038675302,-1.37923579913698,Null
7.50899999999995,-0.2236328125,-1.65673828125,-3.57275390625,24.9092539464508,-1.68360419308234,-2.0284131428665804,Null
7.52899999999995,-0.09423828125,1.5703125,-3.48974609375,32.0608469790129,-1.8570728931281102,-2.34235956319483,Null
7.54899999999995,-0.24072265625,3.7529296875,-0.265625,27.5389543011325,-1.49842901634635,-1.6367782863215101,Null
7.56999999999995,0.22021484375,4.1875,2.08349609375,9.073583660063198,-1.4324470568197398,-0.43633231299858205,Null
7.58999999999995,0.39404296875,1.228515625,1.28955078125,-10.653958013241,-1.28451976046168,1.4090341034393201,Null
7.60999999999995,0.2119140625,-0.8369140625,0.53173828125,-14.7980507615739,-0.511892298908093,1.6740261666994398,Null
7.62999999999995,0.2841796875,-0.099609375,0.28857421875,-13.264502315156902,0.179854050967708,0.572553132666432,Null
7.64999999999994,0.12548828125,0.48486328125,-0.36865234375,-15.9069733716825,1.06954627942335,0.7545356339414508,Null
7.66999999999994,-0.05078125,-0.17724609375,-1.58544921875,-20.701307688898602,1.37710734882967,2.21358831960256,Null
7.68999999999994,-0.2587890625,-2.6484375,-2.74658203125,-19.232676976854602,1.30367581322747,2.55733304423315,Null
7.7099999999999405,-0.55419921875,-5.994140625,-2.5859375,-4.73793038407241,1.06209670334777,1.3590155212175399,Null
7.72999999999994,-0.181640625,-3.29736328125,-3.0400390625,16.1815434613255,-0.194753203118879,-0.687489449261181,Null
7.7499999999999405,-0.11572265625,0.92236328125,-3.01513671875,27.9412314092141,-1.0312341738917699,-2.0943951023932,Null
7.76999999999994,-0.0986328125,2.39990234375,-0.7783203125,25.2029800888596,-1.1174364113378301,-1.62187913417034,Null
7.7899999999999405,0.28466796875,3.18115234375,2.2373046875,12.814335075160802,-0.7513429584804859,-0.321395996403834,Null
7.80999999999994,0.3564453125,1.916015625,1.98291015625,-6.632251157578451,-0.290533466947837,1.5707963267949,Null
7.829999999999941,-0.10546875,-0.2958984375,0.04296875,-17.2478970652879,0.179854050967708,2.7680496246568596,Null
7.84999999999994,-0.15478515625,-0.55615234375,-0.42236328125,-16.4720769282733,0.26924896387473496,2.37535054295814,Null
7.869999999999941,-0.08056640625,0.017578125,-0.6708984375,-16.168772759481598,0.481029769452096,1.9634954084936203,Null
7.88999999999994,-0.29736328125,-1.25439453125,-1.74072265625,-16.5923343706363,0.5108280737544381,1.9741376600301699,Null
7.909999999999941,-0.5458984375,-5.1435546875,-2.6181640625,-6.83764661223388,0.050018582221788996,1.37391467336871,Null
7.92999999999994,-0.2353515625,-4.17529296875,-3.02783203125,13.0942262905721,-0.7619852100170369,-0.379928379854863,Null
7.949999999999941,-0.1728515625,0.404296875,-3.83056640625,28.4265180792808,-0.5853238345102929,-2.76698539950321,Null
7.96999999999994,-0.1513671875,2.14306640625,-3.39404296875,33.2570360517212,-0.164954898816537,-2.9266191725514705,Null
8.02999999999994,0.19775390625,0.02294921875,0.94140625,-11.576641221460001,-0.19794587857984502,1.64742053785806,Null
8.06999999999994,-0.02099609375,-0.18896484375,1.1220703125,-8.833068775337159,-0.5619108811298821,0.5523328547469859,Null
8.089999999999941,-0.080078125,0.771484375,0.458984375,-13.032501231660099,-0.504442722832507,0.435268087844927,Null
8.134999999999941,-0.26123046875,-1.11767578125,-1.61474609375,-19.650917462241,-0.07130308529489,2.5456265675429504,Null
8.15499999999994,-0.181640625,-1.88330078125,-1.5302734375,-14.924693554858802,0.377799929547553,1.37391467336871,Null
8.17499999999994,-0.06591796875,-2.36669921875,-1.2587890625,-8.92778481401246,0.974830240748052,0.450167239996098,Null
8.25499999999994,0.02294921875,-0.6044921875,-0.56591796875,1.01101389597233,0.49805737191057703,0.27457008964301,Null
8.27499999999993,-0.0185546875,-0.7900390625,-0.71826171875,-1.1972532978619599,0.48422244491306105,0.08939491290702699,Null
8.294999999999929,-0.0703125,-1.10400390625,-0.76611328125,-1.5984661807899299,0.46293794183995896,0.06491773437296,Null
8.31499999999993,-0.06689453125,-1.140625,-0.7099609375,-0.27989121541128603,0.28308389087225105,0.10748674051916302,Null
8.33499999999993,-0.05419921875,-0.94677734375,-0.5986328125,0.926940108833574,0.158569547894607,0.06704618468026999,Null
8.35499999999993,-0.0625,-0.771484375,-0.52734375,1.2057670990912,0.127707018438609,0.042569006146202994,Null
8.374999999999929,-0.0576171875,-0.71826171875,-0.5205078125,0.7438933824049,0.121321667516679,0.053211257682754004,Null
8.39499999999993,-0.0517578125,-0.77587890625,-0.53076171875,0.09897293928992199,0.13834926997516,0.044697456453513,Null
8.41499999999993,-0.05419921875,-0.86474609375,-0.53466796875,-0.230936858343152,0.150055746665366,0.024477178534067005,Null
8.438999999999929,-0.05419921875,-0.8798828125,-0.51611328125,-0.14047772028247002,0.10429406505819801,0.008513801229241,Null
8.45899999999993,-0.05517578125,-0.88134765625,-0.5185546875,-0.012770701843860999,0.038312105531583,0.013834926997516001,Null
8.47999999999993,-0.048828125,-0.865234375,-0.52734375,0.026605628841377002,0.013834926997516001,0.0,Null
8.51999999999993,-0.04541015625,-0.85693359375,-0.529296875,-0.09897293928992199,0.050018582221788996,0.025541403687721998,Null
8.53999999999993,-0.0517578125,-0.8740234375,-0.5234375,-0.18411095158232899,0.052147032529099004,0.052147032529099004,Null
8.55999999999993,-0.044921875,-0.8994140625,-0.5361328125,-0.170276024584813,0.029798304302342003,0.05959660860468499,Null
8.579999999999929,-0.0458984375,-0.91455078125,-0.54248046875,-0.00425690061462,0.019156052765792,0.045761681607168,Null
8.59999999999993,-0.04443359375,-0.87939453125,-0.5283203125,0.21923038165294603,0.012770701843860999,0.023412953380412004,Null
8.61999999999993,-0.03759765625,-0.8203125,-0.49169921875,0.233065308650462,0.008513801229241,0.018091827612136003,Null
8.63999999999993,-0.03759765625,-0.83056640625,-0.49609375,0.00425690061462,0.018091827612136003,0.025541403687721998,Null
8.659999999999929,-0.03857421875,-0.87255859375,-0.5126953125,-0.13196391905323,0.026605628841377002,0.040440555838893,Null
8.67999999999993,-0.041015625,-0.89599609375,-0.529296875,-0.08726646259971699,0.038312105531583,0.044697456453513,Null
8.69999999999993,-0.0439453125,-0.8740234375,-0.517578125,0.014899152151171002,0.04895435706813401,0.034055204916963,Null
8.71999999999993,-0.04296875,-0.85400390625,-0.51708984375,0.038312105531583,0.045761681607168,0.029798304302342003,Null
8.74099999999993,-0.03759765625,-0.84375,-0.5205078125,-0.04682590676082401,0.034055204916963,0.039376330685238,Null
8.76099999999993,-0.04150390625,-0.86279296875,-0.52587890625,-0.152184196972676,0.027669853995032002,0.039376330685238,Null
8.77999999999993,-0.04150390625,-0.869140625,-0.5390625,-0.15111997181902098,0.012770701843860999,0.036183655224273,Null
8.800999999999929,-0.04345703125,-0.8779296875,-0.54296875,-0.079816886524131,0.005321125768275,0.031926754609652,Null
8.82099999999993,-0.0439453125,-0.83935546875,-0.5302734375,-0.00425690061462,0.00638535092193,0.019156052765792,Null
8.84099999999993,-0.044921875,-0.81640625,-0.52294921875,-0.10642251536550801,0.008513801229241,0.025541403687721998,Null
8.86099999999993,-0.044921875,-0.83935546875,-0.53076171875,-0.28308389087225105,0.00638535092193,0.022348728226757004,Null
8.88099999999993,-0.0458984375,-0.86865234375,-0.5439453125,-0.321395996403834,0.001064225153655,0.019156052765792,Null
8.90199999999993,-0.046875,-0.87841796875,-0.55615234375,-0.19049630250425897,-0.00425690061462,0.012770701843860999,Null
8.92199999999993,-0.0419921875,-0.8359375,-0.53857421875,-0.036183655224273,-0.010642251536551002,0.00638535092193,Null
8.94199999999993,-0.03955078125,-0.80224609375,-0.5205078125,-0.079816886524131,-0.008513801229241,0.015963377304826,Null
8.96099999999993,-0.0390625,-0.80908203125,-0.53173828125,-0.291597692101492,0.00425690061462,0.031926754609652,Null
8.98599999999993,-0.041015625,-0.81884765625,-0.54833984375,-0.533176801981195,0.034055204916963,0.04682590676082401,Null
9.00699999999993,-0.041015625,-0.80615234375,-0.55859375,-0.638535092193047,0.04682590676082401,0.06704618468026999,Null
9.02699999999993,-0.04248046875,-0.76953125,-0.5576171875,-0.87160040084351,0.05959660860468499,0.078752661370476,Null
9.04699999999993,-0.05859375,-0.90625,-0.64892578125,-0.658755370112494,0.055339707990064005,0.019156052765792,Null
9.06699999999993,-0.08984375,-1.35498046875,-0.9423828125,1.37604312367602,-0.050018582221788996,-0.159633773048262,Null
9.08699999999993,-0.12939453125,-2.0048828125,-1.37109375,6.36725909431834,-0.319267546096524,-0.49486469644961206,Null
9.10699999999993,-0.20556640625,-2.5634765625,-1.67333984375,14.93959270701,-0.842866321694823,-1.1759687947888602,Null
9.12699999999992,-0.12841796875,-2.037109375,-2.35791015625,24.2579481524139,-1.51439239365118,-1.63039293539958,Null
9.14699999999992,0.07275390625,0.724609375,-2.375,26.923832162319798,-1.0163350217406,-1.4686307120440099,Null
9.16699999999992,-0.29736328125,2.2626953125,-0.42236328125,18.970877589055398,-0.858829698999649,-0.9258758836799191,Null
9.18699999999992,0.05078125,3.49853515625,2.04931640625,0.47251596822285497,-0.9652522143651571,-0.485286670066716,Null
9.20799999999992,0.416015625,2.16015625,1.390625,-16.6221326749387,-0.491672020988646,1.5920808298679998,Null
9.22799999999992,0.09033203125,-0.25146484375,-0.29638671875,-20.018075140251998,0.117064766902059,2.60948007676225,Null
9.24799999999992,-0.06787109375,-0.740234375,-0.99267578125,-17.7448902120448,0.42036893569375605,1.86877936981832,Null
9.26799999999992,-0.052734375,-0.66650390625,-1.39892578125,-16.2432685202375,0.772627461553587,1.48140141388787,Null
9.29199999999992,-0.40478515625,-4.62939453125,-2.06494140625,-9.43648443745959,0.774755911860898,1.04294065058198,Null
9.31299999999992,-0.27978515625,-4.43408203125,-1.8779296875,8.39567223718492,0.026605628841377002,-0.39695598231334395,Null
9.33299999999992,-0.03125,-0.4375,-2.38330078125,22.8552993998965,-0.43952498845954796,-2.2646711269780098,Null
9.35299999999992,-0.2041015625,1.68359375,-1.26025390625,25.5946149454047,-0.421433160847411,-2.11993650608092,Null
9.37299999999992,-0.0498046875,3.669921875,1.83056640625,16.3262780822226,-1.0780600806526,-0.7321869057146941,Null
9.39299999999992,0.39794921875,3.0654296875,1.84130859375,-6.51731484098371,-0.8396736462338571,0.40227710808162,Null
9.41299999999992,0.083984375,-0.044921875,-0.73876953125,-21.8645057818436,-0.192624752811569,2.6371499307572903,Null
9.43299999999992,-0.23828125,-1.28466796875,-1.6416015625,-20.8056017539568,0.21390925588467102,2.95641747685381,Null
9.45299999999992,-0.1162109375,-2.25537109375,-1.91357421875,-14.7214265505107,0.36077232708907203,1.5707963267949,Null
9.47299999999992,-0.40869140625,-4.8876953125,-2.04638671875,-4.14302852317922,0.504442722832507,0.842866321694823,Null
9.49299999999992,-0.28125,-3.27783203125,-2.00439453125,12.7174905861782,-0.18943207735060397,-0.608736787890705,Null
9.51299999999992,-0.1513671875,0.4501953125,-2.158203125,23.8854693486346,-0.242643335033358,-2.48177305832364,Null
9.53299999999992,-0.11474609375,2.43505859375,-0.85205078125,25.512669608573198,-0.33310247309403995,-2.10503735392975,Null
9.55399999999992,0.0107421875,4.23681640625,2.59521484375,13.881752904276901,-0.6598195952661489,-0.489543570681336,Null
9.57399999999992,0.31982421875,2.35791015625,1.4150390625,-11.8948445424028,-0.506571173139818,1.23237272793258,Null
9.59799999999992,0.06640625,-0.5244140625,-1.197265625,-23.967414685466,0.130899693899575,2.72760906881797,Null
9.61899999999992,-0.115234375,-1.30712890625,-1.392578125,-19.906331499118302,0.633213966424772,2.44239672763841,Null
9.63899999999992,-0.12451171875,-0.6865234375,-1.13818359375,-15.6185683550419,1.04294065058198,1.4452177586636001,Null
9.65899999999992,-0.20947265625,-1.46728515625,-1.40087890625,-13.7625596870675,1.05251867696487,1.2515287806983701,Null
9.67899999999992,-0.2294921875,-2.2421875,-1.166015625,-7.9476334474961305,0.8279671695436519,1.02910572358446,Null
9.70299999999992,-0.15283203125,-1.400390625,-0.6787109375,1.622943359324,0.685360998953871,0.18304672642867398,Null
9.72399999999992,-0.05322265625,-0.79443359375,-0.607421875,4.39631410974913,0.549140179286021,-0.226679957728532,Null
9.74399999999992,-0.0341796875,-0.36328125,-0.4365234375,4.09088149065012,0.4427176639205129,-0.336295148555005,Null
9.76399999999992,-0.009765625,-0.39697265625,-0.31298828125,1.5090712678829,0.260735162645494,-0.21923038165294603,Null
9.78399999999992,-0.01171875,-0.7490234375,-0.43603515625,-1.10892261010859,0.18091827612136302,-0.027669853995032002,Null
9.80399999999992,-0.04736328125,-1.107421875,-0.62353515625,-1.7751275562966697,0.179854050967708,0.075559985909511,Null
9.823999999999911,-0.0673828125,-1.1494140625,-0.64306640625,-0.736443806329315,0.154312647279986,0.042569006146202994,Null
9.84399999999991,-0.06787109375,-0.9697265625,-0.54833984375,0.387377955930449,0.086202237446062,-0.014899152151171002,Null
9.86399999999991,-0.0615234375,-0.8115234375,-0.45166015625,0.701324376258697,-0.005321125768275,-0.022348728226757004,Null
9.88399999999991,-0.05615234375,-0.80810546875,-0.43505859375,0.237322209265083,-0.057468158297374,0.00212845030731,Null
9.903999999999911,-0.0615234375,-0.8486328125,-0.45751953125,-0.267120513567425,-0.06066083375833999,0.003192675460965,Null
9.92499999999991,-0.06591796875,-0.9716796875,-0.49462890625,-0.295854592716112,-0.052147032529099004,0.00212845030731,Null
9.944999999999911,-0.05810546875,-0.9638671875,-0.4853515625,0.031926754609652,-0.045761681607168,0.001064225153655,Null
9.964999999999911,-0.048828125,-0.9189453125,-0.46630859375,0.28095544056494104,-0.04150478099254799,0.014899152151171002,Null
9.983999999999911,-0.04931640625,-0.8720703125,-0.44091796875,0.235193758957772,-0.023412953380412004,0.038312105531583,Null
10.008999999999899,-0.0546875,-0.88427734375,-0.44580078125,0.124514342977644,-0.020220277919447,0.029798304302342003,Null
10.0299999999999,-0.05029296875,-0.90478515625,-0.45068359375,0.053211257682754004,-0.012770701843860999,-0.003192675460965,Null
10.0499999999999,-0.04296875,-0.89794921875,-0.431640625,0.076624211063166,-0.009578026382896,-0.023412953380412004,Null
10.069999999999899,-0.03515625,-0.875,-0.42041015625,0.06704618468026999,-0.011706476690206002,-0.007449576075585999,Null
10.0899999999999,-0.03662109375,-0.87255859375,-0.4296875,-0.06917463498758,-0.00212845030731,0.042569006146202994,Null
10.1099999999999,-0.0546875,-0.92578125,-0.51123046875,-0.28308389087225105,0.024477178534067005,0.086202237446062,Null
10.1299999999999,-0.13720703125,-1.60595703125,-1.01416015625,0.403341333235275,-0.019156052765792,0.024477178534067005,Null
10.149999999999899,-0.2158203125,-2.8681640625,-1.6484375,5.24875845782685,-0.27989121541128603,-0.3682219031646571,Null
10.1709999999999,-0.16064453125,-2.60693359375,-2.24658203125,16.0027536355114,-0.7481502830195209,-1.08657388188184,Null
10.194999999999899,0.0927734375,0.58447265625,-2.24853515625,26.7939966935739,-0.8950133542239208,-1.54631914826083,Null
10.2149999999999,-0.1572265625,3.16650390625,0.84521484375,14.6980135971303,-0.6864252241075259,-0.7247373296391091,Null
10.2359999999999,0.173828125,3.47119140625,2.49169921875,-9.13637294412885,-0.481029769452096,0.7768843621682081,Null
10.2559999999999,0.1962890625,0.576171875,0.009765625,-20.4959122342432,0.22455150742122199,2.5509476933112203,Null
10.2759999999999,-0.2294921875,-1.3251953125,-1.09521484375,-17.592706015072103,0.514020749215403,2.38599279449469,Null
10.2959999999999,-0.12939453125,-1.0224609375,-1.0205078125,-14.070120756473802,0.8354167456192372,1.11637218618418,Null
10.3159999999999,-0.23388671875,-2.517578125,-1.251953125,-7.41232819520763,0.781141262782828,0.60128721181512,Null
10.335999999999899,-0.3701171875,-4.994140625,-1.85302734375,9.376887828854901,-0.554461305054296,0.13409236936053998,Null
10.3559999999999,-0.17138671875,-1.91748046875,-2.47314453125,21.6144128707347,-1.21960202608872,-1.0099496708186702,Null
10.3759999999999,-0.28271484375,1.42431640625,-1.1025390625,18.667573420263697,-1.14510626533287,-1.66976926608482,Null
10.3959999999999,0.0361328125,3.41748046875,1.63916015625,2.76060004858127,-0.833288295311927,-0.797104640087654,Null
10.4159999999999,0.27783203125,2.45166015625,1.47802734375,-16.044258416504,-0.352258525859831,1.8219534630575,Null
10.4359999999999,-0.1396484375,-0.3876953125,-1.15185546875,-21.218521113575,0.013834926997516001,3.10008787259724,Null
10.4569999999999,-0.38037109375,-2.83544921875,-2.27392578125,-11.656458107984099,0.358643876781762,1.5580256249510402,Null
10.476999999999899,-0.3798828125,-5.16064453125,-1.6533203125,5.95221128439286,0.284148116025906,-0.20858813011639601,Null
10.4969999999999,-0.23291015625,-2.48779296875,-1.607421875,19.198621771937603,0.028734079148687,-1.9975506134105803,Null
10.5169999999999,-0.33544921875,0.97021484375,-1.29443359375,20.8737121637907,-0.30436839394535303,-2.5679752957697097,Null
10.5369999999999,-0.10888671875,3.02685546875,1.33740234375,7.97530330149116,-1.07380318003797,-0.876921526611785,Null
10.5569999999999,0.37646484375,3.3115234375,2.10205078125,-14.221240728292802,-0.576810033281053,1.2494003303910601,Null
10.5769999999999,0.0556640625,0.5224609375,-1.06591796875,-24.359049542011103,0.19901010373349998,3.05219774068277,Null
10.5969999999999,-0.34912109375,-2.88818359375,-2.95458984375,-22.129497845103696,0.478901319144786,2.8978850934027798,Null
10.6169999999999,-0.55615234375,-6.9248046875,-2.71044921875,-4.3718369312150696,0.5991587615078101,0.9567384131359159,Null
10.6369999999999,-0.24365234375,-2.779296875,-3.10205078125,19.018767720969898,-0.27989121541128603,-1.1419135898719,Null
10.6569999999999,-0.4306640625,2.61328125,-2.6572265625,29.889827665556503,0.021284503073102003,-3.34379543278426,Null
10.6769999999999,-0.20361328125,5.25439453125,1.77197265625,23.4448801350214,-0.6119294633516701,-1.8538802176671498,Null
10.6969999999999,0.384765625,3.31298828125,1.9599609375,-4.73367348345779,-1.1600054174840402,1.35795129606388,Null
10.7169999999999,-0.06591796875,-1.3681640625,-1.35693359375,-23.159667793841802,0.20539545465543,2.6392783810646,Null
10.7369999999999,-0.24609375,-2.46484375,-0.76953125,-15.6898714403368,0.6555626946515289,1.76554952991378,Null
10.8159999999999,-0.13720703125,-1.849609375,-0.66015625,-1.66125546485558,0.459745266378994,0.127707018438609,Null
10.8369999999999,-0.14013671875,-1.1923828125,-0.3466796875,2.8191324320322995,0.188367852196949,-0.022348728226757004,Null
10.8579999999999,-0.0771484375,-0.55615234375,0.03662109375,2.61586542768418,0.09258758836799198,-0.4714517430692,Null
10.8779999999999,-0.01220703125,-0.72900390625,-0.0166015625,0.026605628841377002,0.015963377304826,-0.49805737191057703,Null
10.8979999999999,-0.04541015625,-1.0771484375,-0.1845703125,-0.988665167745568,-0.024477178534067005,-0.157505322740952,Null
10.9179999999999,-0.048828125,-1.14794921875,-0.20654296875,-0.27989121541128603,-0.06811040983392501,0.009578026382896,Null
10.9379999999999,-0.0400390625,-1.08349609375,-0.19580078125,0.27457008964301,-0.007449576075585999,-0.078752661370476,Null
10.9579999999999,-0.0458984375,-1.0224609375,-0.14697265625,0.42569006146203203,0.07023886014123501,-0.173468700045778,Null
10.9789999999999,-0.03955078125,-0.93994140625,-0.09228515625,0.45229569030340905,0.06917463498758,-0.15111997181902098,Null
11.0029999999999,-0.04345703125,-0.94091796875,-0.0927734375,-0.233065308650462,0.057468158297374,-0.06385350921930501,Null
11.0229999999999,-0.04931640625,-1.0576171875,-0.15625,-0.520406100137334,0.053211257682754004,-0.057468158297374,Null
11.0439999999999,-0.037109375,-1.11572265625,-0.1943359375,-0.26179938779914896,0.057468158297374,-0.08939491290702699,Null
11.0639999999999,-0.0283203125,-1.0498046875,-0.162109375,0.164954898816537,0.086202237446062,-0.11387209144109299,Null
11.0839999999999,-0.02978515625,-0.9384765625,-0.1025390625,0.250092911108944,0.10961519082647302,-0.08833068775337198,Null
11.1039999999999,-0.02685546875,-0.96044921875,-0.10693359375,-0.13196391905323,0.09471603867530198,-0.007449576075585999,Null
11.1239999999999,-0.02880859375,-1.03857421875,-0.15966796875,-0.506571173139818,0.076624211063166,0.065981959526615,Null
11.1439999999999,-0.0419921875,-1.099609375,-0.1982421875,-0.4969931467569221,0.08513801229240599,0.077688436216821,Null
11.1639999999999,-0.03857421875,-1.07470703125,-0.1943359375,-0.147927296358056,0.09365181352164699,0.043633231299858,Null
11.1839999999999,-0.0361328125,-0.98583984375,-0.1640625,0.08833068775337198,0.10429406505819801,0.026605628841377002,Null
11.2039999999999,-0.0419921875,-0.95654296875,-0.1357421875,-0.019156052765792,0.101101389597233,0.042569006146202994,Null
11.2239999999999,-0.041015625,-0.97705078125,-0.1328125,-0.19156052765791398,0.058532383451029006,0.05959660860468499,Null
11.2439999999999,-0.03515625,-1.04296875,-0.17578125,-0.236257984111428,0.012770701843860999,0.07023886014123501,Null
11.2649999999999,-0.03662109375,-1.05419921875,-0.1962890625,-0.116000541748404,-0.013834926997516001,0.057468158297374,Null
11.2849999999999,-0.037109375,-1.02392578125,-0.1796875,0.078752661370476,-0.014899152151171002,0.029798304302342003,Null
11.3049999999999,-0.03857421875,-0.978515625,-0.14990234375,0.16601912397019197,-0.009578026382896,0.015963377304826,Null
11.3249999999999,-0.03662109375,-0.97607421875,-0.1474609375,0.056403933143719005,-0.015963377304826,0.017027602458481002,Null
11.3449999999999,-0.0361328125,-1.00341796875,-0.158203125,-0.057468158297374,-0.007449576075585999,0.003192675460965,Null
11.3649999999999,-0.0361328125,-0.9853515625,-0.1513671875,-0.042569006146202994,0.00212845030731,-0.00638535092193,Null
11.3849999999999,-0.03173828125,-0.9580078125,-0.142578125,-0.051082807375443996,0.009578026382896,0.00425690061462,Null
11.4049999999999,-0.02734375,-0.92822265625,-0.13427734375,-0.29904726817707694,0.026605628841377002,0.030862529455997004,Null
11.4249999999999,-0.03076171875,-0.94140625,-0.1533203125,-0.6715260719563549,0.045761681607168,0.053211257682754004,Null
11.444999999999899,-0.03662109375,-1.0078125,-0.19921875,-0.74176493209759,0.06278928406565,0.042569006146202994,Null
11.4659999999999,-0.03662109375,-1.02392578125,-0.21923828125,-0.504442722832507,0.06811040983392501,0.024477178534067005,Null
11.4859999999999,-0.03759765625,-1.01416015625,-0.23486328125,-0.26818473872107995,0.06385350921930501,0.015963377304826,Null
11.5059999999999,-0.087890625,-1.5,-0.54931640625,1.2834555353080301,-0.09152336321433699,-0.117064766902059,Null
11.5259999999999,-0.1787109375,-2.89892578125,-1.224609375,8.038092585556809,-0.38099260500851795,-0.675782972570975,Null
11.5449999999999,-0.12548828125,-2.28271484375,-1.50146484375,18.2450760342627,-0.621507489734566,-1.48352986419518,Null
11.5659999999999,0.04541015625,0.39208984375,-0.8095703125,19.9542216310327,-0.44803878968878796,-1.20257442363024,Null
11.5869999999999,-0.17138671875,2.3056640625,1.134765625,9.38114472946952,-0.582131159049328,-0.5597824308225721,Null
11.6109999999999,0.36572265625,1.81005859375,0.76318359375,-9.74723818232687,-0.6555626946515289,0.229872633189497,Null
11.6309999999999,-0.0732421875,-1.22802734375,-1.05517578125,-18.8591339479217,0.153248422126331,2.53285586569909,Null
11.6509999999999,-0.29541015625,-2.384765625,-1.20263671875,-14.5617927774624,0.47570864368382,2.34342378834848,Null
11.6719999999999,-0.1904296875,-3.61572265625,-1.09326171875,-5.347731397116769,0.28308389087225105,0.7619852100170369,Null
11.6959999999999,-0.22607421875,-2.751953125,-0.70751953125,10.819977137211199,0.057468158297374,-1.00037164443577,Null
11.7159999999999,-0.19580078125,-0.4580078125,-0.37451171875,13.9200650098084,-0.188367852196949,-1.63784251147517,Null
11.7359999999999,-0.10546875,1.40087890625,0.65625,8.49677362678215,-0.5108280737544381,-0.985472492284603,Null
11.7559999999999,0.13427734375,2.02734375,1.638671875,-4.79433431721613,-0.6257643903491871,0.5853238345102929,Null
11.7769999999999,0.111328125,0.09228515625,0.22802734375,-13.7348898330725,-0.20645967980908497,1.88048584650852,Null
11.7969999999999,-0.0712890625,-1.68994140625,-0.908203125,-11.787357801883699,0.257542487184529,1.6740261666994398,Null
11.8169999999999,-0.23974609375,-4.03173828125,-1.296875,-0.256478262030874,0.13196391905323,0.27137741418204503,Null
11.8369999999999,-0.1484375,-3.22509765625,-1.0361328125,12.7451604401732,-0.09045913806068198,-1.22918005247162,Null
11.8569999999999,-0.18603515625,-0.17724609375,-0.37939453125,15.238639975187098,-0.030862529455997004,-2.03160581832755,Null
11.8769999999999,-0.20263671875,1.63916015625,0.8515625,8.164735378841769,-0.5895807351249139,-1.35156594514195,Null
11.896999999999899,0.25048828125,2.6396484375,1.76806640625,-6.04586309791451,-0.658755370112494,0.336295148555005,Null
11.9169999999999,0.15673828125,0.5537109375,0.1533203125,-16.3858746908273,-0.222423057113912,2.22955169690739,Null
11.9369999999999,-0.1357421875,-1.60546875,-1.384765625,-14.749096404505698,0.239450659572393,2.08375285085664,Null
11.9569999999999,-0.3037109375,-4.974609375,-2.0009765625,-0.412919359618171,0.126642793284954,0.444846114227823,Null
11.9779999999999,-0.15283203125,-4.01953125,-1.68603515625,16.0729924956527,-0.135156594514195,-1.28558398561534,Null
11.9979999999999,-0.25537109375,0.38037109375,-1.04833984375,20.2106998930636,0.222423057113912,-2.69568231420832,Null
12.0179999999999,-0.21728515625,2.90185546875,0.9169921875,11.9001656681711,-0.371414578625623,-1.4324470568197398,Null
12.037999999999899,0.21142578125,3.03271484375,2.19091796875,2.99260113207808,-0.656626919805184,-0.21603770619198104,Null
12.0569999999999,0.08447265625,0.05126953125,0.07080078125,-13.980725843566802,-0.352258525859831,1.9070914753498998,Null
12.0779999999999,-0.1943359375,-2.0,-0.8466796875,-11.700091339283901,0.22135883196025602,1.53354844641697,Null
12.0979999999999,-0.0009765625,-2.6689453125,-0.5166015625,-3.13839997812883,0.188367852196949,0.159633773048262,Null
12.117999999999899,0.01953125,-1.69873046875,0.068359375,0.00425690061462,0.35332275101348604,-0.367157678011002,Null
12.1379999999999,-0.0849609375,-0.80517578125,0.3798828125,2.07630327478106,0.54062637805678,-0.7864623885511031,Null
12.1579999999999,-0.02978515625,-0.287109375,0.56298828125,0.8247744940826859,0.348001625245211,-0.67684719772463,Null
12.1779999999999,0.03466796875,-0.333984375,0.4658203125,-1.98477991156672,0.194753203118879,-0.250092911108944,Null
12.1979999999999,0.0283203125,-1.14794921875,-0.046875,-4.2717997667714895,0.058532383451029006,0.27989121541128603,Null
12.2179999999999,0.0009765625,-1.65625,-0.28173828125,-3.52684215921293,0.056403933143719005,0.285212341179561,Null
12.2379999999999,-0.033203125,-1.537109375,-0.13916015625,-0.891820678762956,0.122385892670334,0.058532383451029006,Null
12.2579999999999,-0.0517578125,-1.09521484375,0.0751953125,1.17384034448155,0.080881111677786,-0.101101389597233,Null
12.2789999999999,-0.03564453125,-0.7607421875,0.18212890625,1.3951991764418101,-0.009578026382896,-0.147927296358056,Null
12.2989999999999,-0.01708984375,-0.779296875,0.15576171875,0.371414578625623,-0.057468158297374,-0.05959660860468499,Null
12.3189999999999,-0.0068359375,-0.93603515625,0.08349609375,-0.53211257682754,-0.036183655224273,-0.011706476690206002,Null
12.3389999999999,-0.00439453125,-1.06298828125,0.05908203125,-0.788590838858414,0.036183655224273,-0.015963377304826,Null
12.3629999999999,-0.00390625,-1.11572265625,0.07080078125,-0.300111493330732,0.09471603867530198,-0.04150478099254799,Null
12.383999999999899,-0.0029296875,-1.046875,0.08203125,0.09578026382895699,0.10535829021185301,-0.034055204916963,Null
12.4039999999999,0.001953125,-0.93017578125,0.10595703125,0.10535829021185301,0.10748674051916302,0.00425690061462,Null
12.4239999999999,-0.0009765625,-0.9267578125,0.09326171875,-0.466130617300925,0.10961519082647302,0.080881111677786,Null
12.4439999999999,-0.009765625,-1.02001953125,0.04443359375,-1.05358290211853,0.11387209144109299,0.137285044821505,Null
12.4679999999999,-0.021484375,-1.0966796875,0.00927734375,-1.1376566892572801,0.12557856813129903,0.135156594514195,Null
12.4889999999999,-0.0234375,-1.0859375,0.00048828125,-0.8088111167778599,0.121321667516679,0.08833068775337198,Null
12.508999999999899,-0.0224609375,-1.02490234375,0.01806640625,-0.5001858222178871,0.11067941598012801,0.056403933143719005,Null
12.5289999999999,-0.0224609375,-1.00244140625,0.01171875,-0.487415120374026,0.09152336321433699,0.056403933143719005,Null
12.5489999999999,-0.0234375,-1.09375,-0.04296875,-0.479965544298441,0.06066083375833999,0.044697456453513,Null
12.5689999999999,-0.01806640625,-1.13037109375,-0.0556640625,-0.055339707990064005,0.040440555838893,-0.021284503073102003,Null
12.5889999999999,-0.0087890625,-1.03125,0.00244140625,0.46080949153264894,0.029798304302342003,-0.079816886524131,Null
12.6089999999999,-0.00830078125,-0.96875,0.03759765625,0.46506639214726997,0.015963377304826,-0.06385350921930501,Null
12.6289999999999,-0.0068359375,-0.9697265625,0.02197265625,0.123450117823989,-0.003192675460965,-0.024477178534067005,Null
12.6489999999999,-0.00927734375,-1.02685546875,-0.02197265625,-0.155376872433642,0.001064225153655,0.00212845030731,Null
12.6689999999999,-0.03369140625,-1.27587890625,-0.18603515625,0.007449576075585999,0.005321125768275,-0.014899152151171002,Null
12.6889999999999,-0.1025390625,-2.3359375,-0.6904296875,2.1582486116125,-0.14473462089709102,-0.161762223355572,Null
12.7089999999999,-0.12646484375,-2.5791015625,-1.11767578125,9.43648443745959,-0.39269908169872403,-0.681104098339251,Null
12.7339999999999,-0.02783203125,-0.53857421875,-0.86962890625,19.162438116713396,-0.42569006146203203,-1.37923579913698,Null
12.7539999999999,-0.12060546875,1.53515625,0.521484375,13.729568707304198,-0.640663542500358,-1.09295923280377,Null
12.7739999999999,0.14501953125,2.98779296875,2.01904296875,-2.3998277214922004,-0.7502787333268308,-0.41079090931086,Null
12.7939999999999,0.3916015625,1.244140625,0.888671875,-14.967262561005,-0.015963377304826,1.49204366542442,Null
12.8149999999999,-0.0244140625,-1.2763671875,-0.509765625,-15.0364371959926,0.43633231299858205,2.2827629545901402,Null
12.8339999999999,-0.10009765625,-2.02587890625,-0.7373046875,-9.26833686318208,0.40227710808162,1.3207034156859498,Null
12.8589999999999,-0.25927734375,-3.521484375,-0.7802734375,0.575745808127398,0.310753744867283,0.29479036756245697,Null
12.8789999999999,-0.13720703125,-1.48095703125,-0.3681640625,11.0668773728592,-0.08833068775337198,-1.08018853095991,Null
12.899999999999899,-0.10693359375,0.69580078125,0.23486328125,14.0094599227155,-0.229872633189497,-1.70595292130909,Null
12.9199999999999,0.0888671875,2.81591796875,1.81982421875,7.59005379586802,-0.533176801981195,-1.0727389548843198,Null
12.9399999999999,0.2705078125,1.1201171875,0.95654296875,-7.58473267009975,-0.6119294633516701,0.933325459755504,Null
12.9599999999999,0.015625,-1.4580078125,-0.73583984375,-15.175850691121399,0.043633231299858,2.27105647789994,Null
12.9799999999999,-0.197265625,-3.7529296875,-1.08837890625,-9.50672329760082,0.36290077739638205,1.67296194154578,Null
12.9999999999999,-0.12646484375,-3.34423828125,-0.66748046875,4.18240485386446,-0.009578026382896,-0.161762223355572,Null
13.0199999999999,-0.10595703125,-0.77294921875,-0.15283203125,13.230447110239902,-0.16601912397019197,-1.6527416636263401,Null
13.0399999999999,-0.1435546875,1.29931640625,0.69482421875,12.551471462208,-0.2969188178697669,-1.8570728931281102,Null
13.0599999999999,0.23583984375,2.802734375,1.83544921875,3.1394642032824804,-0.6183148142736011,-0.8311598450046171,Null
13.0799999999999,0.2314453125,0.9990234375,0.54931640625,-11.4021082962605,-0.349065850398866,1.4175479046685702,Null
13.1009999999999,-0.08642578125,-1.49658203125,-1.2021484375,-17.638467696679303,0.27669853995032107,2.5456265675429504,Null
13.1209999999999,-0.3544921875,-5.3994140625,-1.9208984375,-9.375823603701251,0.40653400869623996,1.7804486820649499,Null
13.1409999999999,-0.16796875,-3.84619140625,-1.62646484375,10.3187270898396,-0.13834926997516,-0.606608337583395,Null
13.1649999999999,-0.2705078125,0.7265625,-0.890625,21.3845402375452,-0.07343153560220099,-2.7691138498105197,Null
13.1849999999999,-0.08837890625,3.5458984375,1.28564453125,16.7668672958358,-0.20858813011639601,-2.4306902509482002,Null
13.2059999999999,0.32275390625,3.16845703125,2.017578125,-1.48352986419518,-0.31501064548190305,-0.13622081966785002,Null
13.2259999999999,0.00927734375,-0.91796875,-0.0830078125,-16.152809382176798,0.309689519713628,2.15292748584422,Null
13.2459999999999,-0.150390625,-1.89697265625,-0.2919921875,-12.783472545704802,0.578938483588363,1.6527416636263401,Null
13.2659999999999,0.04638671875,-1.18408203125,0.041015625,-6.9461975779067,0.46825906760823494,0.21710193134563602,Null
13.2849999999999,0.02734375,-1.27978515625,-0.052734375,-4.78156361537227,0.491672020988646,-0.017027602458481002,Null
13.3059999999999,0.00048828125,-1.47509765625,-0.08984375,-2.6211865534524597,0.42036893569375605,0.024477178534067005,Null
13.3259999999999,-0.0009765625,-1.21484375,0.08203125,-0.34374472463059,0.336295148555005,-0.10855096567281801,Null
13.3459999999999,0.02587890625,-0.90771484375,0.2568359375,0.441653438766858,0.20113855404081,-0.229872633189497,Null
13.3659999999999,0.0478515625,-0.90478515625,0.2451171875,-0.446974564535133,0.101101389597233,-0.16389067366288199,Null
13.3859999999999,0.01953125,-1.0166015625,0.130859375,-1.46330958627573,0.08939491290702699,-0.018091827612136003,Null
13.4059999999999,0.0029296875,-1.1484375,0.044921875,-1.62720025993862,0.054275482836409004,0.116000541748404,Null
13.4269999999999,-0.01708984375,-1.23388671875,0.0380859375,-0.971637565287087,0.06066083375833999,0.13834926997516,Null
13.4469999999999,-0.03759765625,-1.15625,0.08203125,0.001064225153655,0.061725058911995,0.040440555838893,Null
13.4709999999999,-0.01318359375,-0.86669921875,0.16650390625,0.43420386269127204,0.027669853995032002,-0.08513801229240599,Null
13.4909999999999,-0.00439453125,-0.81005859375,0.1708984375,-0.242643335033358,0.04789013191447901,-0.011706476690206002,Null
13.5119999999999,-0.0107421875,-1.00927734375,0.076171875,-1.02378459781619,0.06066083375833999,0.12557856813129903,Null
13.5319999999999,-0.0087890625,-1.1240234375,0.0263671875,-1.03442684935274,0.084073787138751,0.12983546874592,Null
13.5519999999999,-0.01171875,-1.099609375,0.03466796875,-0.576810033281053,0.127707018438609,0.06278928406565,Null
13.5759999999999,-0.009765625,-0.98681640625,0.06494140625,-0.256478262030874,0.14686307120440098,0.009578026382896,Null
13.5959999999999,-0.00439453125,-0.845703125,0.1142578125,-0.504442722832507,0.142606170589781,0.054275482836409004,Null
13.6169999999999,-0.00048828125,-0.74951171875,0.09521484375,-1.56015407525835,0.143670395743436,0.175597150353088,Null
13.6369999999999,-0.02099609375,-0.86962890625,-0.08984375,-2.8978850934027798,0.168147574277502,0.28095544056494104,Null
13.6569999999999,-0.0869140625,-1.86083984375,-0.61767578125,-2.70100343997659,0.084073787138751,0.27137741418204503,Null
13.6769999999999,-0.18408203125,-3.08056640625,-1.029296875,2.7882699025763102,-0.13834926997516,-0.18623940188963897,Null
13.6959999999999,-0.06396484375,-1.94140625,-0.9697265625,12.218368989114001,-0.450167239996098,-1.0376195248137001,Null
13.7169999999999,0.0107421875,0.009765625,-0.55419921875,17.289401846280402,-0.48635089522037106,-1.48991521511711,Null
13.7369999999999,-0.046875,1.62255859375,0.77001953125,14.9576845346221,-0.49805737191057703,-0.908848281221438,Null
13.7569999999999,0.21923828125,2.36767578125,1.91943359375,3.1532991302799998,-0.634278191578427,-0.157505322740952,Null
13.7769999999999,0.21630859375,0.65625,0.478515625,-11.712862041127801,-0.247964460801633,1.3707219979077399,Null
13.7969999999999,-0.10986328125,-0.97607421875,-0.75244140625,-16.8232712289795,0.391634856545069,2.39024969510931,Null
13.8169999999999,-0.125,-2.21630859375,-1.044921875,-13.8955878312744,0.6076725627370501,1.84962331705253,Null
13.8369999999999,-0.22802734375,-3.9052734375,-0.93896484375,-4.77092136383572,0.634278191578427,0.7545356339414508,Null
13.8569999999999,-0.18701171875,-2.24755859375,-0.48779296875,7.9103855671182,0.251157136262599,-0.595966086046844,Null
13.8769999999999,-0.20849609375,-0.1923828125,-0.23291015625,13.0857124893429,-0.052147032529099004,-1.69105376915792,Null
13.896999999999899,-0.0986328125,1.40087890625,0.7470703125,9.64294411726867,-0.42036893569375605,-1.57931012802414,Null
13.9179999999999,0.22509765625,1.57470703125,1.35498046875,-0.20007432888715498,-0.622571714888221,-0.6513057940369079,Null
13.9379999999999,0.19140625,-0.28759765625,0.115234375,-9.722761003792801,-0.634278191578427,1.10785838495494,Null
13.9569999999999,0.02783203125,-1.4921875,-0.67626953125,-11.732018093893599,-0.169211799431158,1.5367411218779299,Null
13.9819999999999,-0.0791015625,-3.41552734375,-1.232421875,-1.60272308140455,-0.10535829021185301,0.38844218108410405,Null
14.0019999999999,-0.123046875,-3.5751953125,-1.29541015625,4.8922430313524,-0.122385892670334,-0.291597692101492,Null
14.0229999999999,-0.21240234375,-0.7666015625,-0.71923828125,16.3039293539958,-0.017027602458481002,-2.11674383061995,Null
14.0429999999999,-0.15869140625,1.28271484375,0.3583984375,12.6791784806466,-0.31288219517459304,-1.96668808395459,Null
14.0629999999999,0.24267578125,2.8916015625,2.1064453125,-0.910976731528748,-0.449103014842443,-0.256478262030874,Null
14.0869999999999,0.09228515625,-0.06494140625,-0.25927734375,-14.874674972637001,-0.06704618468026999,1.98690836187403,Null
14.1069999999999,-0.22119140625,-2.8310546875,-1.5498046875,-15.988918708513902,0.548075954132366,2.41685532395068,Null
14.1279999999999,-0.2900390625,-5.62060546875,-1.666015625,-2.6392783810646,0.326717122172109,1.07167472973066,Null
14.1479999999999,-0.1611328125,-1.93408203125,-1.29931640625,15.7899086047804,-0.008513801229241,-1.3185749653786398,Null
14.1679999999999,-0.22705078125,2.0419921875,0.0439453125,20.261782700439,0.27137741418204503,-2.9532248013928397,Null
14.1879999999999,-0.01806640625,3.791015625,2.0078125,9.62272383934923,-0.08513801229240599,-1.5165208439584899,Null
14.2069999999999,0.26513671875,1.23193359375,0.9130859375,-9.197033777887189,-0.295854592716112,1.0780600806526,Null
14.2279999999999,-0.09619140625,-1.36962890625,-0.62744140625,-16.492297206192802,0.35013007555252096,2.26892802759263,Null
14.2479999999999,-0.0185546875,-1.63427734375,-0.45068359375,-12.008716633843902,0.489543570681336,1.3100611641493998,Null
14.2679999999999,0.087890625,-1.47802734375,-0.20947265625,-7.93805542111323,0.614057913658981,0.457616816071684,Null
14.287999999999899,-0.0126953125,-1.58642578125,-0.1806640625,-5.48395221678462,0.812003792238825,0.173468700045778,Null
14.3079999999999,-0.0361328125,-1.55517578125,-0.1708984375,-2.4498463037139904,0.738572256636625,0.024477178534067005,Null
14.3279999999999,-0.03173828125,-1.330078125,-0.13818359375,0.43313963753761703,0.5512686295933311,-0.077688436216821,Null
14.3479999999999,-0.0185546875,-0.98681640625,-0.02783203125,1.71127404707737,0.40227710808162,-0.28308389087225105,Null
14.367999999999899,0.00048828125,-0.82373046875,0.04638671875,1.05039022665756,0.29372614240880196,-0.311817970020938,Null
14.3879999999999,-0.0078125,-0.923828125,0.01611328125,-0.19156052765791398,0.18517517673598397,-0.14047772028247002,Null
14.4079999999999,-0.02001953125,-1.04931640625,-0.03564453125,-0.7236731044854541,0.079816886524131,0.032990979763308,Null
14.428999999999899,-0.02587890625,-1.10693359375,-0.0634765625,-0.528919901366574,0.028734079148687,0.076624211063166,Null
14.4489999999999,-0.0283203125,-1.08056640625,-0.05859375,-0.054275482836409004,0.038312105531583,-0.009578026382896,Null
14.4689999999999,-0.025390625,-0.99462890625,-0.02294921875,0.28308389087225105,0.07343153560220099,-0.08726646259971699,Null
14.492999999999899,-0.02099609375,-0.92919921875,0.01416015625,0.250092911108944,0.09258758836799198,-0.09045913806068198,Null
14.5129999999999,-0.0126953125,-0.9775390625,0.00341796875,-0.065981959526615,0.08194533683144099,-0.039376330685238,Null
14.5339999999999,-0.0029296875,-0.9755859375,0.01220703125,-0.317139095789214,0.09045913806068198,-0.010642251536551002,Null
14.553999999999899,0.01123046875,-0.8994140625,0.0498046875,-0.7066455020269731,0.116000541748404,0.040440555838893,Null
14.5739999999999,0.05224609375,-0.5751953125,0.13818359375,-1.81769656244288,0.20326700434811998,0.16282644850922698,Null
14.5979999999999,0.0224609375,-0.44189453125,0.00732421875,-5.38072237688008,0.379928379854863,0.5619108811298821,Null
14.617999999999899,-0.06787109375,-1.16552734375,-0.65234375,-5.393493078723941,0.236257984111428,0.558718205668917,Null
14.6389999999999,-0.14111328125,-2.947265625,-1.27294921875,1.05039022665756,0.042569006146202994,0.072367310448545,Null
14.6589999999999,-0.19921875,-3.369140625,-1.66015625,11.999138607461,-0.244771785340668,-0.8279671695436519,Null
14.678999999999899,-0.20361328125,-1.009765625,-1.76416015625,19.860569817511102,-0.415047809925481,-2.08268862570299,Null
14.6989999999999,-0.09375,1.1611328125,-0.8974609375,18.907024079836102,-0.582131159049328,-1.81024698636729,Null
14.7179999999999,0.13916015625,2.40234375,1.4638671875,7.805027276906349,-0.5619108811298821,-0.570424682359122,Null
14.7389999999999,0.3720703125,1.61279296875,2.15771484375,-8.166863829149081,-0.26818473872107995,1.44202508320263,Null
14.758999999999899,0.06201171875,-0.5439453125,0.28955078125,-13.598669013404601,0.123450117823989,2.13377143307843,Null
14.7789999999999,-0.068359375,-1.408203125,-0.3369140625,-10.5571135242584,0.259670937491839,1.3430521439127099,Null
14.7989999999999,-0.01708984375,-1.69580078125,-0.4072265625,-6.531149767981219,0.521470325290989,0.6917463498758011,Null
14.8189999999999,-0.2392578125,-3.28125,-0.7490234375,2.95748170200746,0.18730362704329398,-0.008513801229241,Null
14.8389999999999,-0.15966796875,-2.09326171875,-0.6083984375,12.367360510625698,-0.27669853995032107,-1.2866482107689898,Null
14.8589999999999,-0.10595703125,0.064453125,-0.19775390625,12.733453963482999,-0.40227710808162,-1.5037501421146298,Null
14.883999999999899,0.18798828125,1.85986328125,1.55615234375,4.54104873064622,-0.578938483588363,-0.88011420207275,Null
14.9039999999999,0.27783203125,0.12548828125,0.79296875,-7.22076766754971,-0.4235616111547221,0.829031394697307,Null
14.9239999999999,0.04638671875,-1.42138671875,-0.26416015625,-11.6266598036817,0.12983546874592,1.6708334912384701,Null
14.944999999999899,-0.06591796875,-2.82080078125,-0.5908203125,-8.0051016057935,0.3597081019354171,1.2345011782398898,Null
14.9649999999999,-0.14990234375,-3.4765625,-0.61572265625,2.13270720792478,0.21816615649929103,0.122385892670334,Null
14.9839999999999,-0.115234375,-1.16455078125,-0.2783203125,12.211983638192,0.013834926997516001,-1.3207034156859498,Null
15.008999999999899,-0.11083984375,0.9482421875,0.44287109375,13.070813337191698,-0.159633773048262,-1.60910843232648,Null
15.0289999999999,0.14501953125,2.1533203125,1.5576171875,5.22428127929278,-0.449103014842443,-0.800297315548619,Null
15.0499999999999,0.22705078125,0.44091796875,0.77099609375,-10.6486368874727,-0.057468158297374,1.51013549303656,Null
15.069999999999899,-0.00146484375,-0.90673828125,-0.0751953125,-11.843761735027401,0.161762223355572,1.6804115176213703,Null
15.0899999999999,0.0576171875,-1.2734375,-0.212890625,-10.499645365961,0.292661917255147,1.2632352573885801,Null
15.1089999999999,0.0966796875,-1.251953125,-0.17041015625,-8.12748749846384,0.578938483588363,0.689617899568491,Null
15.1289999999999,0.02978515625,-1.09912109375,-0.15771484375,-6.81636210916078,0.930132784294539,0.40653400869623996,Null
15.149999999999899,-0.0244140625,-1.18115234375,-0.22265625,-5.9703031120049905,1.09083078249646,0.230936858343152,Null
15.1699999999999,-0.00244140625,-1.21630859375,-0.24560546875,-4.27073554161783,1.10466570949397,-0.026605628841377002,Null
15.1899999999999,0.0244140625,-1.341796875,-0.3505859375,-2.07949595024202,0.966316439518812,-0.158569547894607,Null
15.2099999999999,0.0234375,-1.32080078125,-0.3828125,0.254349811723564,0.744957607558555,-0.19688165342619002,Null
15.2299999999999,0.02978515625,-0.9443359375,-0.2177734375,1.44734620897091,0.5746815829737429,-0.292661917255147,Null
15.2509999999999,0.04931640625,-0.67431640625,-0.09619140625,0.701324376258697,0.5384979277494699,-0.36077232708907203,Null
15.2709999999999,0.05126953125,-0.7529296875,-0.18798828125,-0.881178427226405,0.5384979277494699,-0.303304168791697,Null
15.2909999999999,0.05712890625,-0.95556640625,-0.3037109375,-1.7580999538381898,0.533176801981195,-0.229872633189497,Null
15.3099999999999,0.0595703125,-1.138671875,-0.39111328125,-1.7815129072186002,0.520406100137334,-0.135156594514195,Null
15.3349999999999,0.02490234375,-1.09521484375,-0.3984375,-0.9343896849091591,0.5108280737544381,-0.09684448898261201,Null
15.3559999999999,0.02880859375,-1.08251953125,-0.39599609375,-0.40014865777430997,0.47358019337651,-0.08194533683144099,Null
15.3759999999999,0.03662109375,-1.03076171875,-0.390625,0.08726646259971699,0.43952498845954796,-0.09045913806068198,Null
15.3959999999999,0.04443359375,-0.98193359375,-0.40576171875,0.28308389087225105,0.40440555838892994,-0.07130308529489,Null
15.4159999999999,0.03369140625,-0.97216796875,-0.4091796875,0.277762765103976,0.365029227703692,-0.029798304302342003,Null
15.4359999999999,0.03564453125,-0.96142578125,-0.3779296875,0.27244163933570004,0.311817970020938,0.008513801229241,Null
15.4559999999999,0.0361328125,-0.9345703125,-0.33837890625,0.21071658042370603,0.27244163933570004,0.042569006146202994,Null
15.4759999999999,0.0380859375,-0.95263671875,-0.35009765625,0.10003716444357699,0.244771785340668,0.06491773437296,Null
15.4959999999999,0.04443359375,-0.94775390625,-0.36474609375,0.079816886524131,0.21497348103832603,0.07023886014123501,Null
15.5159999999999,0.0390625,-0.9775390625,-0.349609375,0.10535829021185301,0.20326700434811998,0.07023886014123501,Null
15.5359999999999,0.029296875,-0.97216796875,-0.31982421875,0.27031318902839,0.18091827612136302,0.04895435706813401,Null
15.5559999999999,0.041015625,-0.96533203125,-0.2998046875,0.401212882927965,0.14047772028247002,0.014899152151171002,Null
15.5759999999999,0.0546875,-0.95849609375,-0.30078125,0.512956524061748,0.10855096567281801,-0.015963377304826,Null
15.5959999999999,0.05712890625,-0.9560546875,-0.298828125,0.5906449602785689,0.09365181352164699,-0.039376330685238,Null
15.6159999999999,0.0595703125,-0.95849609375,-0.283203125,0.684296773800216,0.079816886524131,-0.06278928406565,Null
15.6359999999999,0.0625,-0.9443359375,-0.24609375,0.7258015547927641,0.06811040983392501,-0.077688436216821,Null
15.6569999999999,0.0615234375,-0.95361328125,-0.21923828125,0.675782972570975,0.050018582221788996,-0.10535829021185301,Null
15.6769999999999,0.07666015625,-0.9755859375,-0.212890625,0.632149741271117,0.036183655224273,-0.15111997181902098,Null
15.6969999999999,0.08203125,-0.98583984375,-0.208984375,0.6534342443442189,0.04150478099254799,-0.19688165342619002,Null
15.7169999999999,0.08203125,-0.9814453125,-0.2001953125,0.779012812475518,0.040440555838893,-0.242643335033358,Null
15.7369999999999,0.08740234375,-0.96142578125,-0.171875,0.889692228455646,0.030862529455997004,-0.28201966571859605,Null
15.7569999999999,0.09130859375,-0.94970703125,-0.1259765625,0.9780229162090179,0.019156052765792,-0.334166698247695,Null
15.7769999999999,0.09423828125,-0.935546875,-0.11572265625,1.00675699535771,0.00425690061462,-0.40227710808162,Null
15.7969999999999,0.09619140625,-0.90576171875,-0.09716796875,0.9684448898261221,0.008513801229241,-0.4969931467569221,Null
15.8169999999999,0.087890625,-0.85986328125,-0.072265625,1.0259130481235001,0.017027602458481002,-0.621507489734566,Null
15.8369999999999,0.080078125,-0.7939453125,-0.03173828125,1.14829894079383,0.015963377304826,-0.7736916867072429,Null
15.8579999999999,0.07861328125,-0.72265625,0.01708984375,1.23130850277893,0.019156052765792,-0.981215591669983,Null
15.8779999999999,0.08544921875,-0.69580078125,0.03759765625,1.29409778684458,0.014899152151171002,-1.25259300585203,Null
15.8979999999999,0.1376953125,-0.6982421875,0.0322265625,1.27387750892513,-0.009578026382896,-1.5420622476462098,Null
15.9179999999999,0.1962890625,-0.7119140625,0.009765625,1.5505760488754499,0.00425690061462,-1.8858069722768,Null
15.9379999999999,0.2138671875,-0.7099609375,0.01123046875,2.33065308650462,-0.035119430070618,-2.2519004251341497,Null
15.9579999999999,0.25927734375,-0.5830078125,0.07275390625,2.8404169351054103,-0.160697998201917,-2.6265076792207402,Null
15.977999999999799,0.36083984375,-0.490234375,0.15966796875,2.4945437601675002,-0.34480894978424603,-2.94790367562457,Null
15.9979999999998,0.5146484375,-0.51318359375,0.19287109375,1.75490727837723,-0.48209399460575103,-3.2299233413431696,Null
16.0189999999999,0.6259765625,-0.56640625,0.1552734375,1.53780534703159,-0.5906449602785689,-3.4810804776057593,Null
16.0389999999998,0.7109375,-0.67138671875,0.09619140625,1.96668808395459,-0.800297315548619,-3.67264100526368,Null
16.0589999999998,0.8408203125,-0.80126953125,0.056640625,2.8755363651760204,-1.10679415980128,-3.86207308261428,Null
16.078999999999798,0.99609375,-0.70263671875,0.14453125,3.25120784441627,-1.39839185190277,-3.9408257439847603,Null
16.0989999999998,1.1015625,-0.5341796875,0.2373046875,2.65630598352308,-1.6463563127044099,-3.8152471758534596,Null
16.1189999999998,1.17724609375,-0.44873046875,0.27294921875,1.9358255544985903,-1.87516472074025,-3.5672827150518196,Null
16.1389999999998,1.267578125,-0.3935546875,0.31494140625,1.44947465927822,-2.0358627189421696,-3.27036389718206,Null
16.1589999999998,1.3408203125,-0.33837890625,0.38037109375,0.8684077253825441,-1.99648638825693,-2.9255549473978104,Null
16.1789999999998,1.3349609375,-0.4072265625,0.3759765625,0.160697998201917,-1.8251461385184602,-2.56052571969412,Null
16.1989999999998,1.3046875,-0.537109375,0.2939453125,-0.09258758836799198,-1.60910843232648,-2.2550931005951096,Null
16.2189999999998,1.267578125,-0.6083984375,0.2685546875,0.133028144206885,-1.3717862230613997,-1.9688165342619,Null
16.2389999999998,1.2666015625,-0.43603515625,0.46240234375,-0.45229569030340905,-1.09083078249646,-1.47820873842691,Null
16.2589999999998,1.201171875,-0.5283203125,0.44921875,-1.57824590287048,-0.658755370112494,-0.9684448898261221,Null
16.2799999999998,1.06591796875,-0.62255859375,0.2734375,-1.0993445837256999,-0.47783709399113106,-0.7438933824049,Null
16.3039999999998,1.05224609375,-0.5322265625,0.3291015625,-1.29622623715189,-0.345873174937901,-0.41079090931086,Null
16.3239999999998,0.904296875,-0.7666015625,0.041015625,-1.30261158807382,-0.12983546874592,-0.285212341179561,Null
16.3439999999998,0.8779296875,-0.71875,0.158203125,-0.31501064548190305,-0.137285044821505,-0.4235616111547221,Null
16.3639999999998,0.90966796875,-0.5986328125,0.14892578125,0.011706476690206002,-0.26924896387473496,-0.291597692101492,Null
16.3849999999998,0.9169921875,-0.52197265625,0.06005859375,0.47783709399113106,-0.29479036756245697,-0.143670395743436,Null
16.4049999999998,0.94482421875,-0.50341796875,0.07470703125,0.842866321694823,-0.267120513567425,-0.075559985909511,Null
16.424999999999798,0.99658203125,-0.55029296875,0.1484375,0.9684448898261221,-0.256478262030874,0.06917463498758,Null
16.4449999999998,1.0595703125,-0.51708984375,0.201171875,1.2674921580032,-0.235193758957772,0.21178080557736104,Null
16.4649999999998,1.07275390625,-0.42236328125,0.19921875,1.51119971819021,-0.152184196972676,0.39802020746699995,Null
16.485999999999798,1.06884765625,-0.359375,0.1767578125,1.4931078905780801,-0.037247880377928,0.535305252288505,Null
16.5059999999998,1.05029296875,-0.42236328125,0.1279296875,1.3696577727540902,0.076624211063166,0.594901860893189,Null
16.5259999999998,1.0810546875,-0.40576171875,0.17138671875,1.5431264727998601,0.127707018438609,0.606608337583395,Null
16.5459999999998,1.09326171875,-0.3388671875,0.22021484375,1.7091455967700602,0.226679957728532,0.6278928406564971,Null
16.5659999999998,1.06640625,-0.4169921875,0.103515625,1.6878610936969598,0.367157678011002,0.614057913658981,Null
16.5859999999998,0.9873046875,-0.8095703125,-0.2060546875,2.62544345406708,0.455488365764374,0.49380047129595706,Null
16.6059999999998,1.0810546875,-0.50341796875,0.13037109375,4.933747812344951,0.28308389087225105,0.28095544056494104,Null
16.6259999999998,1.18505859375,-0.14501953125,0.36376953125,5.4467043364067,0.28734079148687103,0.285212341179561,Null
16.6459999999998,1.06640625,-0.326171875,0.02197265625,4.64002166993615,0.5746815829737429,0.39482753200603404,Null
16.6659999999998,0.96533203125,-0.56640625,-0.14208984375,5.45096123702132,0.6715260719563549,0.295854592716112,Null
16.6859999999998,1.11865234375,-0.28515625,0.19384765625,6.59074637658591,0.518277649830024,0.143670395743436,Null
16.7059999999998,1.060546875,-0.25341796875,0.10791015625,6.67588438887831,0.67471874741732,0.28946924179418104,Null
16.7259999999998,1.0537109375,0.1044921875,0.3056640625,6.534342443442191,0.6864252241075259,0.303304168791697,Null
16.7459999999998,1.02197265625,0.07568359375,0.36572265625,4.88692190558412,0.807746891624205,0.27244163933570004,Null
16.7659999999998,1.0107421875,-0.03173828125,0.40625,3.489594278835,0.9311970094481941,0.229872633189497,Null
16.7869999999998,1.0556640625,0.0458984375,0.4765625,2.51795671354792,1.0099496708186702,0.170276024584813,Null
16.8069999999998,1.029296875,0.11572265625,0.5224609375,1.45053888443187,1.16639076840597,0.143670395743436,Null
16.8269999999998,1.0439453125,0.10400390625,0.6103515625,0.19049630250425897,1.32921721691519,0.09152336321433699,Null
16.8469999999998,1.07861328125,0.0419921875,0.70703125,-0.9567384131359159,1.57292477710221,0.024477178534067005,Null
16.8669999999998,1.00341796875,-0.00927734375,1.00537109375,-1.63039293539958,1.8379168403623198,-0.078752661370476,Null
16.8869999999998,1.146484375,-0.11328125,1.10888671875,-1.6367782863215101,1.9475320311887898,-0.10429406505819801,Null
16.9069999999998,1.18505859375,0.0595703125,1.0859375,-1.37604312367602,2.34342378834848,0.09684448898261201,Null
16.9269999999998,1.0869140625,-0.080078125,0.9931640625,-1.86877936981832,2.8755363651760204,0.13196391905323,Null
16.9469999999998,1.201171875,-0.30810546875,0.673828125,-2.07417482447375,3.15542758058731,0.120257442363024,Null
16.9669999999998,1.2255859375,-0.20068359375,0.6748046875,-2.04756919563237,3.65242072734423,0.11280786628743801,Null
16.9879999999998,0.83544921875,-0.30126953125,0.7705078125,-2.43494715156282,4.11429444403054,0.235193758957772,Null
17.0079999999998,0.86328125,-0.2060546875,0.8740234375,-2.4711308067870896,3.8375959040802203,0.28201966571859605,Null
17.0279999999998,0.86328125,0.43896484375,1.22998046875,-3.1671340572775097,3.7428798654049102,0.46825906760823494,Null
17.0479999999998,0.7998046875,0.26513671875,1.0166015625,-4.704939404309111,3.5502551125933395,0.9322612346018492,Null
17.0679999999998,0.5,-0.2060546875,0.6826171875,-4.9624818914936295,3.6566776279588504,1.5505760488754499,Null
17.0879999999998,0.42431640625,-0.53271484375,0.9345703125,-3.96211024705786,3.46298864999363,1.5388695721852401,Null
17.107999999999798,0.826171875,-0.59423828125,1.22021484375,-3.0277205621487004,3.23311601680413,1.0099496708186702,Null
17.1279999999998,1.11865234375,-0.59765625,1.0146484375,-3.08625294559973,3.7524578917878104,0.9450319364457099,Null
17.1479999999998,0.720703125,-0.533203125,0.626953125,-2.50092911108944,4.2717997667714895,1.4824656390415298,Null
17.1679999999998,0.4658203125,-0.283203125,0.716796875,-1.6367782863215101,3.8077975997778704,1.29303356169092,Null
17.1879999999998,0.68359375,-0.3896484375,0.8681640625,-2.30085478220228,3.11285857444111,1.09083078249646,Null
17.2079999999998,0.662109375,-0.58740234375,0.72509765625,-2.9021419940174003,3.03517013822429,1.1600054174840402,Null
17.2279999999998,0.5625,-0.69482421875,0.5654296875,-2.70951724120583,3.05006929037546,1.21321667516679,Null
17.2479999999998,0.33544921875,-0.853515625,0.2109375,-1.86984359497197,3.0990236474435897,1.18341837086445,Null
17.267999999999798,0.06689453125,-0.70947265625,0.02783203125,-0.9311970094481941,3.0788033695241404,1.03655529966005,Null
17.2889999999998,-0.228515625,-0.16455078125,-0.45166015625,-0.792847739473034,3.0585830916047,0.7343153560220049,Null
17.3089999999998,-0.36279296875,0.06103515625,-0.6025390625,-0.9290685591408839,2.8712794645614,0.478901319144786,Null
17.328999999999798,-0.6513671875,0.56689453125,-0.78076171875,-1.87729317104756,2.29659788158766,0.127707018438609,Null
17.3489999999998,-0.630859375,0.40673828125,-0.734375,-3.81737562616077,1.4601169108147702,-0.179854050967708,Null
17.3689999999998,-0.328125,-0.0537109375,-0.61767578125,-5.59250318245744,1.2430149794691299,-0.159633773048262,Null
17.3889999999998,-0.23046875,-0.62255859375,-0.544921875,-5.8255684911079,1.5005574666536599,-0.19368897796522402,Null
17.4099999999998,-0.173828125,-0.5615234375,-0.4091796875,-4.47400254596595,1.37710734882967,-0.791783514319379,Null
17.4299999999998,-0.14111328125,-0.09619140625,-0.2587890625,-3.3980709156206697,1.16639076840597,-1.40052030221008,Null
17.453999999999798,-0.1689453125,0.13037109375,-0.4072265625,-3.0830602701387595,0.7822054879364829,-1.7144667225383299,Null
17.4739999999998,-0.06982421875,-0.3798828125,-0.408203125,-3.5928241187395495,0.39269908169872403,-2.2316801472147003,Null
17.4949999999998,-0.04736328125,-0.8583984375,-0.30126953125,-3.14904222966538,0.16389067366288199,-2.88937129217354,Null
17.514999999999798,0.08642578125,-0.89013671875,-0.3017578125,-1.72085207346026,0.039376330685238,-3.3182540290965403,Null
17.5349999999998,0.28564453125,-0.93408203125,-0.43115234375,-1.3068684886884399,-0.035119430070618,-3.41403429292549,Null
17.5549999999998,0.365234375,-1.22412109375,-0.455078125,-1.3834926997516,0.005321125768275,-3.52258525859831,Null
17.5749999999998,0.3369140625,-1.37646484375,-0.36669921875,-0.7502787333268308,0.114936316594749,-3.55876891382258,Null
17.5949999999998,0.3720703125,-1.64013671875,-0.28662109375,0.054275482836409004,0.12983546874592,-3.58324609235665,Null
17.6149999999998,0.38330078125,-1.865234375,-0.19873046875,1.0950876831110798,0.160697998201917,-3.5055576561398305,Null
17.6349999999998,0.34326171875,-2.123046875,-0.17626953125,2.1827257901465704,0.225615732574877,-3.34379543278426,Null
17.6549999999998,0.3359375,-2.4150390625,-0.2705078125,3.2352444671114395,0.235193758957772,-3.1320146272069,Null
17.674999999999798,0.3583984375,-2.5458984375,-0.2939453125,4.95290386511074,0.09258758836799198,-2.77869187619341,Null
17.6949999999998,0.46484375,-2.697265625,-0.2275390625,8.240295364751281,-0.169211799431158,-2.56903952092336,Null
17.7159999999998,0.70263671875,-2.56103515625,-0.07666015625,13.1495659985622,-0.39482753200603404,-1.8485590918988701,Null
17.7399999999998,0.90087890625,-0.86328125,0.60888671875,14.111625537466303,-0.543819053517745,0.521470325290989,Null
17.7599999999998,0.513671875,-0.2939453125,1.1640625,7.17819866140351,-0.051082807375443996,0.377799929547553,Null
17.7799999999998,0.5908203125,-0.50390625,1.13330078125,3.9067705390678,-0.150055746665366,0.30117571848438696,Null
17.8009999999998,0.92822265625,-0.3984375,1.25048828125,2.83616003449079,0.6885536744148361,0.842866321694823,Null
17.8209999999998,0.90966796875,-0.521484375,1.28515625,1.05571135242584,1.9219906275010703,1.48033718873422,Null
17.8409999999998,0.83056640625,-1.103515625,1.04248046875,0.6651407210344239,2.8617014381785095,2.37641476811179,Null
17.860999999999798,0.720703125,-1.412109375,0.8466796875,1.89964189927432,3.28951994994785,3.04049126399256,Null
17.8809999999998,0.7080078125,-1.17236328125,0.93408203125,2.9830231056951897,3.60559482058341,3.33953853216964,Null
17.9009999999998,0.716796875,-0.89453125,0.990234375,3.42148386900108,3.8982567378385498,3.4715024512228703,Null
17.9209999999998,0.66845703125,-0.72509765625,0.6787109375,3.8971925126849003,4.29202004469093,3.26291432110647,Null
17.9409999999998,0.41259765625,-0.3515625,0.71630859375,4.03128488204544,4.30159807107383,2.8595729878712004,Null
17.9659999999998,0.484375,0.150390625,0.80810546875,3.4757593518374903,4.2292307606252795,2.5381769914673598,Null
17.985999999999798,0.396484375,0.2646484375,0.5537109375,2.84786651118099,4.464424519583059,2.28595563005111,Null
18.0059999999998,0.2275390625,0.33447265625,0.22802734375,2.1454779097686396,4.6315078687069,1.95072470664976,Null
18.0269999999998,0.01611328125,0.3759765625,-0.25439453125,1.4377681825880102,4.63363631901421,1.56334675071931,Null
18.046999999999798,-0.357421875,0.44970703125,-0.5439453125,0.9450319364457099,4.48251634719519,1.1472347156401799,Null
18.0669999999998,-0.53515625,0.3740234375,-0.6923828125,0.407598233849895,3.8535592813850403,0.829031394697307,Null
18.0909999999998,-0.5205078125,0.26220703125,-0.86865234375,0.225615732574877,2.98408733084884,0.415047809925481,Null
18.1119999999998,-0.51318359375,0.22265625,-0.7939453125,0.351194300706176,2.19123959137581,0.126642793284954,Null
18.1319999999998,-0.39013671875,0.0283203125,-0.4619140625,0.20007432888715498,1.6804115176213703,-0.078752661370476,Null
18.1519999999998,-0.17041015625,-0.08642578125,-0.103515625,0.034055204916963,1.35795129606388,-0.485286670066716,Null
18.171999999999798,-0.1298828125,0.21533203125,0.20068359375,-0.455488365764374,1.194060622401,-0.8779857517654399,Null
18.1919999999998,-0.34423828125,0.3623046875,0.24169921875,-1.7602284041455,0.5257272259056089,-1.1344640137963102,Null
18.2119999999998,-0.44921875,0.193359375,0.0986328125,-2.50837868716502,-1.0855096567281801,-1.59101660471434,Null
18.2319999999998,-0.5146484375,-0.10546875,-0.07958984375,-2.7457008964301,-2.50625023685771,-1.9517889318034198,Null
18.2519999999998,-0.3828125,-0.375,0.02001953125,-3.21289573888468,-3.2735565726430202,-2.06140412262989,Null
18.2719999999998,-0.15234375,-0.513671875,0.34912109375,-3.72265958748547,-3.78332042124381,-2.1710193134563602,Null
18.2919999999998,-0.06640625,-0.52880859375,0.67138671875,-4.183469079018121,-4.13664317225729,-2.3796074435727594,Null
18.3129999999998,-0.04736328125,-0.5595703125,0.87060546875,-4.41440593736127,-4.30904764714942,-2.67546203628887,Null
18.3329999999998,0.03564453125,-0.60986328125,0.939453125,-4.37502960667603,-4.35268087844927,-3.02878478730236,Null
18.3529999999998,0.17236328125,-0.80615234375,0.98388671875,-4.1792121784035,-4.26115751523494,-3.3054833272526802,Null
18.3729999999998,0.28857421875,-1.02587890625,1.0537109375,-4.09194571580378,-3.99510122682117,-3.44596104753515,Null
18.392999999999798,0.3427734375,-1.3671875,1.15234375,-3.8971925126849003,-3.6130443966589905,-3.4789520272984507,Null
18.4129999999998,0.30810546875,-1.43310546875,1.38330078125,-3.05326196583642,-3.2980337511770896,-3.58005341689569,Null
18.4329999999998,0.30224609375,-1.388671875,1.42626953125,-2.3625798411142798,-3.0511335155291097,-3.4161627432327997,Null
18.4529999999998,0.30810546875,-1.18212890625,1.142578125,-1.78789825814053,-2.73186596943259,-3.24588671864799,Null
18.4729999999998,0.330078125,-1.29052734375,0.66796875,-1.45798846050746,-2.3540660398850397,-3.03410591307063,Null
18.4929999999998,0.49951171875,-2.26025390625,0.5185546875,0.628957065810152,-2.1380283336930503,-2.44346095279206,Null
18.5129999999998,0.5654296875,-2.06640625,0.86376953125,4.7868847411405495,-1.9038987998889398,-1.8964492238133501,Null
18.5339999999998,0.41845703125,-1.53369140625,1.43359375,5.37008012534353,-1.4718233875049698,-1.4292543813587701,Null
18.5539999999998,0.33984375,-1.5234375,1.39111328125,3.63220044942479,-1.1844825960181,-0.975894465901708,Null
18.5739999999998,0.4033203125,-1.2470703125,1.337890625,3.4491537229961096,-1.0684820542697,-0.595966086046844,Null
18.5939999999998,0.55908203125,-0.98046875,1.400390625,2.80849018049575,-1.0259130481235001,-0.395891757159689,Null
18.6129999999998,0.82568359375,-1.19970703125,1.26318359375,1.43031860651243,-0.7736916867072429,-0.44058921361320297,Null
18.6339999999998,1.01171875,-1.09912109375,1.3427734375,1.46437381142939,0.036183655224273,-0.135156594514195,Null
18.6539999999998,1.06103515625,-0.91650390625,1.4697265625,1.45905268566111,1.0163350217406,0.862022374460614,Null
18.6739999999998,1.0458984375,-0.92333984375,1.23193359375,0.580002708742018,2.1263218570028504,1.8198250127501898,Null
18.6939999999998,0.83544921875,-0.86572265625,0.79541015625,0.072367310448545,3.22034531496027,2.4988006607821296,Null
18.7139999999998,0.6728515625,-0.70068359375,0.59375,0.21816615649929103,3.77480662001457,2.84680228602734,Null
18.7339999999998,0.5908203125,-0.51904296875,0.6044921875,0.34268049947693496,4.09939529187937,2.6967465393619703,Null
18.7539999999998,0.419921875,-0.34912109375,0.55419921875,0.061725058911995,4.16750570171329,2.5637183951550897,Null
18.7739999999998,0.41650390625,-0.1669921875,0.48779296875,-0.67684719772463,3.77693507032188,2.6616271092913504,Null
18.793999999999798,0.44970703125,-0.15869140625,0.33349609375,-2.05076187109334,3.4193554186937702,2.81700398172499,Null
18.8139999999998,0.25537109375,-0.263671875,-0.0302734375,-3.55770468866893,3.0617757670656602,2.99366535723174,Null
18.8339999999998,0.04638671875,-0.244140625,-0.24853515625,-4.13557894710364,2.3466164638094504,3.1948039112725497,Null
18.8549999999998,-0.1474609375,-0.16455078125,-0.16064453125,-4.30479074653479,1.6399709617824798,3.2033177125017898,Null
18.8749999999998,-0.26806640625,-0.306640625,0.00048828125,-4.60064533925091,1.06635360396239,3.06922534314125,Null
18.8949999999998,-0.27978515625,-0.56982421875,0.2119140625,-4.464424519583059,0.7481502830195209,2.85318763694927,Null
18.918999999999798,-0.37158203125,-0.76708984375,0.3515625,-3.24907939410896,0.822646043775376,2.1656981876880903,Null
18.9399999999998,-0.41748046875,-0.8564453125,0.2353515625,-2.0018075140252,0.7768843621682081,1.5771816777168302,Null
18.9599999999998,-0.41845703125,-0.65625,0.13232421875,-1.0727389548843198,0.8460589971557879,1.09083078249646,Null
18.9799999999998,-0.611328125,-0.26513671875,0.27734375,-1.6495489881653702,0.8694719505362,0.800297315548619,Null
18.9999999999998,-0.78125,-0.291015625,0.36865234375,-3.2075746131164102,0.553397079900641,0.616186363966291,Null
19.0189999999998,-0.67431640625,-0.701171875,0.107421875,-3.5002365303715597,0.20113855404081,0.225615732574877,Null
19.0399999999998,-0.5712890625,-0.93408203125,-0.03466796875,-2.08907397662492,0.15111997181902098,-0.13409236936053998,Null
19.0599999999998,-0.5830078125,-0.8603515625,0.0234375,-0.6513057940369079,0.14047772028247002,-0.47570864368382,Null
19.0799999999998,-0.5771484375,-0.7216796875,0.0615234375,-0.012770701843860999,0.027669853995032002,-0.7779485873218629,Null
19.0999999999998,-0.5126953125,-0.6669921875,0.0751953125,0.424625836308377,-0.051082807375443996,-1.00888544566502,Null
19.1199999999998,-0.509765625,-0.6787109375,0.07080078125,0.6949390253367671,-0.10003716444357699,-1.2366296285472,Null
19.139999999999798,-0.45361328125,-0.71630859375,0.01220703125,0.80668266647055,-0.159633773048262,-1.43989663289532,Null
19.1599999999998,-0.390625,-0.69970703125,0.025390625,0.982279816823638,-0.14686307120440098,-1.52077774457311,Null
19.1799999999998,-0.35498046875,-0.7314453125,0.11962890625,0.904591380606817,-0.08513801229240599,-1.49204366542442,Null
19.1999999999998,-0.35986328125,-0.81640625,0.10302734375,0.8130680173924799,-0.04150478099254799,-1.47714451327325,Null
19.2199999999998,-0.4033203125,-0.873046875,0.07373046875,0.6885536744148361,0.00425690061462,-1.51758506911214,Null
19.2409999999998,-0.37158203125,-0.94775390625,0.091796875,0.8684077253825441,-0.152184196972676,-1.58995237956069,Null
19.2609999999998,-0.341796875,-0.9609375,0.15673828125,1.2887766610763,-0.226679957728532,-1.61868645870938,Null
19.2809999999998,-0.34619140625,-0.94140625,0.2783203125,1.5580256249510402,-0.358643876781762,-1.6655123654702,Null
19.3009999999998,-0.291015625,-0.970703125,0.28466796875,1.60272308140455,-0.42994696207665206,-1.6740261666994398,Null
19.3209999999998,-0.26513671875,-1.0595703125,0.2392578125,1.81769656244288,-0.517213424676368,-1.67934729246772,Null
19.3419999999998,-0.21337890625,-1.03857421875,0.27978515625,2.45623165463592,-0.623635940041876,-1.68573264338965,Null
19.3619999999998,-0.12353515625,-0.85498046875,0.3134765625,2.50518601170406,-0.5565897553616059,-1.6601912397019198,Null
19.3819999999998,-0.11328125,-0.6494140625,0.3330078125,2.36470829142159,-0.492736246142302,-1.63571406116786,Null
19.4059999999998,-0.09765625,-0.58154296875,0.35302734375,1.41009832859298,-0.445910339381478,-1.59953040594358,Null
19.4259999999998,-0.04150390625,-0.64013671875,0.3076171875,0.772627461553587,-0.46080949153264894,-1.6176222335557198,Null
19.4469999999998,0.02685546875,-0.7666015625,0.29736328125,0.5927734105858791,-0.46932329276189,-1.63784251147517,Null
19.4669999999998,0.06298828125,-0.8125,0.34619140625,0.881178427226405,-0.449103014842443,-1.7346870004577801,Null
19.4869999999998,0.0830078125,-0.63525390625,0.4111328125,1.06316092850142,-0.431011187230307,-1.7719348808357098,Null
19.5069999999998,0.07958984375,-0.7158203125,0.39990234375,0.772627461553587,-0.43420386269127204,-1.67934729246772,Null
19.5269999999998,0.072265625,-0.8779296875,0.3935546875,0.9609953137505358,-0.578938483588363,-1.82727458882577,Null
19.546999999999798,0.24462890625,-0.8095703125,0.4912109375,1.5548329494900701,-0.8684077253825441,-1.87410049558659,Null
19.5669999999998,0.2705078125,-0.7265625,0.576171875,2.08694552631761,-1.00675699535771,-1.82301768821115,Null
19.5869999999998,0.361328125,-0.5166015625,0.65283203125,2.04011961955679,-1.27174905861782,-1.85175176735984,Null
19.6069999999998,0.4111328125,-0.44384765625,0.68603515625,1.06316092850142,-1.52077774457311,-1.8379168403623198,Null
19.6269999999998,0.41064453125,-0.4931640625,0.736328125,0.225615732574877,-1.85281599251349,-1.7751275562966697,Null
19.6469999999998,0.5751953125,-0.59716796875,0.72412109375,-0.428882736922997,-2.08268862570299,-1.81024698636729,Null
19.6679999999998,0.671875,-0.73974609375,0.5947265625,-0.570424682359122,-1.9294402035766598,-1.9038987998889398,Null
19.6919999999998,0.615234375,-0.591796875,0.580078125,0.09897293928992199,-1.5952735053289597,-2.0528903214006498,Null
19.7119999999998,0.6923828125,-0.61865234375,0.640625,0.714095078102558,-1.43989663289532,-2.1891111410685,Null
19.7319999999998,0.82421875,-0.55908203125,0.78857421875,1.43457550712705,-1.32389609114692,-2.36364406626793,Null
19.7529999999998,0.9345703125,-0.43359375,0.83154296875,1.7176593979993,-1.16639076840597,-2.55733304423315,Null
19.7729999999998,0.83203125,-0.21142578125,0.6669921875,1.7176593979993,-1.0376195248137001,-2.55414036877219,Null
19.7929999999998,0.873046875,0.14013671875,0.67578125,0.8364809707728921,-1.13020711318169,-2.5200851638552297,Null
19.8129999999998,0.93017578125,0.00830078125,0.66943359375,-1.3270887666078799,-1.3068684886884399,-2.64566373198653,Null
19.8329999999998,1.02978515625,-0.16455078125,0.71435546875,-2.8712794645614,-1.4537315598928402,-2.75315047250569,Null
19.8529999999998,1.1806640625,-0.47216796875,0.68896484375,-3.40977739231087,-1.3132538396103701,-3.0075002842292498,Null
19.8739999999998,1.20703125,-0.60205078125,0.5947265625,-2.51476403808695,-0.9429034861384,-3.16500560697021,Null
19.8979999999998,1.1806640625,-0.42724609375,0.60400390625,-0.6704618468026999,-0.642791992807668,-2.7776276510397597,Null
19.9179999999998,1.2216796875,-0.30126953125,0.6005859375,-0.9343896849091591,-0.46825906760823494,-2.5466907926966,Null
19.9379999999998,1.2421875,-0.2421875,0.59228515625,-1.93901822995955,-0.349065850398866,-2.28914830551207,Null
19.9589999999998,1.25927734375,-0.220703125,0.51953125,-3.1117943492874502,-0.20220277919446497,-1.9688165342619,Null
19.9789999999998,1.18994140625,-0.22265625,0.52880859375,-4.21433160847411,0.06917463498758,-1.61549378324841,Null
19.9989999999998,1.1533203125,-0.216796875,0.521484375,-5.5509984014648905,0.37460725408658796,-1.18235414571079,Null
20.0229999999998,1.064453125,-0.59375,0.337890625,-6.0043583169219605,0.7545356339414508,-0.7736916867072429,Null
20.0429999999998,1.00146484375,-0.6337890625,0.3212890625,-4.95503231541805,1.00037164443577,-0.527855676212919,Null
20.0639999999998,0.93896484375,-0.41845703125,0.2626953125,-3.87271533415083,1.1110510604158998,-0.399084432620655,Null
20.0839999999998,0.908203125,-0.3056640625,0.1123046875,-4.02915643173813,1.14829894079383,-0.078752661370476,Null
20.1039999999998,0.9091796875,-0.65478515625,-0.05712890625,-4.38780030851989,1.19086794694003,0.04682590676082401,Null
20.1239999999998,0.72314453125,-0.70654296875,0.11767578125,-2.4221764497189597,1.29196933653727,-0.20752390496273998,Null
20.1439999999998,0.6982421875,-0.390625,0.30224609375,-0.5363694774421599,1.1004088088793502,-0.709838177487938,Null
20.1639999999998,0.736328125,-0.271484375,0.2998046875,-0.141541945436126,0.74176493209759,-0.8747930763044749,Null
20.1839999999998,0.73583984375,-0.2939453125,0.24853515625,-0.10535829021185301,0.53211257682754,-0.80455421616324,Null
20.203999999999798,0.73486328125,-0.24755859375,0.2744140625,0.06917463498758,0.34480894978424603,-0.9407750358310899,Null
20.2239999999998,0.75048828125,-0.2734375,0.3046875,-0.09578026382895699,0.076624211063166,-1.03336262419908,Null
20.2439999999998,0.8388671875,-0.314453125,0.32373046875,-0.12557856813129903,-0.174532925199433,-1.16426231809866,Null
20.2639999999998,0.89990234375,-0.3115234375,0.3486328125,-0.00212845030731,-0.27669853995032107,-1.27174905861782,Null
20.2849999999998,0.91015625,-0.20458984375,0.3623046875,-0.019156052765792,-0.292661917255147,-1.27813440953975,Null
20.3089999999998,0.921875,-0.32373046875,0.33740234375,-0.7577283094024159,-0.228808408035842,-0.999307419282119,Null
20.328999999999798,0.98974609375,-0.3896484375,0.3115234375,-0.188367852196949,-0.14047772028247002,-0.9865367174382579,Null
20.3489999999998,0.9775390625,-0.27197265625,0.38818359375,-0.33310247309403995,0.00425690061462,-0.847123222309443,Null
20.3699999999998,0.94482421875,-0.2607421875,0.3369140625,-0.610865238198015,-0.077688436216821,-0.5938376357395339,Null
20.389999999999798,1.00537109375,-0.31494140625,0.33642578125,-0.7524071836341409,-0.010642251536551002,-0.407598233849895,Null
20.4099999999998,1.02880859375,-0.314453125,0.375,-0.709838177487938,0.08300956198509599,-0.18730362704329398,Null
20.4299999999998,1.02099609375,-0.32958984375,0.3505859375,-0.643856217961323,0.114936316594749,0.044697456453513,Null
20.453999999999798,0.98974609375,-0.39599609375,0.25341796875,-0.33310247309403995,0.101101389597233,0.245836010494323,Null
20.4749999999998,0.98486328125,-0.26904296875,0.2763671875,0.170276024584813,0.012770701843860999,0.373543028932933,Null
20.4949999999998,0.982421875,-0.2490234375,0.306640625,0.249028685955288,-0.034055204916963,0.53211257682754,Null
20.514999999999798,0.966796875,-0.24267578125,0.33154296875,0.222423057113912,-0.037247880377928,0.669397621649045,Null
20.5349999999998,0.966796875,-0.2333984375,0.34033203125,0.21284503073101602,-0.043633231299858,0.7577283094024159,Null
20.5589999999998,0.958984375,-0.216796875,0.3369140625,0.20326700434811998,-0.034055204916963,0.81093956708517,Null
20.5799999999998,0.9599609375,-0.20263671875,0.33349609375,0.156441097587297,-0.026605628841377002,0.8460589971557879,Null
20.5999999999998,0.95556640625,-0.193359375,0.333984375,0.080881111677786,-0.026605628841377002,0.87372885115082,Null
20.6199999999998,0.9384765625,-0.1923828125,0.337890625,0.009578026382896,-0.036183655224273,0.8854353278410259,Null
20.639999999999798,0.9228515625,-0.19580078125,0.3359375,0.0,-0.061725058911995,0.867343500228889,Null
20.6599999999998,0.9091796875,-0.2236328125,0.330078125,0.08513801229240599,-0.08726646259971699,0.8205175934680659,Null
20.6799999999998,0.9033203125,-0.2197265625,0.31298828125,0.38312105531582796,-0.11067941598012801,0.722608879331799,Null
20.6999999999998,0.89111328125,-0.15576171875,0.33837890625,0.7194162038708342,-0.141541945436126,0.588516509971259,Null
20.7199999999998,0.89453125,-0.09912109375,0.365234375,0.800297315548619,-0.20645967980908497,0.489543570681336,Null
20.7399999999998,0.88330078125,-0.06884765625,0.37841796875,0.5693604572054671,-0.247964460801633,0.401212882927965,Null
20.7599999999998,0.8818359375,-0.1083984375,0.369140625,0.155376872433642,-0.297983043023422,0.332038247940385,Null
20.7799999999998,0.8896484375,-0.1591796875,0.3427734375,-0.11387209144109299,-0.336295148555005,0.21816615649929103,Null
20.8009999999998,0.86767578125,-0.18359375,0.3251953125,-0.175597150353088,-0.345873174937901,0.086202237446062,Null
20.8249999999998,0.830078125,-0.203125,0.2958984375,-0.169211799431158,-0.40014865777430997,-0.119193217209369,Null
20.8449999999998,0.84619140625,-0.21923828125,0.28369140625,-0.16601912397019197,-0.474644418530165,-0.251157136262599,Null
20.8649999999998,0.88720703125,-0.2470703125,0.275390625,-0.20433122950177499,-0.537433702595815,-0.373543028932933,Null
20.8859999999998,0.94091796875,-0.296875,0.26708984375,-0.229872633189497,-0.573617357820088,-0.487415120374026,Null
20.9059999999998,0.98046875,-0.37548828125,0.2568359375,-0.120257442363024,-0.5608466559762271,-0.5831953842029829,Null
20.9259999999998,0.986328125,-0.39306640625,0.24609375,0.174532925199433,-0.506571173139818,-0.640663542500358,Null
20.9459999999998,0.9814453125,-0.37451171875,0.236328125,0.3682219031646571,-0.44803878968878796,-0.638535092193047,Null
20.9649999999998,0.96875,-0.3505859375,0.18896484375,0.352258525859831,-0.441653438766858,-0.597030311200499,Null
20.985999999999798,0.98583984375,-0.373046875,0.16943359375,0.28946924179418104,-0.49592892160326707,-0.5523328547469859,Null
21.0059999999998,0.986328125,-0.3974609375,0.177734375,0.285212341179561,-0.527855676212919,-0.4969931467569221,Null
21.0259999999998,0.98046875,-0.458984375,0.169921875,0.42675428661568704,-0.5608466559762271,-0.46080949153264894,Null
21.0459999999998,0.982421875,-0.505859375,0.1708984375,0.647048893422288,-0.575745808127398,-0.449103014842443,Null
21.0659999999998,0.98046875,-0.51708984375,0.17578125,0.850315897770408,-0.5661677817445021,-0.4320754123839621,Null
21.0859999999998,0.97412109375,-0.50439453125,0.15576171875,0.937582360370125,-0.537433702595815,-0.40440555838892994,Null
21.1059999999998,0.9541015625,-0.5009765625,0.11669921875,0.9013987051458521,-0.519341874983679,-0.3682219031646571,Null
21.1259999999998,0.95654296875,-0.517578125,0.1201171875,0.918426307604333,-0.5523328547469859,-0.321395996403834,Null
21.1459999999998,0.9912109375,-0.52099609375,0.15673828125,0.970573340133432,-0.573617357820088,-0.253285586569909,Null
21.1659999999998,1.0068359375,-0.51806640625,0.16357421875,0.9780229162090179,-0.5459475038250561,-0.16601912397019197,Null
21.1859999999998,1.021484375,-0.51220703125,0.1416015625,0.9173620824506781,-0.5384979277494699,-0.08939491290702699,Null
21.2069999999998,1.03857421875,-0.525390625,0.1396484375,0.8694719505362,-0.516149199522713,-0.015963377304826,Null
21.2269999999998,1.02685546875,-0.55322265625,0.1484375,0.9482246119066758,-0.49486469644961206,0.080881111677786,Null
21.2509999999998,1.013671875,-0.56103515625,0.158203125,1.15681274202307,-0.47570864368382,0.20645967980908497,Null
21.2709999999998,1.01611328125,-0.5205078125,0.1494140625,1.36859354760043,-0.441653438766858,0.36077232708907203,Null
21.2919999999998,1.0126953125,-0.47705078125,0.15478515625,1.47714451327325,-0.391634856545069,0.5257272259056089,Null
21.3119999999998,1.02392578125,-0.4501953125,0.173828125,1.51439239365118,-0.338423598862315,0.67897564803194,Null
21.3319999999998,1.07373046875,-0.42578125,0.17041015625,1.4888509899634599,-0.28946924179418104,0.800297315548619,Null
21.3559999999998,1.072265625,-0.4013671875,0.1630859375,1.43670395743436,-0.15111997181902098,0.919490532757988,Null
21.3759999999998,1.076171875,-0.38330078125,0.18310546875,1.42180480528319,-0.124514342977644,0.946096161599365,Null
21.3969999999998,1.07666015625,-0.3544921875,0.20654296875,1.37285044821505,-0.030862529455997004,1.02910572358446,Null
21.4169999999998,1.08740234375,-0.32763671875,0.21923828125,1.2887766610763,0.028734079148687,1.0769958554989398,Null
21.4369999999998,1.09228515625,-0.2978515625,0.22119140625,1.1727761193279,0.116000541748404,1.11637218618418,Null
21.4569999999998,1.10009765625,-0.27099609375,0.2255859375,1.04294065058198,0.19688165342619002,1.1472347156401799,Null
21.4769999999998,1.1015625,-0.22021484375,0.2490234375,0.9769586910553629,0.250092911108944,1.15787696717673,Null
21.4979999999998,1.11962890625,-0.16552734375,0.2353515625,0.571488907512777,0.36290077739638205,1.14297781502556,Null
21.517999999999798,1.166015625,-0.15966796875,0.2119140625,0.22455150742122199,0.387377955930449,1.09295923280377,Null
21.5379999999998,1.20068359375,-0.19775390625,0.2255859375,0.026605628841377002,0.43420386269127204,1.02059192235522,Null
21.5579999999998,1.12890625,-0.2333984375,0.279296875,0.013834926997516001,0.539562152903125,0.979087141362673,Null
21.5779999999998,0.97119140625,-0.25634765625,0.29150390625,0.057468158297374,0.576810033281053,0.974830240748052,Null
21.5979999999998,0.853515625,-0.2607421875,0.2568359375,0.367157678011002,0.580002708742018,0.9673806646724671,Null
21.6189999999998,0.7919921875,-0.2412109375,0.22216796875,0.5863880596639489,0.568296232051812,0.9588668634432259,Null
21.642999999999798,0.81787109375,-0.21826171875,0.16650390625,0.7289942302537291,0.53424102713485,0.8992702548385421,Null
21.6629999999998,0.884765625,-0.20361328125,0.13916015625,0.799233090394964,0.504442722832507,0.7492145081731759,Null
21.6829999999998,0.9326171875,-0.18505859375,0.14208984375,0.797104640087654,0.49380047129595706,0.519341874983679,Null
21.703999999999798,0.91259765625,-0.1640625,0.17919921875,0.7279300051000741,0.511892298908093,0.226679957728532,Null
21.7239999999998,0.84375,-0.15869140625,0.2138671875,0.519341874983679,0.515084974369058,-0.08513801229240599,Null
21.7439999999998,0.76318359375,-0.1650390625,0.2021484375,0.157505322740952,0.46080949153264894,-0.37035035347196704,Null
21.767999999999798,0.72412109375,-0.2119140625,0.16552734375,-0.277762765103976,0.33097402278673,-0.6247001651955311,Null
21.7879999999998,0.7626953125,-0.3134765625,0.1357421875,-0.5661677817445021,0.13196391905323,-0.8375451959265471,Null
21.8089999999998,0.80908203125,-0.419921875,0.13330078125,-0.46293794183995896,-0.056403933143719005,-1.0099496708186702,Null
21.828999999999798,0.83251953125,-0.46484375,0.1767578125,0.026605628841377002,-0.20752390496273998,-1.1674549935596201,Null
21.8489999999998,0.83447265625,-0.49267578125,0.20263671875,0.539562152903125,-0.351194300706176,-1.26217103223492,Null
21.8689999999998,0.8349609375,-0.474609375,0.224609375,0.9429034861384,-0.489543570681336,-1.3089969389957499,Null
21.8889999999998,0.83251953125,-0.43701171875,0.24853515625,1.09083078249646,-0.5895807351249139,-1.27813440953975,Null
21.9089999999998,0.84423828125,-0.40576171875,0.2880859375,1.05996825304046,-0.6704618468026999,-1.1727761193279,Null
21.9289999999998,0.8876953125,-0.3994140625,0.3173828125,0.962059538904192,-0.7236731044854541,-1.03655529966005,Null
21.9489999999998,0.91357421875,-0.4130859375,0.3212890625,0.844994772002133,-0.704517051719662,-0.891820678762956,Null
21.9689999999998,0.92919921875,-0.4169921875,0.31005859375,0.755599859095106,-0.6598195952661489,-0.756664084248761,Null
21.9889999999998,0.9501953125,-0.40673828125,0.30419921875,0.702388601412352,-0.617250589119946,-0.621507489734566,Null
22.0099999999998,0.95703125,-0.39306640625,0.31103515625,0.6555626946515289,-0.5651035565908471,-0.479965544298441,Null
22.0299999999998,0.9453125,-0.3837890625,0.31396484375,0.5980945363541539,-0.5235987755982989,-0.322460221557489,Null
22.0539999999998,0.92529296875,-0.35400390625,0.31103515625,0.4969931467569221,-0.504442722832507,-0.06811040983392501,Null
22.0739999999998,0.93310546875,-0.33642578125,0.3076171875,0.35332275101348604,-0.516149199522713,0.10642251536550801,Null
22.0939999999998,0.93505859375,-0.3447265625,0.30029296875,0.20220277919446497,-0.515084974369058,0.27457008964301,Null
22.1149999999998,0.94140625,-0.30224609375,0.3134765625,0.11174364113378302,-0.5001858222178871,0.399084432620655,Null
22.1349999999998,0.95654296875,-0.322265625,0.30859375,-0.00425690061462,-0.47038751791554495,0.46506639214726997,Null
22.1589999999998,0.97021484375,-0.3046875,0.3212890625,0.07130308529489,-0.42781851176934205,0.49592892160326707,Null
22.1789999999998,0.97607421875,-0.29248046875,0.3310546875,0.14473462089709102,-0.401212882927965,0.515084974369058,Null
22.1999999999998,0.96728515625,-0.3447265625,0.29541015625,0.240514884726048,-0.401212882927965,0.549140179286021,Null
22.2199999999998,0.9794921875,-0.361328125,0.2548828125,0.511892298908093,-0.4427176639205129,0.5895807351249139,Null
22.2399999999998,1.0234375,-0.34716796875,0.21337890625,0.7907192891657241,-0.48422244491306105,0.6268286155028421,Null
22.2599999999998,1.0283203125,-0.3251953125,0.1748046875,1.0056927702040501,-0.46080949153264894,0.656626919805184,Null
22.2839999999998,0.9990234375,-0.31298828125,0.1533203125,1.21428090032045,-0.437396538152238,0.736443806329315,Null
22.3049999999998,0.96240234375,-0.2900390625,0.1376953125,1.2994189126128501,-0.454424140610719,0.799233090394964,Null
22.3249999999998,0.92578125,-0.25927734375,0.126953125,1.3430521439127099,-0.47677286883747494,0.8567012486923391,Null
22.3449999999998,0.89501953125,-0.2314453125,0.13525390625,1.15574851686942,-0.514020749215403,0.891820678762956,Null
22.3649999999998,0.89453125,-0.24169921875,0.1181640625,0.9865367174382579,-0.5640393314371921,0.8684077253825441,Null
22.3849999999998,0.916015625,-0.25732421875,0.091796875,0.884371102687371,-0.5991587615078101,0.7853981633974481,Null
22.4059999999998,0.93359375,-0.2763671875,0.06591796875,0.829031394697307,-0.6129936885053261,0.630021290963807,Null
22.4259999999998,0.94384765625,-0.291015625,0.04833984375,0.814132242546135,-0.6310855161174621,0.41611203507913597,Null
22.4459999999998,0.943359375,-0.30322265625,0.04541015625,0.7524071836341409,-0.663012270727114,0.20113855404081,Null
22.4699999999998,0.95849609375,-0.3671875,0.0185546875,0.7289942302537291,-0.7034528265660072,-0.005321125768275,Null
22.4899999999998,0.96484375,-0.39453125,-0.00341796875,0.81093956708517,-0.7162235284098679,-0.19794587857984502,Null
22.5109999999998,0.9345703125,-0.408203125,-0.0166015625,0.962059538904192,-0.7183519787171779,-0.33735937370866,Null
22.5309999999998,0.9375,-0.4248046875,-0.02099609375,1.1344640137963102,-0.755599859095106,-0.42569006146203203,Null
22.5509999999998,0.9794921875,-0.44482421875,-0.04345703125,1.29303356169092,-0.7875266137047591,-0.492736246142302,Null
22.5749999999998,0.99609375,-0.4365234375,-0.0673828125,1.4665022617366998,-0.759856759709726,-0.5384979277494699,Null
22.5949999999998,0.99169921875,-0.421875,-0.0703125,1.5707963267949,-0.7194162038708342,-0.557653980515261,Null
22.6159999999998,0.97705078125,-0.41650390625,-0.0400390625,1.5952735053289597,-0.690682124722146,-0.517213424676368,Null
22.6359999999998,0.96875,-0.41162109375,-0.01416015625,1.57292477710221,-0.6917463498758011,-0.485286670066716,Null
22.6549999999998,0.99267578125,-0.4130859375,-0.0146484375,1.5037501421146298,-0.698131700797732,-0.401212882927965,Null
22.6759999999998,1.017578125,-0.41552734375,-0.02880859375,1.45053888443187,-0.680039873185596,-0.297983043023422,Null
22.6959999999998,1.02978515625,-0.41845703125,-0.04052734375,1.43670395743436,-0.644920443114978,-0.19368897796522402,Null
22.7159999999998,1.03125,-0.4267578125,-0.04296875,1.48672253965615,-0.582131159049328,-0.06278928406565,Null
22.735999999999798,1.0302734375,-0.42041015625,-0.037109375,1.51013549303656,-0.567232006898157,-0.023412953380412004,Null
22.7559999999998,1.0439453125,-0.40185546875,-0.02685546875,1.52184196972676,-0.548075954132366,0.04895435706813401,Null
22.7759999999998,1.0478515625,-0.38671875,-0.01025390625,1.48352986419518,-0.526791451059264,0.130899693899575,Null
22.7959999999998,1.03515625,-0.3779296875,-0.00439453125,1.41222677890029,-0.5001858222178871,0.225615732574877,Null
22.8169999999998,1.0263671875,-0.3720703125,-0.01953125,1.33453834268347,-0.47251596822285497,0.326717122172109,Null
22.8369999999998,1.0498046875,-0.36376953125,-0.0263671875,1.2791986346934099,-0.453359915457064,0.41398358477182595,Null
22.8569999999998,1.048828125,-0.35595703125,-0.0126953125,1.25365723100568,-0.40653400869623996,0.49380047129595706,Null
22.8769999999998,1.0390625,-0.34228515625,-0.00439453125,1.24195075431548,-0.373543028932933,0.562975106283537,Null
22.8969999999998,1.05322265625,-0.32763671875,-0.017578125,1.2057670990912,-0.36290077739638205,0.616186363966291,Null
22.9169999999998,1.044921875,-0.30859375,-0.02490234375,1.14404204017921,-0.329909797633074,0.660883820419804,Null
22.9369999999998,1.01513671875,-0.28076171875,-0.021484375,1.07167472973066,-0.30117571848438696,0.690682124722146,Null
22.9569999999998,0.998046875,-0.25439453125,-0.01904296875,1.00143586958943,-0.291597692101492,0.6704618468026999,Null
22.9769999999998,0.98388671875,-0.25732421875,-0.01513671875,0.9311970094481941,-0.28734079148687103,0.60128721181512,Null
22.9969999999998,0.978515625,-0.2705078125,-0.00341796875,0.9173620824506781,-0.290533466947837,0.481029769452096,Null
23.0169999999998,0.9482421875,-0.26953125,0.00732421875,0.9524815125212959,-0.26605628841377,0.35013007555252096,Null
23.0379999999998,0.92431640625,-0.271484375,-0.005859375,0.985472492284603,-0.247964460801633,0.243707560187013,Null
23.0619999999998,0.95556640625,-0.26416015625,-0.00341796875,1.0684820542697,-0.25541403687721903,0.09471603867530198,Null
23.0819999999998,0.984375,-0.26904296875,0.01123046875,1.09189500765011,-0.244771785340668,0.009578026382896,Null
23.1019999999998,0.9775390625,-0.27392578125,0.02392578125,1.09721613341839,-0.21497348103832603,-0.06491773437296,Null
23.1229999999998,0.96630859375,-0.28466796875,0.02880859375,1.0855096567281801,-0.194753203118879,-0.12557856813129903,Null
23.142999999999798,0.96142578125,-0.296875,0.03515625,1.08018853095991,-0.177725600660398,-0.161762223355572,Null
23.1629999999998,0.97314453125,-0.30126953125,0.04248046875,1.08125275611356,-0.161762223355572,-0.179854050967708,Null
23.1869999999998,0.99853515625,-0.31005859375,0.05322265625,1.08657388188184,-0.135156594514195,-0.19794587857984502,Null
23.2069999999998,1.0126953125,-0.32177734375,0.0673828125,1.10679415980128,-0.086202237446062,-0.220294606806601,Null
23.2279999999998,1.009765625,-0.3212890625,0.0771484375,1.13552823894997,-0.027669853995032002,-0.246900235647978,Null
23.2479999999998,1.0146484375,-0.3251953125,0.08349609375,1.132335563489,0.023412953380412004,-0.26924896387473496,Null
23.267999999999798,1.0283203125,-0.32666015625,0.1015625,1.1121152855695602,0.072367310448545,-0.28308389087225105,Null
23.2879999999998,1.05419921875,-0.3232421875,0.11328125,1.07061050457701,0.119193217209369,-0.286276566333216,Null
23.3119999999998,1.07275390625,-0.31982421875,0.1123046875,0.9397108106774351,0.21071658042370603,-0.27989121541128603,Null
23.3329999999998,1.0615234375,-0.31640625,0.1181640625,0.821581818621721,0.264992063260115,-0.259670937491839,Null
23.3529999999998,1.0576171875,-0.31396484375,0.12939453125,0.6970674756440771,0.28095544056494104,-0.22455150742122199,Null
23.3729999999998,1.09228515625,-0.30078125,0.1484375,0.548075954132366,0.303304168791697,-0.18943207735060397,Null
23.392999999999798,1.09765625,-0.275390625,0.150390625,0.286276566333216,0.3682219031646571,-0.153248422126331,Null
23.4129999999998,1.017578125,-0.2587890625,0.1533203125,-0.04895435706813401,0.40227710808162,-0.11067941598012801,Null
23.4339999999998,0.90771484375,-0.28369140625,0.16552734375,-0.28840501664052604,0.35757965162810706,-0.045761681607168,Null
23.453999999999798,0.8388671875,-0.33154296875,0.1640625,-0.233065308650462,0.26179938779914896,0.031926754609652,Null
23.4729999999998,0.8271484375,-0.36328125,0.15380859375,0.07343153560220099,0.16708334912384698,0.07130308529489,Null
23.4979999999998,0.84423828125,-0.373046875,0.1474609375,0.537433702595815,0.11387209144109299,0.034055204916963,Null
23.517999999999798,0.8681640625,-0.3359375,0.17578125,0.9801513665163281,0.06491773437296,-0.04682590676082401,Null
23.5389999999998,0.9208984375,-0.2919921875,0.2412109375,1.29303356169092,0.012770701843860999,-0.130899693899575,Null
23.5589999999998,0.9794921875,-0.24609375,0.2900390625,1.4377681825880102,0.008513801229241,-0.20539545465543,Null
23.578999999999798,0.96630859375,-0.20361328125,0.28857421875,1.3185749653786398,0.08726646259971699,-0.250092911108944,Null
23.5989999999998,0.9248046875,-0.18115234375,0.28369140625,0.9780229162090179,0.145798846050746,-0.26392783810646,Null
23.6189999999998,0.91357421875,-0.17333984375,0.28759765625,0.5661677817445021,0.147927296358056,-0.25541403687721903,Null
23.6389999999998,0.91162109375,-0.20556640625,0.279296875,0.20858813011639601,0.13834926997516,-0.20220277919446497,Null
23.6589999999998,0.91796875,-0.2373046875,0.2734375,0.075559985909511,0.124514342977644,-0.12983546874592,Null
23.6789999999998,0.92041015625,-0.265625,0.2734375,0.126642793284954,0.11174364113378302,-0.074495760755856,Null
23.6989999999998,0.9267578125,-0.26708984375,0.26513671875,0.308625294559973,0.09045913806068198,-0.042569006146202994,Null
23.7189999999998,0.9443359375,-0.22412109375,0.267578125,0.506571173139818,0.06385350921930501,-0.012770701843860999,Null
23.7399999999998,0.96923828125,-0.19775390625,0.27392578125,0.557653980515261,0.039376330685238,0.035119430070618,Null
23.7599999999998,0.97802734375,-0.17236328125,0.29150390625,0.5001858222178871,0.025541403687721998,0.08726646259971699,Null
23.7799999999998,0.9697265625,-0.173828125,0.28857421875,0.37460725408658796,0.017027602458481002,0.141541945436126,Null
23.799999999999798,0.95361328125,-0.17578125,0.28125,0.2788269902576311,0.009578026382896,0.19156052765791398,Null
23.8199999999998,0.93017578125,-0.17236328125,0.27490234375,0.239450659572393,-0.001064225153655,0.223487282267567,Null
23.8399999999998,0.931640625,-0.171875,0.2822265625,0.257542487184529,-0.030862529455997004,0.230936858343152,Null
23.8599999999998,0.9140625,-0.169921875,0.28759765625,0.31820332094286896,-0.050018582221788996,0.230936858343152,Null
23.8799999999998,0.8974609375,-0.16650390625,0.28466796875,0.36609345285734707,-0.076624211063166,0.223487282267567,Null
23.8999999999998,0.8984375,-0.1689453125,0.283203125,0.391634856545069,-0.114936316594749,0.21603770619198104,Null
23.9199999999998,0.908203125,-0.16943359375,0.296875,0.399084432620655,-0.145798846050746,0.20752390496273998,Null
23.9409999999998,0.92138671875,-0.19287109375,0.30615234375,0.37460725408658796,-0.16282644850922698,0.20539545465543,Null
23.9609999999998,0.92236328125,-0.20703125,0.29931640625,0.38099260500851795,-0.161762223355572,0.20752390496273998,Null
23.9849999999998,0.94482421875,-0.21240234375,0.29296875,0.41824048538644604,-0.169211799431158,0.21178080557736104,Null
24.0049999999998,0.9716796875,-0.2158203125,0.29638671875,0.444846114227823,-0.168147574277502,0.229872633189497,Null
24.0249999999998,0.96923828125,-0.2109375,0.2939453125,0.451231465149754,-0.143670395743436,0.254349811723564,Null
24.0459999999998,0.96533203125,-0.20654296875,0.2958984375,0.441653438766858,-0.130899693899575,0.27137741418204503,Null
24.0659999999998,0.962890625,-0.2041015625,0.30322265625,0.46825906760823494,-0.118128992055714,0.28095544056494104,Null
24.0859999999998,0.951171875,-0.18701171875,0.28466796875,0.512956524061748,-0.10322983990454301,0.292661917255147,Null
24.1059999999998,0.9677734375,-0.16162109375,0.2607421875,0.49486469644961206,-0.10642251536550801,0.310753744867283,Null
24.1259999999998,0.9814453125,-0.171875,0.25390625,0.39482753200603404,-0.10855096567281801,0.32778134732576397,Null
24.1459999999998,0.9912109375,-0.185546875,0.26953125,0.34480894978424603,-0.126642793284954,0.310753744867283,Null
24.1659999999998,1.0,-0.1923828125,0.2744140625,0.33523092340134997,-0.156441097587297,0.260735162645494,Null
24.1859999999998,1.0087890625,-0.20703125,0.2685546875,0.34480894978424603,-0.18411095158232899,0.18943207735060397,Null
24.2059999999998,1.00048828125,-0.20947265625,0.27001953125,0.3597081019354171,-0.20007432888715498,0.10535829021185301,Null
24.2259999999998,0.98681640625,-0.224609375,0.2734375,0.33735937370866,-0.20220277919446497,0.052147032529099004,Null
24.2459999999998,0.96875,-0.23193359375,0.279296875,0.310753744867283,-0.18517517673598397,0.044697456453513,Null
24.2659999999998,0.95654296875,-0.24169921875,0.279296875,0.2788269902576311,-0.159633773048262,0.06278928406565,Null
24.2859999999998,0.95947265625,-0.25146484375,0.271484375,0.26392783810646,-0.137285044821505,0.08726646259971699,Null
24.3059999999998,0.96435546875,-0.2607421875,0.25732421875,0.249028685955288,-0.10748674051916302,0.11174364113378302,Null
24.325999999999798,0.97314453125,-0.267578125,0.2529296875,0.26392783810646,-0.078752661370476,0.13196391905323,Null
24.3459999999998,0.97802734375,-0.25634765625,0.2529296875,0.273505864489355,-0.050018582221788996,0.158569547894607,Null
24.3669999999998,0.97265625,-0.23974609375,0.25830078125,0.21178080557736104,-0.020220277919447,0.19368897796522402,Null
24.3909999999998,0.9482421875,-0.2353515625,0.25,-0.015963377304826,0.014899152151171002,0.253285586569909,Null
24.4109999999998,0.9404296875,-0.2421875,0.23193359375,-0.175597150353088,0.027669853995032002,0.29372614240880196,Null
24.4309999999998,0.9404296875,-0.248046875,0.2236328125,-0.28308389087225105,0.04150478099254799,0.320331771250179,Null
24.450999999999798,0.9375,-0.2578125,0.21337890625,-0.332038247940385,0.052147032529099004,0.323524446711144,Null
24.4719999999998,0.93408203125,-0.26611328125,0.20751953125,-0.329909797633074,0.04150478099254799,0.300111493330732,Null
24.4919999999998,0.9326171875,-0.26904296875,0.20361328125,-0.302239943638043,0.018091827612136003,0.253285586569909,Null
24.5119999999998,0.93017578125,-0.26904296875,0.201171875,-0.258606712338184,-0.007449576075585999,0.188367852196949,Null
24.5319999999998,0.92724609375,-0.26806640625,0.19775390625,-0.21923038165294603,-0.038312105531583,0.117064766902059,Null
24.5519999999998,0.9228515625,-0.26708984375,0.19873046875,-0.20113855404081,-0.065981959526615,0.044697456453513,Null
24.5719999999998,0.921875,-0.267578125,0.20263671875,-0.21178080557736104,-0.09578026382895699,-0.015963377304826,Null
24.5919999999998,0.92138671875,-0.26708984375,0.20556640625,-0.26818473872107995,-0.11174364113378302,-0.06278928406565,Null
24.6119999999998,0.916015625,-0.28125,0.20458984375,-0.32565289701845396,-0.12983546874592,-0.10322983990454301,Null
24.6319999999998,0.9248046875,-0.30517578125,0.2041015625,-0.313946420328248,-0.14473462089709102,-0.148991521511711,Null
24.6519999999998,0.94140625,-0.32177734375,0.2080078125,-0.245836010494323,-0.145798846050746,-0.19156052765791398,Null
24.6729999999998,0.9609375,-0.3271484375,0.21630859375,-0.18517517673598397,-0.135156594514195,-0.226679957728532,Null
24.6929999999998,0.9658203125,-0.3134765625,0.2236328125,-0.220294606806601,-0.120257442363024,-0.235193758957772,Null
24.7129999999998,0.966796875,-0.31982421875,0.21630859375,-0.310753744867283,-0.11174364113378302,-0.21710193134563602,Null
24.732999999999798,0.96533203125,-0.32666015625,0.21533203125,-0.405469783542585,-0.10429406505819801,-0.18198250127501897,Null
24.7569999999998,0.94677734375,-0.3447265625,0.2080078125,-0.47358019337651,-0.084073787138751,-0.14047772028247002,Null
24.7779999999998,0.92919921875,-0.35302734375,0.20068359375,-0.48635089522037106,-0.065981959526615,-0.101101389597233,Null
24.7979999999998,0.9169921875,-0.35546875,0.19384765625,-0.46719484245458,-0.061725058911995,-0.07343153560220099,Null
24.8179999999998,0.9140625,-0.35693359375,0.18603515625,-0.421433160847411,-0.076624211063166,-0.06491773437296,Null
24.8379999999998,0.93505859375,-0.357421875,0.17529296875,-0.35757965162810706,-0.10322983990454301,-0.077688436216821,Null
24.857999999999798,0.9677734375,-0.3681640625,0.16748046875,-0.28201966571859605,-0.127707018438609,-0.11067941598012801,Null
24.8789999999998,0.99609375,-0.37451171875,0.16162109375,-0.18623940188963897,-0.141541945436126,-0.158569547894607,Null
24.8979999999998,1.0087890625,-0.373046875,0.16259765625,-0.078752661370476,-0.147927296358056,-0.21390925588467102,Null
24.918999999999798,0.9931640625,-0.36962890625,0.17626953125,-0.013834926997516001,-0.141541945436126,-0.250092911108944,Null
24.9389999999998,0.96435546875,-0.36376953125,0.19580078125,-0.06917463498758,-0.12557856813129903,-0.242643335033358,Null
24.9629999999998,0.94873046875,-0.37255859375,0.1962890625,-0.303304168791697,-0.120257442363024,-0.170276024584813,Null
24.9839999999998,0.95703125,-0.39208984375,0.18505859375,-0.39269908169872403,-0.12983546874592,-0.120257442363024,Null
25.0039999999998,0.962890625,-0.4345703125,0.15087890625,-0.30436839394535303,-0.156441097587297,-0.097908714136267,Null
25.0239999999998,0.97314453125,-0.4619140625,0.1298828125,-0.027669853995032002,-0.18730362704329398,-0.10429406505819801,Null
25.043999999999798,0.97119140625,-0.466796875,0.125,0.321395996403834,-0.21390925588467102,-0.10748674051916302,Null
25.0629999999998,0.96044921875,-0.447265625,0.134765625,0.492736246142302,-0.227744182882187,-0.097908714136267,Null
25.0839999999998,0.95751953125,-0.41455078125,0.14208984375,0.821581818621721,-0.256478262030874,-0.021284503073102003,Null
25.1039999999998,0.96728515625,-0.38623046875,0.1396484375,0.9322612346018492,-0.254349811723564,0.04895435706813401,Null
25.1239999999998,0.984375,-0.3603515625,0.13720703125,0.9939862935138442,-0.236257984111428,0.118128992055714,Null
25.1439999999998,1.0029296875,-0.33203125,0.1357421875,0.9961147438211541,-0.223487282267567,0.150055746665366,Null
25.1639999999998,1.00439453125,-0.31201171875,0.13427734375,0.969509114979777,-0.19049630250425897,0.20433122950177499,Null
25.1829999999998,0.994140625,-0.29052734375,0.14306640625,0.913105181836058,-0.161762223355572,0.252221361416254,Null
25.203999999999798,0.984375,-0.27880859375,0.1455078125,0.803489991009585,-0.145798846050746,0.29479036756245697,Null
25.2239999999998,0.974609375,-0.271484375,0.13671875,0.6523700191905629,-0.130899693899575,0.329909797633074,Null
25.2439999999998,0.9697265625,-0.2802734375,0.1220703125,0.5012500473715421,-0.123450117823989,0.356515426474451,Null
25.2639999999998,0.966796875,-0.29296875,0.12060546875,0.42781851176934205,-0.121321667516679,0.373543028932933,Null
25.2839999999998,0.966796875,-0.29248046875,0.12451171875,0.42036893569375605,-0.120257442363024,0.377799929547553,Null
25.3049999999998,0.9736328125,-0.2880859375,0.12646484375,0.42994696207665206,-0.12557856813129903,0.37035035347196704,Null
25.3249999999998,0.97998046875,-0.283203125,0.12744140625,0.42994696207665206,-0.121321667516679,0.35013007555252096,Null
25.3449999999998,0.98388671875,-0.27734375,0.12744140625,0.409726684157205,-0.11067941598012801,0.324588671864799,Null
25.3689999999998,0.9765625,-0.2744140625,0.13134765625,0.34268049947693496,-0.10322983990454301,0.29479036756245697,Null
25.389999999999798,0.9697265625,-0.27880859375,0.13427734375,0.302239943638043,-0.10642251536550801,0.275634314796665,Null
25.4099999999998,0.96923828125,-0.283203125,0.13427734375,0.292661917255147,-0.11174364113378302,0.249028685955288,Null
25.4309999999998,0.96728515625,-0.28173828125,0.13623046875,0.303304168791697,-0.10855096567281801,0.21710193134563602,Null
25.450999999999798,0.95947265625,-0.27783203125,0.138671875,0.305432619099008,-0.09897293928992199,0.192624752811569,Null
25.4749999999998,0.9658203125,-0.27490234375,0.14306640625,0.291597692101492,-0.09684448898261201,0.173468700045778,Null
25.4959999999998,0.9677734375,-0.2744140625,0.14794921875,0.264992063260115,-0.08833068775337198,0.148991521511711,Null
25.5159999999998,0.9697265625,-0.2744140625,0.15087890625,0.23200108349680698,-0.076624211063166,0.117064766902059,Null
25.5359999999998,0.97265625,-0.27490234375,0.1513671875,0.18943207735060397,-0.065981959526615,0.077688436216821,Null
25.5559999999998,0.9677734375,-0.279296875,0.158203125,0.15111997181902098,-0.050018582221788996,0.037247880377928,Null
25.575999999999798,0.96728515625,-0.28076171875,0.1640625,0.121321667516679,-0.039376330685238,0.00212845030731,Null
25.5959999999998,0.96923828125,-0.28564453125,0.166015625,0.08939491290702699,-0.023412953380412004,-0.025541403687721998,Null
25.6159999999998,0.9716796875,-0.28466796875,0.166015625,0.061725058911995,0.0,-0.04682590676082401,Null
25.6359999999998,0.9736328125,-0.28466796875,0.16845703125,0.018091827612136003,0.024477178534067005,-0.06278928406565,Null
25.6559999999998,0.97314453125,-0.29248046875,0.1669921875,-0.045761681607168,0.051082807375443996,-0.065981959526615,Null
25.6759999999998,0.97607421875,-0.29638671875,0.1591796875,-0.101101389597233,0.076624211063166,-0.065981959526615,Null
25.6969999999998,0.97998046875,-0.30029296875,0.154296875,-0.13834926997516,0.09684448898261201,-0.06917463498758,Null
25.7169999999998,0.984375,-0.306640625,0.1513671875,-0.158569547894607,0.10855096567281801,-0.077688436216821,Null
25.7369999999998,0.97998046875,-0.31298828125,0.1494140625,-0.177725600660398,0.114936316594749,-0.09152336321433699,Null
25.7569999999998,0.9716796875,-0.3134765625,0.14453125,-0.21178080557736104,0.11174364113378302,-0.10216561475088799,Null
25.7769999999998,0.95947265625,-0.31689453125,0.14208984375,-0.27669853995032107,0.10855096567281801,-0.10429406505819801,Null
25.796999999999798,0.95166015625,-0.33642578125,0.14794921875,-0.35332275101348604,0.10003716444357699,-0.10642251536550801,Null
25.8169999999998,0.96142578125,-0.34814453125,0.14990234375,-0.407598233849895,0.09578026382895699,-0.117064766902059,Null
25.8369999999998,0.95556640625,-0.35546875,0.14306640625,-0.46400216699361496,0.118128992055714,-0.119193217209369,Null
25.8569999999998,0.9375,-0.369140625,0.13720703125,-0.5235987755982989,0.143670395743436,-0.10429406505819801,Null
25.8769999999998,0.93359375,-0.3837890625,0.130859375,-0.5512686295933311,0.145798846050746,-0.06917463498758,Null
25.8979999999998,0.9443359375,-0.39990234375,0.125,-0.519341874983679,0.137285044821505,-0.027669853995032002,Null
25.9179999999998,0.95556640625,-0.40478515625,0.12158203125,-0.42675428661568704,0.126642793284954,0.00425690061462,Null
25.9379999999998,0.96142578125,-0.404296875,0.1240234375,-0.305432619099008,0.11387209144109299,0.022348728226757004,Null
25.9579999999998,0.95068359375,-0.39453125,0.12353515625,-0.18517517673598397,0.10216561475088799,0.036183655224273,Null
25.9779999999998,0.94677734375,-0.3828125,0.12548828125,-0.09258758836799198,0.078752661370476,0.04789013191447901,Null
25.9979999999998,0.955078125,-0.3779296875,0.13671875,-0.024477178534067005,0.04895435706813401,0.053211257682754004,Null
26.017999999999798,0.95947265625,-0.37109375,0.146484375,0.04150478099254799,0.026605628841377002,0.04682590676082401,Null
26.0379999999998,0.95166015625,-0.36279296875,0.14697265625,0.09578026382895699,0.024477178534067005,0.030862529455997004,Null
26.0579999999998,0.9521484375,-0.34814453125,0.14599609375,0.133028144206885,0.026605628841377002,0.009578026382896,Null
26.0779999999998,0.962890625,-0.3427734375,0.14892578125,0.123450117823989,0.026605628841377002,-0.009578026382896,Null
26.0979999999998,0.96435546875,-0.3505859375,0.14990234375,0.09258758836799198,0.023412953380412004,-0.027669853995032002,Null
26.1179999999998,0.95556640625,-0.3642578125,0.15185546875,0.10322983990454301,0.010642251536551002,-0.040440555838893,Null
26.1379999999998,0.94970703125,-0.3623046875,0.15087890625,0.15111997181902098,-0.00638535092193,-0.04895435706813401,Null
26.1579999999998,0.9404296875,-0.3583984375,0.1494140625,0.17666137550674302,-0.013834926997516001,-0.04150478099254799,Null
26.1779999999998,0.939453125,-0.365234375,0.1484375,0.174532925199433,-0.024477178534067005,-0.021284503073102003,Null
26.1989999999998,0.9365234375,-0.36962890625,0.154296875,0.20326700434811998,-0.030862529455997004,-0.008513801229241,Null
26.2189999999998,0.9306640625,-0.3623046875,0.15966796875,0.259670937491839,-0.045761681607168,-0.005321125768275,Null
26.2389999999998,0.9267578125,-0.353515625,0.16162109375,0.307561069406318,-0.061725058911995,-0.009578026382896,Null
26.2589999999998,0.93701171875,-0.345703125,0.1650390625,0.33735937370866,-0.077688436216821,-0.014899152151171002,Null
26.2789999999998,0.9404296875,-0.3388671875,0.173828125,0.351194300706176,-0.07343153560220099,-0.023412953380412004,Null
26.2989999999998,0.9404296875,-0.33447265625,0.18017578125,0.345873174937901,-0.061725058911995,-0.031926754609652,Null
26.3189999999998,0.9423828125,-0.33203125,0.17822265625,0.32565289701845396,-0.051082807375443996,-0.035119430070618,Null
26.3389999999998,0.9443359375,-0.3330078125,0.17724609375,0.308625294559973,-0.039376330685238,-0.032990979763308,Null
26.3589999999998,0.94384765625,-0.3359375,0.1796875,0.317139095789214,-0.032990979763308,-0.023412953380412004,Null
26.3799999999998,0.94775390625,-0.33251953125,0.17724609375,0.34374472463059,-0.025541403687721998,-0.011706476690206002,Null
26.3999999999998,0.953125,-0.3212890625,0.18115234375,0.36609345285734707,-0.013834926997516001,-0.00212845030731,Null
26.4209999999998,0.95703125,-0.3125,0.18603515625,0.37035035347196704,0.00212845030731,0.00212845030731,Null
26.4409999999998,0.95849609375,-0.3056640625,0.18408203125,0.36183655224272704,0.015963377304826,0.00425690061462,Null
26.4609999999998,0.966796875,-0.29931640625,0.18359375,0.34161627432328,0.024477178534067005,0.003192675460965,Null
26.4849999999998,0.9765625,-0.296875,0.19091796875,0.29904726817707694,0.052147032529099004,-0.00638535092193,Null
26.5059999999998,0.97021484375,-0.28955078125,0.19384765625,0.257542487184529,0.072367310448545,-0.007449576075585999,Null
26.5259999999998,0.96728515625,-0.2802734375,0.19189453125,0.18411095158232899,0.08833068775337198,0.00212845030731,Null
26.5459999999998,0.96630859375,-0.271484375,0.1923828125,0.080881111677786,0.09897293928992199,0.013834926997516001,Null
26.5659999999998,0.96435546875,-0.2734375,0.1982421875,-0.018091827612136003,0.101101389597233,0.021284503073102003,Null
26.5859999999998,0.9609375,-0.27587890625,0.1982421875,-0.07343153560220099,0.101101389597233,0.017027602458481002,Null
26.6059999999998,0.95263671875,-0.275390625,0.19140625,-0.101101389597233,0.101101389597233,0.008513801229241,Null
26.6269999999998,0.94677734375,-0.27734375,0.1865234375,-0.12983546874592,0.09684448898261201,-0.00212845030731,Null
26.6469999999998,0.95166015625,-0.28466796875,0.185546875,-0.153248422126331,0.09045913806068198,-0.015963377304826,Null
26.6669999999998,0.955078125,-0.2890625,0.19189453125,-0.159633773048262,0.08300956198509599,-0.032990979763308,Null
26.6909999999998,0.94580078125,-0.29443359375,0.19580078125,-0.160697998201917,0.074495760755856,-0.052147032529099004,Null
26.7119999999998,0.9384765625,-0.296875,0.19189453125,-0.16389067366288199,0.06811040983392501,-0.072367310448545,Null
26.7319999999998,0.94091796875,-0.30078125,0.1884765625,-0.17240447489212302,0.06066083375833999,-0.09152336321433699,Null
26.7519999999998,0.94921875,-0.306640625,0.19580078125,-0.17240447489212302,0.050018582221788996,-0.11280786628743801,Null
26.7719999999998,0.94384765625,-0.3134765625,0.20166015625,-0.153248422126331,0.042569006146202994,-0.13834926997516,Null
26.7919999999998,0.9375,-0.3173828125,0.20068359375,-0.133028144206885,0.034055204916963,-0.158569547894607,Null
26.8119999999998,0.935546875,-0.3154296875,0.1982421875,-0.121321667516679,0.031926754609652,-0.171340249738468,Null
26.8319999999998,0.94287109375,-0.31689453125,0.19580078125,-0.118128992055714,0.026605628841377002,-0.179854050967708,Null
26.8529999999998,0.94970703125,-0.32568359375,0.19580078125,-0.10748674051916302,0.017027602458481002,-0.18091827612136302,Null
26.8729999999998,0.95361328125,-0.3232421875,0.2060546875,-0.07023886014123501,0.009578026382896,-0.19368897796522402,Null
26.892999999999798,0.9638671875,-0.3076171875,0.2216796875,-0.043633231299858,0.00212845030731,-0.20645967980908497,Null
26.9129999999998,0.97900390625,-0.30810546875,0.2255859375,-0.076624211063166,0.00638535092193,-0.20433122950177499,Null
26.932999999999698,0.98974609375,-0.3046875,0.21630859375,-0.137285044821505,0.035119430070618,-0.195817428272535,Null
26.9579999999997,0.982421875,-0.3115234375,0.1962890625,-0.229872633189497,0.09152336321433699,-0.14686307120440098,Null
26.9779999999997,0.97705078125,-0.3134765625,0.19287109375,-0.246900235647978,0.10322983990454301,-0.101101389597233,Null
26.9979999999997,0.97021484375,-0.302734375,0.2041015625,-0.27137741418204503,0.11067941598012801,-0.04789013191447901,Null
27.0189999999997,0.94287109375,-0.29443359375,0.20166015625,-0.332038247940385,0.10535829021185301,0.005321125768275,Null
27.0389999999997,0.9326171875,-0.306640625,0.18701171875,-0.37035035347196704,0.076624211063166,0.038312105531583,Null
27.0589999999997,0.9404296875,-0.31689453125,0.1787109375,-0.346937400091556,0.056403933143719005,0.050018582221788996,Null
27.0829999999997,0.9501953125,-0.33447265625,0.16845703125,-0.228808408035842,0.037247880377928,0.044697456453513,Null
27.1029999999997,0.95703125,-0.2998046875,0.1845703125,-0.08939491290702699,0.013834926997516001,0.024477178534067005,Null
27.1239999999997,0.9716796875,-0.328125,0.18603515625,-0.11387209144109299,-0.005321125768275,0.014899152151171002,Null
27.1439999999997,0.98388671875,-0.35693359375,0.177734375,-0.13622081966785002,-0.012770701843860999,0.034055204916963,Null
27.1639999999997,0.9765625,-0.35986328125,0.1884765625,-0.14473462089709102,-0.008513801229241,0.09365181352164699,Null
27.1839999999997,0.9677734375,-0.37255859375,0.1982421875,-0.152184196972676,-0.023412953380412004,0.177725600660398,Null
27.2079999999997,0.95654296875,-0.37451171875,0.181640625,-0.08833068775337198,-0.04895435706813401,0.251157136262599,Null
27.2289999999998,0.9501953125,-0.36767578125,0.177734375,0.027669853995032002,-0.057468158297374,0.300111493330732,Null
27.2489999999997,0.93701171875,-0.345703125,0.1943359375,0.159633773048262,-0.06491773437296,0.313946420328248,Null
27.2689999999997,0.9189453125,-0.3251953125,0.20166015625,0.21284503073101602,-0.072367310448545,0.295854592716112,Null
27.2889999999997,0.9111328125,-0.3203125,0.2041015625,0.20752390496273998,-0.075559985909511,0.246900235647978,Null
27.3089999999997,0.9150390625,-0.310546875,0.208984375,0.26179938779914896,-0.075559985909511,0.18198250127501897,Null
27.3289999999997,0.921875,-0.28271484375,0.224609375,0.33310247309403995,-0.07343153560220099,0.11280786628743801,Null
27.348999999999698,0.93359375,-0.27783203125,0.2373046875,0.286276566333216,-0.06385350921930501,0.05959660860468499,Null
27.3689999999997,0.96044921875,-0.33642578125,0.23388671875,0.152184196972676,-0.04895435706813401,0.06491773437296,Null
27.3889999999997,0.986328125,-0.4423828125,0.19970703125,0.029798304302342003,-0.037247880377928,0.123450117823989,Null
27.4089999999997,1.017578125,-0.53173828125,0.18994140625,0.10322983990454301,-0.043633231299858,0.21710193134563602,Null
27.4299999999997,1.048828125,-0.66748046875,0.23046875,0.29372614240880196,-0.07130308529489,0.42036893569375605,Null
27.4499999999997,1.1142578125,-0.80810546875,0.251953125,0.5895807351249139,-0.10855096567281801,0.7651778854780021,Null
27.473999999999698,1.15869140625,-0.83642578125,0.25732421875,0.8151964676997909,-0.075559985909511,1.55376872433642,Null
27.4939999999997,1.12890625,-0.8515625,0.25439453125,0.713030852948903,-0.043633231299858,2.12525763184919,Null
27.5139999999997,1.087890625,-0.86962890625,0.26171875,0.6268286155028421,-0.057468158297374,2.55733304423315,Null
27.534999999999698,1.0537109375,-0.90234375,0.27001953125,0.664076495880769,-0.09471603867530198,2.82126088233961,Null
27.5549999999997,1.0146484375,-0.861328125,0.27099609375,0.8396736462338571,-0.126642793284954,2.9830231056951897,Null
27.5749999999997,0.9375,-0.79052734375,0.2451171875,0.9684448898261221,-0.126642793284954,3.08731717075338,Null
27.598999999999698,0.8349609375,-0.716796875,0.22412109375,0.9684448898261221,-0.124514342977644,3.12137237567035,Null
27.6189999999997,0.765625,-0.708984375,0.22900390625,0.8524443480777181,-0.16708334912384698,3.09689519713628,Null
27.6399999999997,0.7587890625,-0.75634765625,0.22802734375,0.709838177487938,-0.230936858343152,3.04049126399256,Null
27.659999999999698,0.74267578125,-0.765625,0.21875,0.680039873185596,-0.251157136262599,2.9702524038513305,Null
27.6799999999997,0.69677734375,-0.759765625,0.216796875,0.689617899568491,-0.238386434418738,2.91916959647588,Null
27.6999999999997,0.64111328125,-0.73876953125,0.2275390625,0.7055812768733171,-0.22455150742122199,2.8691510142540895,Null
27.723999999999698,0.61962890625,-0.80419921875,0.22802734375,0.454424140610719,-0.259670937491839,2.7882699025763102,Null
27.7449999999997,0.62646484375,-0.85986328125,0.21240234375,0.42781851176934205,-0.227744182882187,2.68078316205714,Null
27.7649999999997,0.5478515625,-0.810546875,0.24755859375,0.517213424676368,-0.16601912397019197,2.57968177245991,Null
27.784999999999698,0.47900390625,-0.79541015625,0.26220703125,0.461873716686304,-0.16708334912384698,2.4956079853211603,Null
27.8049999999997,0.4560546875,-0.81982421875,0.2509765625,0.391634856545069,-0.157505322740952,2.3934423705702703,Null
27.8249999999997,0.41259765625,-0.83251953125,0.255859375,0.365029227703692,-0.10961519082647302,2.2987263318949704,Null
27.8449999999997,0.365234375,-0.83740234375,0.24853515625,0.42249738600106607,-0.074495760755856,2.19017536622215,Null
27.8649999999997,0.32177734375,-0.77734375,0.2685546875,0.36290077739638205,-0.031926754609652,2.0752390496274002,Null
27.8849999999997,0.27490234375,-0.73291015625,0.29296875,0.21923038165294603,0.019156052765792,1.95604583241804,Null
27.9049999999997,0.220703125,-0.73681640625,0.3046875,0.13196391905323,0.050018582221788996,1.8315314894403898,Null
27.9249999999997,0.1748046875,-0.7236328125,0.29931640625,0.147927296358056,0.10216561475088799,1.66338391516289,Null
27.9459999999997,0.1142578125,-0.7001953125,0.3017578125,0.019156052765792,0.124514342977644,1.48672253965615,Null
27.9659999999997,0.08349609375,-0.71826171875,0.31591796875,-0.20113855404081,0.11067941598012801,1.29622623715189,Null
27.9859999999997,0.0673828125,-0.77978515625,0.32763671875,-0.21497348103832603,0.097908714136267,1.10572993464763,Null
28.0099999999997,0.052734375,-0.8046875,0.32568359375,-0.10003716444357699,0.10003716444357699,0.9450319364457099,Null
28.0299999999997,0.029296875,-0.81884765625,0.32763671875,0.003192675460965,0.116000541748404,0.8311598450046171,Null
28.0509999999997,0.0087890625,-0.83447265625,0.34130859375,-0.003192675460965,0.120257442363024,0.73750803148297,Null
28.0709999999997,-0.0009765625,-0.87841796875,0.3349609375,-0.058532383451029006,0.120257442363024,0.6278928406564971,Null
28.0909999999997,-0.00537109375,-0.91845703125,0.318359375,-0.028734079148687,0.13196391905323,0.5235987755982989,Null
28.1109999999997,-0.0146484375,-0.88330078125,0.32470703125,0.075559985909511,0.160697998201917,0.431011187230307,Null
28.1309999999997,-0.025390625,-0.84228515625,0.33642578125,0.04682590676082401,0.18730362704329398,0.3597081019354171,Null
28.150999999999698,-0.04443359375,-0.86083984375,0.31884765625,-0.09365181352164699,0.21923038165294603,0.300111493330732,Null
28.1709999999997,-0.06201171875,-0.89453125,0.29296875,-0.18304672642867398,0.228808408035842,0.23200108349680698,Null
28.1909999999997,-0.05810546875,-0.91162109375,0.29931640625,-0.244771785340668,0.21603770619198104,0.16389067366288199,Null
28.2109999999997,-0.0869140625,-0.93115234375,0.31298828125,-0.257542487184529,0.225615732574877,0.116000541748404,Null
28.2309999999997,-0.0986328125,-0.9013671875,0.33984375,-0.20645967980908497,0.20326700434811998,0.08513801229240599,Null
28.2519999999997,-0.1064453125,-0.94677734375,0.318359375,-0.31288219517459304,0.177725600660398,0.084073787138751,Null
28.2719999999997,-0.1201171875,-0.974609375,0.29296875,-0.31820332094286896,0.170276024584813,0.07023886014123501,Null
28.2919999999997,-0.13720703125,-0.96923828125,0.28466796875,-0.150055746665366,0.16282644850922698,0.037247880377928,Null
28.3119999999997,-0.13623046875,-0.9501953125,0.291015625,0.036183655224273,0.145798846050746,0.021284503073102003,Null
28.3319999999997,-0.14013671875,-0.92822265625,0.3115234375,0.11067941598012801,0.145798846050746,0.014899152151171002,Null
28.3519999999997,-0.15283203125,-0.9150390625,0.326171875,0.057468158297374,0.14686307120440098,-0.001064225153655,Null
28.371999999999698,-0.158203125,-0.939453125,0.30810546875,-0.06278928406565,0.126642793284954,-0.008513801229241,Null
28.3919999999997,-0.15869140625,-0.97265625,0.28857421875,-0.116000541748404,0.09684448898261201,-0.015963377304826,Null
28.4119999999997,-0.15673828125,-1.00048828125,0.28076171875,-0.09045913806068198,0.055339707990064005,-0.032990979763308,Null
28.4319999999997,-0.1455078125,-0.99267578125,0.296875,-0.00212845030731,0.014899152151171002,-0.044697456453513,Null
28.4519999999997,-0.14794921875,-0.99365234375,0.31103515625,0.0,-0.014899152151171002,-0.038312105531583,Null
28.4729999999997,-0.13818359375,-1.03271484375,0.302734375,-0.038312105531583,-0.065981959526615,-0.008513801229241,Null
28.496999999999698,-0.11474609375,-1.02783203125,0.29296875,0.042569006146202994,-0.10855096567281801,0.018091827612136003,Null
28.5169999999997,-0.1103515625,-0.9921875,0.28369140625,0.16708334912384698,-0.128771243592265,0.05959660860468499,Null
28.5369999999997,-0.12158203125,-0.955078125,0.30078125,0.19794587857984502,-0.133028144206885,0.11280786628743801,Null
28.557999999999698,-0.12890625,-0.95166015625,0.31787109375,0.10748674051916302,-0.128771243592265,0.154312647279986,Null
28.5779999999997,-0.13720703125,-0.94921875,0.3251953125,0.06066083375833999,-0.121321667516679,0.17240447489212302,Null
28.5979999999997,-0.14208984375,-0.9453125,0.3125,0.026605628841377002,-0.122385892670334,0.18304672642867398,Null
28.6179999999997,-0.1455078125,-0.95751953125,0.29736328125,-0.00212845030731,-0.13196391905323,0.19156052765791398,Null
28.6419999999997,-0.1318359375,-0.9697265625,0.3037109375,0.06811040983392501,-0.16389067366288199,0.222423057113912,Null
28.6629999999997,-0.1318359375,-0.94775390625,0.33349609375,0.09684448898261201,-0.17666137550674302,0.235193758957772,Null
28.682999999999698,-0.146484375,-0.91748046875,0.337890625,0.035119430070618,-0.18091827612136302,0.23200108349680698,Null
28.7029999999997,-0.1630859375,-0.9365234375,0.318359375,-0.08833068775337198,-0.18943207735060397,0.21497348103832603,Null
28.7229999999997,-0.162109375,-0.9453125,0.31201171875,-0.08194533683144099,-0.20433122950177499,0.179854050967708,Null
28.7429999999997,-0.16748046875,-0.9482421875,0.31396484375,-0.07343153560220099,-0.20965235527005102,0.12983546874592,Null
28.7629999999997,-0.162109375,-0.96142578125,0.3046875,-0.120257442363024,-0.225615732574877,0.074495760755856,Null
28.7829999999997,-0.158203125,-0.970703125,0.3017578125,-0.169211799431158,-0.250092911108944,0.042569006146202994,Null
28.8029999999997,-0.14501953125,-0.9951171875,0.3017578125,-0.148991521511711,-0.2788269902576311,0.025541403687721998,Null
28.8229999999997,-0.13916015625,-0.9814453125,0.30126953125,-0.09258758836799198,-0.307561069406318,0.023412953380412004,Null
28.842999999999698,-0.1455078125,-0.96533203125,0.29443359375,-0.09045913806068198,-0.34161627432328,0.018091827612136003,Null
28.8639999999997,-0.1416015625,-0.96875,0.2978515625,-0.101101389597233,-0.37247880377927794,0.012770701843860999,Null
28.8839999999997,-0.13720703125,-0.97802734375,0.30126953125,-0.06385350921930501,-0.39269908169872403,0.008513801229241,Null
28.903999999999698,-0.1376953125,-0.9619140625,0.29736328125,-0.030862529455997004,-0.405469783542585,0.00638535092193,Null
28.9239999999997,-0.14306640625,-0.9345703125,0.28759765625,-0.051082807375443996,-0.415047809925481,0.008513801229241,Null
28.9479999999997,-0.14404296875,-0.9560546875,0.27587890625,-0.09258758836799198,-0.4235616111547221,0.0,Null
28.9689999999997,-0.14404296875,-0.97607421875,0.29248046875,-0.10855096567281801,-0.43420386269127204,-0.026605628841377002,Null
28.9889999999997,-0.14013671875,-0.9619140625,0.31005859375,-0.07343153560220099,-0.44058921361320297,-0.05959660860468499,Null
29.0089999999997,-0.1337890625,-0.9609375,0.29736328125,-0.056403933143719005,-0.4427176639205129,-0.06811040983392501,Null
29.028999999999698,-0.1181640625,-0.98974609375,0.2705078125,-0.09471603867530198,-0.44058921361320297,-0.044697456453513,Null
29.0479999999997,-0.1220703125,-1.00537109375,0.2744140625,-0.11067941598012801,-0.41611203507913597,-0.038312105531583,Null
29.0689999999997,-0.12451171875,-1.025390625,0.2802734375,-0.143670395743436,-0.39695598231334395,-0.026605628841377002,Null
29.0889999999997,-0.103515625,-1.013671875,0.2861328125,-0.10003716444357699,-0.373543028932933,-0.010642251536551002,Null
29.1089999999997,-0.10302734375,-1.00439453125,0.29248046875,-0.079816886524131,-0.329909797633074,0.015963377304826,Null
29.1289999999997,-0.1005859375,-1.0009765625,0.3017578125,-0.097908714136267,-0.2969188178697669,0.038312105531583,Null
29.1489999999997,-0.09912109375,-1.0,0.298828125,-0.10535829021185301,-0.26924896387473496,0.05959660860468499,Null
29.1689999999997,-0.09326171875,-0.9951171875,0.28564453125,-0.08513801229240599,-0.236257984111428,0.07343153560220099,Null
29.188999999999698,-0.08837890625,-0.97900390625,0.29833984375,-0.038312105531583,-0.19156052765791398,0.06385350921930501,Null
29.2089999999997,-0.09130859375,-0.96484375,0.30615234375,-0.028734079148687,-0.147927296358056,0.054275482836409004,Null
29.2289999999997,-0.087890625,-0.97900390625,0.2978515625,-0.054275482836409004,-0.120257442363024,0.05959660860468499,Null
29.2489999999997,-0.09326171875,-0.96484375,0.29345703125,-0.06066083375833999,-0.09045913806068198,0.04789013191447901,Null
29.2699999999997,-0.095703125,-0.96923828125,0.28564453125,-0.079816886524131,-0.06385350921930501,0.034055204916963,Null
29.2899999999997,-0.09716796875,-0.97900390625,0.2900390625,-0.086202237446062,-0.044697456453513,0.021284503073102003,Null
29.3099999999997,-0.0986328125,-0.97509765625,0.291015625,-0.084073787138751,-0.032990979763308,0.008513801229241,Null
29.3299999999997,-0.09912109375,-0.98193359375,0.29150390625,-0.09045913806068198,-0.027669853995032002,0.003192675460965,Null
29.3539999999997,-0.0966796875,-0.98779296875,0.29248046875,-0.080881111677786,-0.021284503073102003,0.00425690061462,Null
29.374999999999698,-0.09326171875,-0.99267578125,0.29931640625,-0.072367310448545,-0.012770701843860999,0.007449576075585999,Null
29.3949999999997,-0.09716796875,-1.00537109375,0.29638671875,-0.06704618468026999,0.00425690061462,0.009578026382896,Null
29.4149999999997,-0.09765625,-1.0029296875,0.29296875,-0.027669853995032002,0.020220277919447,0.00638535092193,Null
29.4349999999997,-0.0908203125,-1.00439453125,0.291015625,0.0,0.04150478099254799,0.017027602458481002,Null
29.4549999999997,-0.09814453125,-1.00048828125,0.2890625,-0.007449576075585999,0.075559985909511,0.030862529455997004,Null
29.4749999999997,-0.10498046875,-0.98876953125,0.29345703125,-0.020220277919447,0.10535829021185301,0.038312105531583,Null
29.4949999999997,-0.10888671875,-0.98828125,0.29296875,-0.030862529455997004,0.130899693899575,0.04895435706813401,Null
29.5149999999997,-0.11376953125,-0.9794921875,0.2919921875,-0.037247880377928,0.154312647279986,0.054275482836409004,Null
29.534999999999698,-0.11572265625,-0.9853515625,0.287109375,-0.052147032529099004,0.175597150353088,0.056403933143719005,Null
29.5549999999997,-0.12109375,-0.9765625,0.28369140625,-0.030862529455997004,0.195817428272535,0.051082807375443996,Null
29.5749999999997,-0.12646484375,-0.9599609375,0.271484375,-0.00425690061462,0.21178080557736104,0.043633231299858,Null
29.595999999999698,-0.126953125,-0.9560546875,0.27392578125,-0.005321125768275,0.220294606806601,0.039376330685238,Null
29.6159999999997,-0.12451171875,-0.97607421875,0.27490234375,-0.034055204916963,0.228808408035842,0.038312105531583,Null
29.6359999999997,-0.1279296875,-0.982421875,0.26708984375,-0.035119430070618,0.237322209265083,0.027669853995032002,Null
29.659999999999698,-0.13232421875,-0.9814453125,0.259765625,-0.007449576075585999,0.236257984111428,0.009578026382896,Null
29.6809999999997,-0.13134765625,-0.9853515625,0.2587890625,-0.001064225153655,0.225615732574877,0.003192675460965,Null
29.7009999999997,-0.12890625,-0.98193359375,0.25830078125,0.001064225153655,0.21603770619198104,-0.001064225153655,Null
29.720999999999698,-0.12890625,-0.984375,0.2529296875,-0.012770701843860999,0.20539545465543,0.001064225153655,Null
29.7409999999997,-0.13427734375,-0.9814453125,0.25,-0.00638535092193,0.19368897796522402,0.005321125768275,Null
29.7609999999997,-0.14111328125,-0.98291015625,0.255859375,-0.012770701843860999,0.177725600660398,0.015963377304826,Null
29.7809999999997,-0.14599609375,-0.97998046875,0.259765625,-0.026605628841377002,0.160697998201917,0.024477178534067005,Null
29.8009999999997,-0.15771484375,-0.97412109375,0.26025390625,-0.038312105531583,0.148991521511711,0.021284503073102003,Null
29.8209999999997,-0.16015625,-0.970703125,0.255859375,-0.043633231299858,0.12983546874592,0.012770701843860999,Null
29.845999999999698,-0.1611328125,-0.9736328125,0.25244140625,-0.036183655224273,0.11387209144109299,0.00212845030731,Null
29.8659999999997,-0.154296875,-0.97509765625,0.25341796875,-0.011706476690206002,0.09897293928992199,-0.005321125768275,Null
29.8869999999997,-0.15087890625,-0.9765625,0.25341796875,0.009578026382896,0.08513801229240599,-0.00638535092193,Null
29.906999999999698,-0.1494140625,-0.982421875,0.25341796875,0.010642251536551002,0.076624211063166,0.0,Null
29.9269999999997,-0.14404296875,-0.98046875,0.25732421875,0.007449576075585999,0.07130308529489,0.007449576075585999,Null
29.9469999999997,-0.14697265625,-0.9775390625,0.25390625,-0.00638535092193,0.07130308529489,0.015963377304826,Null
29.970999999999698,-0.14697265625,-0.97705078125,0.24755859375,-0.026605628841377002,0.07023886014123501,0.029798304302342003,Null
29.9919999999997,-0.1494140625,-0.97900390625,0.24755859375,-0.038312105531583,0.07130308529489,0.029798304302342003,Null
30.0119999999997,-0.1552734375,-0.9833984375,0.24951171875,-0.042569006146202994,0.07023886014123501,0.021284503073102003,Null
30.031999999999698,-0.15771484375,-0.98095703125,0.24853515625,-0.037247880377928,0.06491773437296,0.012770701843860999,Null
30.0519999999997,-0.15625,-0.98046875,0.25244140625,-0.036183655224273,0.052147032529099004,0.013834926997516001,Null
30.0719999999997,-0.15283203125,-0.98583984375,0.2509765625,-0.027669853995032002,0.042569006146202994,0.019156052765792,Null
30.0919999999997,-0.15380859375,-0.9873046875,0.2490234375,-0.020220277919447,0.035119430070618,0.023412953380412004,Null
30.1129999999997,-0.15380859375,-0.9833984375,0.251953125,-0.011706476690206002,0.027669853995032002,0.023412953380412004,Null
30.1369999999997,-0.154296875,-0.98876953125,0.25244140625,-0.00638535092193,0.021284503073102003,0.025541403687721998,Null
30.156999999999698,-0.1494140625,-0.9912109375,0.2548828125,-0.003192675460965,0.017027602458481002,0.026605628841377002,Null
30.1769999999997,-0.1513671875,-0.98583984375,0.24951171875,-0.00212845030731,0.019156052765792,0.031926754609652,Null
30.1979999999997,-0.15869140625,-0.98291015625,0.24169921875,-0.001064225153655,0.025541403687721998,0.037247880377928,Null
30.217999999999698,-0.15625,-0.98876953125,0.2470703125,-0.00638535092193,0.025541403687721998,0.043633231299858,Null
30.2379999999997,-0.15625,-0.9931640625,0.25537109375,-0.017027602458481002,0.026605628841377002,0.04789013191447901,Null
30.2579999999997,-0.15966796875,-0.9892578125,0.2548828125,-0.008513801229241,0.027669853995032002,0.04682590676082401,Null
30.281999999999698,-0.1611328125,-0.98046875,0.24951171875,0.009578026382896,0.029798304302342003,0.04150478099254799,Null
30.3029999999997,-0.158203125,-0.984375,0.24951171875,0.014899152151171002,0.029798304302342003,0.039376330685238,Null
30.3229999999997,-0.158203125,-0.97998046875,0.251953125,0.024477178534067005,0.028734079148687,0.038312105531583,Null
30.342999999999698,-0.158203125,-0.96484375,0.2548828125,0.00425690061462,0.030862529455997004,0.035119430070618,Null
30.3629999999997,-0.16162109375,-0.97412109375,0.24658203125,-0.00425690061462,0.031926754609652,0.028734079148687,Null
30.3819999999997,-0.1650390625,-0.982421875,0.24169921875,0.003192675460965,0.030862529455997004,0.021284503073102003,Null
30.4029999999997,-0.16748046875,-0.982421875,0.24072265625,0.032990979763308,0.025541403687721998,0.003192675460965,Null
30.4229999999997,-0.1669921875,-0.98291015625,0.24169921875,0.031926754609652,0.014899152151171002,0.003192675460965,Null
30.4429999999997,-0.16943359375,-0.9814453125,0.24072265625,0.009578026382896,0.00638535092193,0.00638535092193,Null
30.4629999999997,-0.17138671875,-0.9853515625,0.24169921875,-0.003192675460965,0.0,0.008513801229241,Null
30.4829999999997,-0.17578125,-0.98681640625,0.24365234375,-0.00638535092193,-0.015963377304826,0.011706476690206002,Null
30.502999999999698,-0.1767578125,-0.99560546875,0.2373046875,0.00638535092193,-0.035119430070618,0.008513801229241,Null
30.5229999999997,-0.1689453125,-1.00146484375,0.23681640625,0.036183655224273,-0.052147032529099004,0.00425690061462,Null
30.5429999999997,-0.16259765625,-0.998046875,0.24658203125,0.057468158297374,-0.061725058911995,0.00425690061462,Null
30.5629999999997,-0.16259765625,-0.986328125,0.2509765625,0.06491773437296,-0.06811040983392501,0.00638535092193,Null
30.5829999999997,-0.15478515625,-0.97998046875,0.25341796875,0.06278928406565,-0.07023886014123501,0.011706476690206002,Null
30.6039999999997,-0.15185546875,-0.9775390625,0.25341796875,0.051082807375443996,-0.057468158297374,0.015963377304826,Null
30.6239999999997,-0.15478515625,-0.97216796875,0.25537109375,0.044697456453513,-0.038312105531583,0.017027602458481002,Null
30.6439999999997,-0.1572265625,-0.9677734375,0.2578125,0.038312105531583,-0.021284503073102003,0.017027602458481002,Null
30.6679999999997,-0.162109375,-0.970703125,0.2568359375,0.019156052765792,0.001064225153655,0.015963377304826,Null
30.6879999999997,-0.16796875,-0.96533203125,0.25927734375,0.017027602458481002,0.014899152151171002,0.00638535092193,Null
30.7089999999997,-0.16845703125,-0.97265625,0.2568359375,0.008513801229241,0.017027602458481002,0.0,Null
30.7289999999997,-0.166015625,-0.97705078125,0.25537109375,0.018091827612136003,0.017027602458481002,-0.008513801229241,Null
30.7489999999997,-0.16455078125,-0.98486328125,0.25244140625,0.026605628841377002,0.013834926997516001,-0.009578026382896,Null
30.7689999999997,-0.1611328125,-0.98486328125,0.2548828125,0.032990979763308,0.009578026382896,-0.005321125768275,Null
30.7929999999997,-0.1611328125,-0.98291015625,0.25830078125,0.025541403687721998,0.00638535092193,0.00212845030731,Null
30.813999999999698,-0.162109375,-0.98486328125,0.2578125,0.018091827612136003,0.00425690061462,0.011706476690206002,Null
30.8339999999997,-0.1640625,-0.98193359375,0.2646484375,0.023412953380412004,0.00425690061462,0.017027602458481002,Null
30.8539999999997,-0.17041015625,-0.984375,0.26708984375,0.030862529455997004,0.00425690061462,0.022348728226757004,Null
30.8739999999997,-0.169921875,-1.0,0.26220703125,0.04789013191447901,0.00212845030731,0.028734079148687,Null
30.8939999999997,-0.154296875,-0.99658203125,0.26806640625,0.10748674051916302,-0.008513801229241,0.035119430070618,Null
30.9149999999997,-0.15087890625,-0.96923828125,0.29052734375,0.148991521511711,-0.00212845030731,0.050018582221788996,Null
30.9349999999997,-0.16796875,-0.94970703125,0.291015625,0.11067941598012801,0.028734079148687,0.05959660860468499,Null
30.9549999999997,-0.1796875,-0.9599609375,0.2685546875,0.053211257682754004,0.06066083375833999,0.053211257682754004,Null
30.9789999999997,-0.18603515625,-0.97021484375,0.25927734375,0.065981959526615,0.08833068775337198,0.025541403687721998,Null
30.9989999999997,-0.1904296875,-0.96630859375,0.26708984375,0.06385350921930501,0.08194533683144099,0.018091827612136003,Null
31.0199999999997,-0.19091796875,-0.97509765625,0.26806640625,0.037247880377928,0.051082807375443996,0.021284503073102003,Null
31.0399999999997,-0.18505859375,-0.99609375,0.2568359375,0.040440555838893,0.011706476690206002,0.025541403687721998,Null
31.0599999999997,-0.17822265625,-0.99853515625,0.2568359375,0.079816886524131,-0.024477178534067005,0.025541403687721998,Null
31.0799999999997,-0.171875,-0.98193359375,0.263671875,0.101101389597233,-0.050018582221788996,0.027669853995032002,Null
31.1039999999997,-0.1689453125,-0.97265625,0.2607421875,0.08726646259971699,-0.06491773437296,0.027669853995032002,Null
31.124999999999698,-0.16650390625,-0.97998046875,0.26708984375,0.08513801229240599,-0.07023886014123501,0.020220277919447,Null
31.1449999999997,-0.16015625,-0.97900390625,0.26904296875,0.10748674051916302,-0.074495760755856,0.008513801229241,Null
31.1649999999997,-0.158203125,-0.97265625,0.27587890625,0.133028144206885,-0.07343153560220099,0.00212845030731,Null
31.1849999999997,-0.158203125,-0.96142578125,0.28564453125,0.13409236936053998,-0.065981959526615,0.003192675460965,Null
31.2049999999997,-0.15966796875,-0.9541015625,0.2880859375,0.10003716444357699,-0.051082807375443996,0.003192675460965,Null
31.2249999999997,-0.162109375,-0.9541015625,0.28271484375,0.06811040983392501,-0.035119430070618,-0.00638535092193,Null
31.2449999999997,-0.16259765625,-0.9638671875,0.28125,0.051082807375443996,-0.025541403687721998,-0.018091827612136003,Null
31.2699999999997,-0.15673828125,-0.9619140625,0.28564453125,0.06278928406565,-0.024477178534067005,-0.036183655224273,Null
31.2899999999997,-0.16357421875,-0.93896484375,0.287109375,0.04150478099254799,-0.022348728226757004,-0.038312105531583,Null
31.3099999999997,-0.177734375,-0.9404296875,0.28125,0.00638535092193,-0.038312105531583,-0.053211257682754004,Null
31.3309999999997,-0.173828125,-0.95263671875,0.28173828125,0.020220277919447,-0.05959660860468499,-0.08726646259971699,Null
31.3509999999997,-0.169921875,-0.95361328125,0.283203125,0.053211257682754004,-0.08833068775337198,-0.120257442363024,Null
31.374999999999698,-0.15576171875,-0.94384765625,0.28369140625,0.053211257682754004,-0.11387209144109299,-0.141541945436126,Null
31.3949999999997,-0.15478515625,-0.94189453125,0.28271484375,0.035119430070618,-0.130899693899575,-0.161762223355572,Null
31.4159999999997,-0.150390625,-0.943359375,0.283203125,0.021284503073102003,-0.14686307120440098,-0.17666137550674302,Null
31.435999999999698,-0.1513671875,-0.93603515625,0.28369140625,0.00638535092193,-0.164954898816537,-0.19156052765791398,Null
31.4559999999997,-0.1416015625,-0.94384765625,0.27783203125,-0.020220277919447,-0.18730362704329398,-0.20007432888715498,Null
31.4759999999997,-0.13720703125,-0.947265625,0.2744140625,-0.028734079148687,-0.19794587857984502,-0.21923038165294603,Null
31.4959999999997,-0.1318359375,-0.95458984375,0.27783203125,-0.013834926997516001,-0.20752390496273998,-0.243707560187013,Null
31.5159999999997,-0.12841796875,-0.96240234375,0.2802734375,-0.013834926997516001,-0.21710193134563602,-0.26179938779914896,Null
31.5369999999997,-0.1220703125,-0.9755859375,0.28076171875,-0.044697456453513,-0.226679957728532,-0.27244163933570004,Null
31.560999999999698,-0.10400390625,-1.00634765625,0.2900390625,-0.076624211063166,-0.242643335033358,-0.26392783810646,Null
31.5809999999997,-0.095703125,-1.0234375,0.2998046875,-0.074495760755856,-0.245836010494323,-0.237322209265083,Null
31.6009999999997,-0.09228515625,-1.0341796875,0.29248046875,-0.038312105531583,-0.237322209265083,-0.18411095158232899,Null
31.621999999999698,-0.09912109375,-1.01416015625,0.3046875,-0.00638535092193,-0.21178080557736104,-0.130899693899575,Null
31.6419999999997,-0.1015625,-1.01806640625,0.318359375,-0.042569006146202994,-0.18517517673598397,-0.08726646259971699,Null
31.6619999999997,-0.09716796875,-1.01806640625,0.32275390625,-0.042569006146202994,-0.159633773048262,-0.05959660860468499,Null
31.685999999999698,-0.09765625,-1.005859375,0.31298828125,-0.014899152151171002,-0.116000541748404,-0.017027602458481002,Null
31.7059999999997,-0.09423828125,-1.001953125,0.3115234375,-0.014899152151171002,-0.09045913806068198,0.00212845030731,Null
31.7269999999997,-0.0859375,-1.00244140625,0.3056640625,-0.009578026382896,-0.07130308529489,0.022348728226757004,Null
31.746999999999698,-0.083984375,-0.99365234375,0.296875,0.001064225153655,-0.04789013191447901,0.042569006146202994,Null
31.7669999999997,-0.08642578125,-0.9814453125,0.291015625,0.00212845030731,-0.028734079148687,0.052147032529099004,Null
31.7909999999997,-0.08544921875,-0.9853515625,0.28173828125,-0.007449576075585999,-0.017027602458481002,0.055339707990064005,Null
31.810999999999698,-0.0810546875,-0.9921875,0.27880859375,0.00212845030731,-0.010642251536551002,0.058532383451029006,Null
31.8319999999997,-0.0810546875,-0.98388671875,0.28125,0.023412953380412004,0.001064225153655,0.06066083375833999,Null
31.8519999999997,-0.08056640625,-0.9755859375,0.2783203125,0.00425690061462,0.011706476690206002,0.06917463498758,Null
31.871999999999698,-0.08642578125,-0.978515625,0.271484375,-0.032990979763308,0.028734079148687,0.07343153560220099,Null
31.8919999999997,-0.09033203125,-0.97802734375,0.2685546875,-0.042569006146202994,0.04682590676082401,0.075559985909511,Null
31.9119999999997,-0.09423828125,-0.97705078125,0.2666015625,-0.043633231299858,0.061725058911995,0.074495760755856,Null
31.9319999999997,-0.095703125,-0.98974609375,0.26904296875,-0.055339707990064005,0.07130308529489,0.077688436216821,Null
31.9529999999997,-0.091796875,-1.0068359375,0.27685546875,-0.04682590676082401,0.074495760755856,0.08300956198509599,Null
31.9719999999997,-0.09130859375,-1.01171875,0.2900390625,-0.019156052765792,0.08300956198509599,0.08726646259971699,Null
31.996999999999698,-0.09033203125,-0.97314453125,0.29833984375,-0.010642251536551002,0.11067941598012801,0.10429406505819801,Null
32.0169999999997,-0.0927734375,-0.962890625,0.2978515625,-0.058532383451029006,0.139413495128815,0.119193217209369,Null
32.0379999999997,-0.1103515625,-0.94189453125,0.29443359375,-0.09152336321433699,0.16601912397019197,0.114936316594749,Null
32.0579999999997,-0.12158203125,-0.94287109375,0.287109375,-0.10216561475088799,0.18517517673598397,0.086202237446062,Null
32.0779999999997,-0.12451171875,-0.9541015625,0.27587890625,-0.086202237446062,0.19156052765791398,0.044697456453513,Null
32.0979999999997,-0.12548828125,-0.9638671875,0.27294921875,-0.055339707990064005,0.19156052765791398,0.009578026382896,Null
32.1179999999997,-0.123046875,-0.982421875,0.2744140625,-0.022348728226757004,0.179854050967708,-0.011706476690206002,Null
32.1379999999997,-0.11279296875,-1.005859375,0.271484375,-0.00638535092193,0.164954898816537,-0.00425690061462,Null
32.1579999999997,-0.1142578125,-1.01513671875,0.267578125,-0.008513801229241,0.16282644850922698,0.015963377304826,Null
32.1779999999997,-0.11279296875,-1.01806640625,0.267578125,-0.00212845030731,0.159633773048262,0.034055204916963,Null
32.1979999999997,-0.1103515625,-1.01611328125,0.265625,0.014899152151171002,0.16389067366288199,0.044697456453513,Null
32.2179999999997,-0.10693359375,-0.99951171875,0.2666015625,0.021284503073102003,0.17666137550674302,0.054275482836409004,Null
32.2389999999997,-0.1142578125,-0.98291015625,0.27392578125,-0.005321125768275,0.192624752811569,0.06491773437296,Null
32.2589999999998,-0.125,-0.98291015625,0.2734375,-0.017027602458481002,0.195817428272535,0.06917463498758,Null
32.2829999999997,-0.13232421875,-0.9736328125,0.27197265625,-0.013834926997516001,0.20326700434811998,0.06385350921930501,Null
32.3029999999998,-0.13818359375,-0.9765625,0.26953125,-0.013834926997516001,0.20539545465543,0.055339707990064005,Null
32.3229999999998,-0.14306640625,-0.98388671875,0.27001953125,0.003192675460965,0.19688165342619002,0.045761681607168,Null
32.3439999999998,-0.1396484375,-0.9873046875,0.27490234375,0.032990979763308,0.18304672642867398,0.042569006146202994,Null
32.3639999999998,-0.13720703125,-0.9814453125,0.28173828125,0.04789013191447901,0.177725600660398,0.039376330685238,Null
32.3839999999998,-0.14404296875,-0.9853515625,0.27685546875,0.039376330685238,0.179854050967708,0.037247880377928,Null
32.4039999999998,-0.14453125,-0.98583984375,0.2763671875,0.043633231299858,0.175597150353088,0.031926754609652,Null
32.4239999999998,-0.14501953125,-0.98193359375,0.27490234375,0.058532383451029006,0.17666137550674302,0.029798304302342003,Null
32.4439999999998,-0.1494140625,-0.98095703125,0.27294921875,0.061725058911995,0.179854050967708,0.032990979763308,Null
32.4639999999998,-0.15771484375,-0.9833984375,0.26806640625,0.061725058911995,0.178789825814053,0.034055204916963,Null
32.4839999999998,-0.16162109375,-0.98095703125,0.26611328125,0.072367310448545,0.17240447489212302,0.035119430070618,Null
32.5039999999998,-0.15966796875,-0.97802734375,0.27001953125,0.084073787138751,0.164954898816537,0.039376330685238,Null
32.5239999999998,-0.15673828125,-0.97216796875,0.27587890625,0.09045913806068198,0.16282644850922698,0.045761681607168,Null
32.5449999999998,-0.15576171875,-0.96533203125,0.271484375,0.078752661370476,0.171340249738468,0.056403933143719005,Null
32.5649999999998,-0.15966796875,-0.958984375,0.26611328125,0.057468158297374,0.18517517673598397,0.05959660860468499,Null
32.5849999999998,-0.16357421875,-0.9580078125,0.26318359375,0.035119430070618,0.19368897796522402,0.058532383451029006,Null
32.6049999999998,-0.171875,-0.95556640625,0.26220703125,0.018091827612136003,0.20220277919446497,0.054275482836409004,Null
32.6249999999998,-0.17919921875,-0.953125,0.26416015625,-0.008513801229241,0.20752390496273998,0.043633231299858,Null
32.6449999999998,-0.18408203125,-0.95458984375,0.2626953125,-0.035119430070618,0.20113855404081,0.035119430070618,Null
32.6659999999998,-0.1923828125,-0.95947265625,0.2587890625,-0.04895435706813401,0.19049630250425897,0.038312105531583,Null
32.6899999999998,-0.19921875,-0.97021484375,0.25830078125,-0.04789013191447901,0.153248422126331,0.034055204916963,Null
32.7099999999998,-0.1923828125,-0.9736328125,0.2646484375,-0.032990979763308,0.126642793284954,0.036183655224273,Null
32.7299999999998,-0.1904296875,-0.9755859375,0.26806640625,-0.029798304302342003,0.10961519082647302,0.04150478099254799,Null
32.7509999999998,-0.1923828125,-0.97412109375,0.26513671875,-0.032990979763308,0.09684448898261201,0.04150478099254799,Null
32.7709999999998,-0.18798828125,-0.9736328125,0.263671875,-0.042569006146202994,0.08513801229240599,0.040440555838893,Null
32.7949999999998,-0.1806640625,-0.9853515625,0.26904296875,-0.04789013191447901,0.077688436216821,0.040440555838893,Null
32.8149999999998,-0.18408203125,-0.98046875,0.2685546875,-0.045761681607168,0.078752661370476,0.036183655224273,Null
32.8349999999998,-0.19189453125,-0.97607421875,0.265625,-0.045761681607168,0.072367310448545,0.036183655224273,Null
32.8559999999998,-0.1962890625,-0.97607421875,0.265625,-0.045761681607168,0.05959660860468499,0.037247880377928,Null
32.8759999999998,-0.19775390625,-0.97021484375,0.263671875,-0.032990979763308,0.045761681607168,0.035119430070618,Null
32.8959999999998,-0.19775390625,-0.97265625,0.259765625,-0.023412953380412004,0.031926754609652,0.029798304302342003,Null
32.9159999999998,-0.2001953125,-0.97509765625,0.259765625,-0.007449576075585999,0.021284503073102003,0.023412953380412004,Null
32.9359999999998,-0.2001953125,-0.974609375,0.25830078125,0.010642251536551002,0.008513801229241,0.019156052765792,Null
32.9559999999998,-0.2021484375,-0.97216796875,0.251953125,0.019156052765792,-0.003192675460965,0.020220277919447,Null
32.9759999999998,-0.201171875,-0.97509765625,0.24609375,0.013834926997516001,-0.009578026382896,0.024477178534067005,Null
32.9959999999998,-0.19140625,-0.98095703125,0.2470703125,0.013834926997516001,-0.015963377304826,0.028734079148687,Null
33.0159999999998,-0.17626953125,-0.97509765625,0.25390625,0.017027602458481002,-0.013834926997516001,0.038312105531583,Null
33.0359999999999,-0.1708984375,-0.9619140625,0.2529296875,-0.001064225153655,0.00425690061462,0.051082807375443996,Null
33.0569999999999,-0.17626953125,-0.9560546875,0.24365234375,-0.04789013191447901,0.024477178534067005,0.061725058911995,Null
33.0769999999999,-0.18798828125,-0.9609375,0.240234375,-0.09045913806068198,0.043633231299858,0.06066083375833999,Null
33.0969999999999,-0.1962890625,-0.9765625,0.23779296875,-0.09684448898261201,0.052147032529099004,0.044697456453513,Null
33.1169999999999,-0.19287109375,-0.98095703125,0.23681640625,-0.06811040983392501,0.050018582221788996,0.024477178534067005,Null
33.1369999999999,-0.19140625,-0.9765625,0.240234375,-0.035119430070618,0.043633231299858,0.018091827612136003,Null
33.1569999999999,-0.19970703125,-0.97216796875,0.2451171875,-0.028734079148687,0.039376330685238,0.022348728226757004,Null
33.1769999999999,-0.20849609375,-0.98828125,0.24853515625,-0.039376330685238,0.030862529455997004,0.035119430070618,Null
33.1969999999999,-0.18701171875,-0.99267578125,0.271484375,-0.037247880377928,0.015963377304826,0.042569006146202994,Null
33.2169999999999,-0.14697265625,-0.96826171875,0.28173828125,-0.08833068775337198,0.04150478099254799,0.045761681607168,Null
33.2369999999999,-0.14306640625,-0.91796875,0.2548828125,-0.237322209265083,0.122385892670334,0.037247880377928,Null
33.2569999999999,-0.2060546875,-0.92236328125,0.2080078125,-0.449103014842443,0.20433122950177499,0.017027602458481002,Null
33.2779999999999,-0.23291015625,-0.9697265625,0.1875,-0.581066933895673,0.19688165342619002,-0.018091827612136003,Null
33.3019999999999,-0.2197265625,-0.99609375,0.18017578125,-0.5863880596639489,0.150055746665366,-0.050018582221788996,Null
33.3219999999999,-0.216796875,-1.02490234375,0.1630859375,-0.5033784976788521,0.10322983990454301,-0.025541403687721998,Null
33.3419999999999,-0.208984375,-1.00341796875,0.171875,-0.35013007555252096,0.039376330685238,0.012770701843860999,Null
33.3629999999999,-0.224609375,-0.97802734375,0.1806640625,-0.249028685955288,-0.008513801229241,0.054275482836409004,Null
33.3829999999999,-0.2607421875,-0.96728515625,0.17626953125,-0.20539545465543,-0.045761681607168,0.08513801229240599,Null
33.4029999999999,-0.28076171875,-0.97509765625,0.1669921875,-0.18943207735060397,-0.072367310448545,0.086202237446062,Null
33.4219999999999,-0.2724609375,-1.00390625,0.14306640625,-0.124514342977644,-0.08194533683144099,0.06278928406565,Null
33.4429999999999,-0.23291015625,-1.02294921875,0.12939453125,0.038312105531583,-0.072367310448545,0.025541403687721998,Null
33.4629999999999,-0.21337890625,-1.0205078125,0.1435546875,0.161762223355572,-0.022348728226757004,-0.014899152151171002,Null
33.4829999999999,-0.20703125,-1.04296875,0.16650390625,0.154312647279986,0.010642251536551002,-0.036183655224273,Null
33.5029999999999,-0.18603515625,-1.0673828125,0.18310546875,0.08726646259971699,0.009578026382896,-0.024477178534067005,Null
33.5229999999999,-0.140625,-1.0830078125,0.19189453125,-0.009578026382896,-0.007449576075585999,0.036183655224273,Null
33.5429999999999,-0.09814453125,-0.99609375,0.22021484375,-0.086202237446062,-0.00638535092193,0.124514342977644,Null
33.5629999999999,-0.16259765625,-0.919921875,0.22314453125,-0.30649684425266305,0.042569006146202994,0.20220277919446497,Null
33.5829999999999,-0.23486328125,-0.94091796875,0.19287109375,-0.578938483588363,0.035119430070618,0.21284503073101602,Null
33.6029999999999,-0.224609375,-0.98291015625,0.1484375,-0.6885536744148361,-0.026605628841377002,0.157505322740952,Null
33.6229999999999,-0.2099609375,-1.0185546875,0.11181640625,-0.5661677817445021,-0.037247880377928,0.119193217209369,Null
33.6429999999999,-0.21044921875,-1.02587890625,0.10205078125,-0.302239943638043,-0.018091827612136003,0.10429406505819801,Null
33.6629999999999,-0.21533203125,-1.01123046875,0.12548828125,0.014899152151171002,-0.018091827612136003,0.10855096567281801,Null
33.6839999999999,-0.20556640625,-0.9365234375,0.16748046875,0.27457008964301,-0.00425690061462,0.12557856813129903,Null
33.7039999999999,-0.208984375,-0.9033203125,0.1787109375,0.239450659572393,0.08939491290702699,0.13196391905323,Null
33.7239999999999,-0.22216796875,-0.8994140625,0.17041015625,0.013834926997516001,0.220294606806601,0.08726646259971699,Null
33.7439999999999,-0.23828125,-0.9580078125,0.1240234375,-0.26818473872107995,0.328845572479419,0.003192675460965,Null
33.763999999999896,-0.2294921875,-1.04248046875,0.09619140625,-0.421433160847411,0.365029227703692,-0.07023886014123501,Null
33.7839999999999,-0.22216796875,-1.095703125,0.0966796875,-0.36609345285734707,0.35013007555252096,-0.10216561475088799,Null
33.804,-0.22705078125,-1.10009765625,0.09912109375,-0.171340249738468,0.285212341179561,-0.06811040983392501,Null
33.824,-0.23095703125,-1.07470703125,0.123046875,0.034055204916963,0.18304672642867398,0.007449576075585999,Null
33.844,-0.216796875,-1.02197265625,0.1376953125,0.156441097587297,0.10642251536550801,0.10216561475088799,Null
33.864000000000004,-0.19970703125,-0.9921875,0.11865234375,0.116000541748404,0.09258758836799198,0.15111997181902098,Null
33.884,-0.21484375,-0.958984375,0.1123046875,0.06278928406565,0.133028144206885,0.12983546874592,Null
33.904,-0.216796875,-0.94482421875,0.1103515625,0.005321125768275,0.16282644850922698,0.08513801229240599,Null
33.924,-0.20556640625,-0.9384765625,0.09619140625,-0.07023886014123501,0.20113855404081,0.025541403687721998,Null
33.944,-0.23974609375,-0.91748046875,0.08251953125,-0.08726646259971699,0.251157136262599,-0.009578026382896,Null
33.964,-0.2529296875,-0.92236328125,0.07568359375,-0.119193217209369,0.245836010494323,-0.009578026382896,Null
33.985,-0.25146484375,-0.9462890625,0.06640625,-0.12983546874592,0.250092911108944,-0.010642251536551002,Null
34.005,-0.24609375,-0.96826171875,0.05224609375,-0.076624211063166,0.29479036756245697,-0.025541403687721998,Null
34.025,-0.224609375,-0.982421875,0.0380859375,-0.018091827612136003,0.37247880377927794,-0.080881111677786,Null
34.045,-0.2060546875,-0.97509765625,0.05224609375,0.019156052765792,0.45229569030340905,-0.137285044821505,Null
34.065,-0.23046875,-0.97900390625,0.0771484375,0.010642251536551002,0.5108280737544381,-0.13834926997516,Null
34.085,-0.23974609375,-1.00439453125,0.07958984375,0.00425690061462,0.492736246142302,-0.10642251536550801,Null
34.105,-0.23486328125,-1.001953125,0.0703125,0.08833068775337198,0.441653438766858,-0.055339707990064005,Null
34.125,-0.2412109375,-0.96728515625,0.06884765625,0.19794587857984502,0.40866245900354997,-0.00425690061462,Null
34.145,-0.24560546875,-0.9658203125,0.0595703125,0.230936858343152,0.393763306852379,0.027669853995032002,Null
34.165,-0.24267578125,-0.9501953125,0.06640625,0.286276566333216,0.39695598231334395,0.018091827612136003,Null
34.185,-0.2548828125,-0.9384765625,0.0791015625,0.316074870635558,0.42569006146203203,0.00425690061462,Null
34.205,-0.27392578125,-0.95166015625,0.08349609375,0.28734079148687103,0.46825906760823494,-0.00212845030731,Null
34.225,-0.2822265625,-0.9912109375,0.07177734375,0.264992063260115,0.5076353982934729,-0.00638535092193,Null
34.245,-0.2734375,-1.04833984375,0.05908203125,0.295854592716112,0.5384979277494699,-0.013834926997516001,Null
34.265,-0.25732421875,-1.08203125,0.06884765625,0.38844218108410405,0.557653980515261,-0.024477178534067005,Null
34.286,-0.251953125,-1.0888671875,0.09130859375,0.43846076330589295,0.5608466559762271,-0.023412953380412004,Null
34.306,-0.2451171875,-1.08740234375,0.11865234375,0.391634856545069,0.53424102713485,-0.005321125768275,Null
34.326,-0.21337890625,-1.08837890625,0.1455078125,0.286276566333216,0.46932329276189,0.023412953380412004,Null
34.346,-0.17138671875,-1.0302734375,0.1708984375,0.234129533804117,0.405469783542585,0.06917463498758,Null
34.366,-0.1962890625,-0.94189453125,0.19921875,0.13622081966785002,0.399084432620655,0.118128992055714,Null
34.385999999999996,-0.2626953125,-0.94140625,0.1923828125,-0.029798304302342003,0.391634856545069,0.141541945436126,Null
34.406,-0.27197265625,-0.935546875,0.1640625,-0.010642251536551002,0.34480894978424603,0.116000541748404,Null
34.426,-0.27783203125,-0.92431640625,0.138671875,0.10642251536550801,0.35013007555252096,0.072367310448545,Null
34.446,-0.29833984375,-0.9267578125,0.12841796875,0.23200108349680698,0.37567147924024297,0.021284503073102003,Null
34.466,-0.28271484375,-0.91455078125,0.138671875,0.311817970020938,0.37035035347196704,-0.036183655224273,Null
34.486000000000104,-0.28515625,-0.9111328125,0.1474609375,0.30117571848438696,0.379928379854863,-0.06811040983392501,Null
34.5060000000001,-0.29541015625,-0.93896484375,0.14013671875,0.254349811723564,0.37567147924024297,-0.06491773437296,Null
34.5260000000001,-0.29052734375,-0.97802734375,0.123046875,0.20752390496273998,0.356515426474451,-0.061725058911995,Null
34.5460000000001,-0.2578125,-1.0166015625,0.1064453125,0.192624752811569,0.328845572479419,-0.07130308529489,Null
34.5660000000001,-0.228515625,-1.0146484375,0.1162109375,0.21390925588467102,0.303304168791697,-0.075559985909511,Null
34.5860000000001,-0.220703125,-1.005859375,0.1298828125,0.169211799431158,0.27031318902839,-0.05959660860468499,Null
34.6070000000001,-0.23486328125,-0.9931640625,0.15283203125,0.07023886014123501,0.222423057113912,-0.031926754609652,Null
34.6270000000001,-0.24609375,-0.99658203125,0.14599609375,0.028734079148687,0.150055746665366,-0.005321125768275,Null
34.6470000000001,-0.251953125,-1.0048828125,0.13671875,0.054275482836409004,0.09471603867530198,-0.001064225153655,Null
34.6670000000001,-0.25146484375,-1.00732421875,0.1376953125,0.145798846050746,0.052147032529099004,-0.019156052765792,Null
34.6860000000001,-0.22900390625,-0.99072265625,0.15234375,0.235193758957772,0.027669853995032002,-0.023412953380412004,Null
34.7070000000001,-0.2099609375,-0.947265625,0.17724609375,0.19794587857984502,0.06066083375833999,0.0,Null
34.7270000000001,-0.22119140625,-0.92919921875,0.18359375,0.06811040983392501,0.11280786628743801,0.026605628841377002,Null
34.7470000000001,-0.2431640625,-0.92822265625,0.16943359375,-0.017027602458481002,0.171340249738468,0.036183655224273,Null
34.7670000000001,-0.2666015625,-0.94677734375,0.1513671875,-0.026605628841377002,0.21497348103832603,0.027669853995032002,Null
34.7870000000001,-0.27197265625,-0.9599609375,0.1474609375,0.005321125768275,0.252221361416254,0.010642251536551002,Null
34.8070000000001,-0.28466796875,-0.95849609375,0.15185546875,-0.017027602458481002,0.277762765103976,0.013834926997516001,Null
34.8270000000001,-0.29345703125,-0.97021484375,0.15576171875,-0.055339707990064005,0.267120513567425,0.034055204916963,Null
34.8470000000001,-0.2861328125,-0.974609375,0.1611328125,-0.118128992055714,0.260735162645494,0.07023886014123501,Null
34.8670000000001,-0.283203125,-0.97802734375,0.146484375,-0.17666137550674302,0.257542487184529,0.10642251536550801,Null
34.8870000000001,-0.27490234375,-0.96435546875,0.1328125,-0.256478262030874,0.25541403687721903,0.122385892670334,Null
34.9070000000001,-0.28857421875,-0.96240234375,0.12353515625,-0.354386976167141,0.234129533804117,0.130899693899575,Null
34.9270000000001,-0.30078125,-0.9677734375,0.12060546875,-0.443781889074168,0.179854050967708,0.141541945436126,Null
34.9480000000001,-0.30419921875,-0.966796875,0.11279296875,-0.49805737191057703,0.10961519082647302,0.153248422126331,Null
34.9680000000001,-0.31494140625,-0.978515625,0.095703125,-0.502314272525197,0.027669853995032002,0.157505322740952,Null
34.9920000000001,-0.31787109375,-0.98583984375,0.07763671875,-0.424625836308377,-0.052147032529099004,0.14473462089709102,Null
35.0130000000001,-0.30322265625,-0.97802734375,0.080078125,-0.326717122172109,-0.10322983990454301,0.128771243592265,Null
35.0330000000001,-0.2763671875,-0.9560546875,0.0810546875,-0.26392783810646,-0.11174364113378302,0.11174364113378302,Null
35.0530000000001,-0.27880859375,-0.90966796875,0.0849609375,-0.27457008964301,-0.08513801229240599,0.09897293928992199,Null
35.0730000000001,-0.31787109375,-0.8984375,0.08203125,-0.412919359618171,-0.065981959526615,0.086202237446062,Null
35.0970000000001,-0.3408203125,-0.92333984375,0.06640625,-0.5874522848176039,-0.09152336321433699,0.06491773437296,Null
35.1180000000001,-0.3408203125,-0.95458984375,0.0478515625,-0.661948045573459,-0.169211799431158,0.030862529455997004,Null
35.1380000000001,-0.341796875,-0.9736328125,0.0390625,-0.582131159049328,-0.21497348103832603,0.007449576075585999,Null
35.1580000000001,-0.3671875,-0.97900390625,0.0400390625,-0.46719484245458,-0.26605628841377,-0.017027602458481002,Null
35.1780000000001,-0.3935546875,-1.00537109375,0.0244140625,-0.389506406237759,-0.305432619099008,-0.027669853995032002,Null
35.1980000000001,-0.38037109375,-1.00634765625,0.02294921875,-0.153248422126331,-0.40866245900354997,-0.04682590676082401,Null
35.2180000000001,-0.3466796875,-0.9912109375,0.0263671875,0.039376330685238,-0.49486469644961206,-0.045761681607168,Null
35.2380000000001,-0.32275390625,-1.00732421875,0.025390625,0.12557856813129903,-0.554461305054296,-0.028734079148687,Null
35.2580000000002,-0.31005859375,-1.02783203125,0.037109375,0.19901010373349998,-0.6002229866614649,-0.017027602458481002,Null
35.278000000000205,-0.29150390625,-1.03564453125,0.0478515625,0.27989121541128603,-0.641727767654013,-0.009578026382896,Null
35.29800000000021,-0.27587890625,-1.01708984375,0.05810546875,0.36290077739638205,-0.661948045573459,-0.001064225153655,Null
35.318000000000204,-0.26318359375,-0.98974609375,0.06787109375,0.415047809925481,-0.666204946188079,0.023412953380412004,Null
35.339000000000205,-0.25341796875,-0.93505859375,0.08642578125,0.389506406237759,-0.648113118575943,0.04895435706813401,Null
35.363000000000206,-0.26513671875,-0.87841796875,0.10302734375,0.08939491290702699,-0.602351436968775,0.079816886524131,Null
35.3830000000002,-0.283203125,-0.86767578125,0.09912109375,-0.18943207735060397,-0.582131159049328,0.09045913806068198,Null
35.403000000000205,-0.298828125,-0.9111328125,0.078125,-0.39802020746699995,-0.584259609356638,0.09684448898261201,Null
35.42300000000021,-0.29638671875,-0.9375,0.06591796875,-0.419304710540101,-0.6002229866614649,0.09365181352164699,Null
35.4440000000002,-0.2958984375,-0.9443359375,0.06201171875,-0.36290077739638205,-0.60341566212243,0.08726646259971699,Null
35.464000000000205,-0.2880859375,-0.91943359375,0.0703125,-0.300111493330732,-0.60980101304436,0.08833068775337198,Null
35.488000000000206,-0.29345703125,-0.89599609375,0.0712890625,-0.326717122172109,-0.594901860893189,0.09578026382895699,Null
35.5080000000002,-0.31201171875,-0.91552734375,0.05322265625,-0.42781851176934205,-0.5661677817445021,0.09578026382895699,Null
35.5290000000002,-0.32177734375,-0.94921875,0.02880859375,-0.489543570681336,-0.53424102713485,0.072367310448545,Null
35.549000000000206,-0.31298828125,-0.9736328125,0.00927734375,-0.49592892160326707,-0.508699623447128,0.032990979763308,Null
35.5690000000002,-0.30419921875,-1.005859375,-0.00732421875,-0.4969931467569221,-0.481029769452096,0.00425690061462,Null
35.589000000000205,-0.3115234375,-1.02490234375,-0.0009765625,-0.4991215970642321,-0.46506639214726997,-0.007449576075585999,Null
35.60900000000021,-0.31298828125,-1.0224609375,0.01123046875,-0.489543570681336,-0.49060779583499203,0.001064225153655,Null
35.629000000000204,-0.31640625,-1.01416015625,0.009765625,-0.489543570681336,-0.5384979277494699,0.027669853995032002,Null
35.650000000000205,-0.33056640625,-1.01025390625,0.0048828125,-0.481029769452096,-0.5853238345102929,0.055339707990064005,Null
35.674000000000206,-0.3564453125,-1.001953125,-0.009765625,-0.40227710808162,-0.6534342443442189,0.058532383451029006,Null
35.6940000000002,-0.3544921875,-0.99755859375,-0.01171875,-0.35332275101348604,-0.684296773800216,0.050018582221788996,Null
35.714000000000205,-0.337890625,-1.00146484375,-0.01220703125,-0.290533466947837,-0.6885536744148361,0.058532383451029006,Null
35.735000000000205,-0.30517578125,-0.9580078125,-0.00537109375,-0.26818473872107995,-0.647048893422288,0.06704618468026999,Null
35.7550000000002,-0.306640625,-0.9580078125,-0.01123046875,-0.2969188178697669,-0.584259609356638,0.072367310448545,Null
35.7790000000002,-0.3212890625,-0.96484375,-0.0185546875,-0.28734079148687103,-0.520406100137334,0.06704618468026999,Null
35.799000000000206,-0.3330078125,-0.97900390625,-0.033203125,-0.246900235647978,-0.457616816071684,0.06066083375833999,Null
35.820000000000206,-0.33837890625,-0.998046875,-0.05078125,-0.160697998201917,-0.39269908169872403,0.04682590676082401,Null
35.8400000000002,-0.33154296875,-1.009765625,-0.0615234375,-0.050018582221788996,-0.322460221557489,0.022348728226757004,Null
35.860000000000205,-0.31591796875,-1.0068359375,-0.05810546875,0.024477178534067005,-0.242643335033358,0.001064225153655,Null
35.8800000000002,-0.29931640625,-1.0234375,-0.05810546875,0.028734079148687,-0.17240447489212302,0.00212845030731,Null
35.900000000000205,-0.29052734375,-1.04296875,-0.05224609375,0.039376330685238,-0.11174364113378302,0.008513801229241,Null
35.92000000000021,-0.28466796875,-1.06591796875,-0.0478515625,0.10216561475088799,-0.06385350921930501,0.021284503073102003,Null
35.94100000000021,-0.27978515625,-1.0595703125,-0.03466796875,0.236257984111428,-0.026605628841377002,0.035119430070618,Null
35.961000000000205,-0.27685546875,-1.0224609375,-0.00927734375,0.36183655224272704,0.007449576075585999,0.037247880377928,Null
35.985000000000205,-0.27880859375,-0.96923828125,0.0185546875,0.395891757159689,0.07023886014123501,0.020220277919447,Null
36.0050000000002,-0.29736328125,-0.92236328125,0.04345703125,0.28734079148687103,0.122385892670334,-0.011706476690206002,Null
36.0260000000002,-0.3173828125,-0.91455078125,0.0498046875,0.141541945436126,0.157505322740952,-0.058532383451029006,Null
36.046000000000205,-0.31982421875,-0.94873046875,0.0341796875,0.10216561475088799,0.18943207735060397,-0.101101389597233,Null
36.06600000000021,-0.32177734375,-0.9736328125,0.02490234375,0.19901010373349998,0.22455150742122199,-0.127707018438609,Null
36.086000000000205,-0.31787109375,-0.9658203125,0.025390625,0.311817970020938,0.253285586569909,-0.135156594514195,Null
36.110000000000205,-0.30712890625,-0.95703125,0.01904296875,0.41079090931086,0.28308389087225105,-0.139413495128815,Null
36.131000000000206,-0.30615234375,-0.9580078125,0.01806640625,0.504442722832507,0.31820332094286896,-0.159633773048262,Null
36.151000000000295,-0.29833984375,-0.9560546875,0.03076171875,0.60128721181512,0.349065850398866,-0.18943207735060397,Null
36.1710000000003,-0.2841796875,-0.95751953125,0.0380859375,0.667269171341735,0.390570631391414,-0.21923038165294603,Null
36.191000000000294,-0.28564453125,-0.9599609375,0.04296875,0.702388601412352,0.455488365764374,-0.247964460801633,Null
36.2110000000003,-0.27978515625,-0.96826171875,0.04638671875,0.7002601511050419,0.520406100137334,-0.2788269902576311,Null
36.23100000000029,-0.27392578125,-0.97021484375,0.05615234375,0.669397621649045,0.5927734105858791,-0.30649684425266305,Null
36.252000000000294,-0.28076171875,-0.97509765625,0.06591796875,0.591709185432224,0.67897564803194,-0.334166698247695,Null
36.2720000000003,-0.27734375,-0.99609375,0.0654296875,0.49805737191057703,0.7492145081731759,-0.358643876781762,Null
36.29200000000029,-0.27001953125,-1.02294921875,0.0625,0.42781851176934205,0.814132242546135,-0.37247880377927794,Null
36.316000000000294,-0.2666015625,-1.03076171875,0.0732421875,0.403341333235275,0.8747930763044749,-0.371414578625623,Null
36.337000000000295,-0.26611328125,-1.0263671875,0.0869140625,0.36077232708907203,0.9258758836799191,-0.349065850398866,Null
36.3570000000003,-0.26806640625,-1.01123046875,0.1025390625,0.328845572479419,0.937582360370125,-0.322460221557489,Null
36.377000000000294,-0.26953125,-0.998046875,0.11083984375,0.284148116025906,0.9343896849091591,-0.2969188178697669,Null
36.3970000000003,-0.26806640625,-0.9892578125,0.11572265625,0.27244163933570004,0.928004333987229,-0.28840501664052604,Null
36.41700000000029,-0.265625,-0.98583984375,0.12255859375,0.273505864489355,0.919490532757988,-0.2788269902576311,Null
36.438000000000294,-0.26318359375,-0.974609375,0.1298828125,0.332038247940385,0.909912506375093,-0.26818473872107995,Null
36.4580000000003,-0.25634765625,-0.95947265625,0.13623046875,0.352258525859831,0.9056556057604721,-0.258606712338184,Null
36.47800000000029,-0.2470703125,-0.95654296875,0.140625,0.3682219031646571,0.9035271554531621,-0.238386434418738,Null
36.498000000000296,-0.23876953125,-0.9609375,0.14013671875,0.38099260500851795,0.9035271554531621,-0.227744182882187,Null
36.5180000000003,-0.23291015625,-0.9619140625,0.14208984375,0.40227710808162,0.9067198309141271,-0.20858813011639601,Null
36.538000000000295,-0.2265625,-0.96533203125,0.14111328125,0.37567147924024297,0.9120409566824029,-0.19368897796522402,Null
36.559000000000296,-0.216796875,-0.9814453125,0.140625,0.349065850398866,0.9120409566824029,-0.18517517673598397,Null
36.5830000000003,-0.203125,-1.00634765625,0.14501953125,0.323524446711144,0.9120409566824029,-0.170276024584813,Null
36.60300000000029,-0.19921875,-1.00439453125,0.15771484375,0.310753744867283,0.9056556057604721,-0.159633773048262,Null
36.623000000000296,-0.197265625,-0.98876953125,0.16259765625,0.273505864489355,0.893949129070266,-0.154312647279986,Null
36.6440000000003,-0.1953125,-0.97314453125,0.15869140625,0.20858813011639601,0.87372885115082,-0.148991521511711,Null
36.66400000000029,-0.19873046875,-0.9658203125,0.1572265625,0.137285044821505,0.8492516726167529,-0.148991521511711,Null
36.684000000000296,-0.20654296875,-0.9638671875,0.16015625,0.097908714136267,0.8162606928534458,-0.159633773048262,Null
36.7040000000003,-0.2119140625,-0.95751953125,0.16162109375,0.09045913806068198,0.7651778854780021,-0.177725600660398,Null
36.724000000000295,-0.22021484375,-0.953125,0.16064453125,0.09897293928992199,0.702388601412352,-0.19901010373349998,Null
36.7440000000003,-0.22900390625,-0.95751953125,0.158203125,0.117064766902059,0.636406641885737,-0.21923038165294603,Null
36.764000000000294,-0.23095703125,-0.966796875,0.1533203125,0.142606170589781,0.567232006898157,-0.244771785340668,Null
36.7840000000003,-0.22900390625,-0.98095703125,0.1552734375,0.173468700045778,0.5033784976788521,-0.264992063260115,Null
36.80400000000029,-0.2216796875,-1.00146484375,0.15625,0.19794587857984502,0.446974564535133,-0.267120513567425,Null
36.8240000000003,-0.21533203125,-1.00341796875,0.16162109375,0.22455150742122199,0.40440555838892994,-0.26392783810646,Null
36.84400000000029,-0.212890625,-1.00390625,0.16650390625,0.222423057113912,0.36928612831831203,-0.241579109879703,Null
36.86500000000029,-0.2119140625,-1.01220703125,0.16650390625,0.20433122950177499,0.34055204916962495,-0.20858813011639601,Null
36.885000000000296,-0.20703125,-1.0244140625,0.1650390625,0.18730362704329398,0.316074870635558,-0.173468700045778,Null
36.90500000000029,-0.19970703125,-1.02099609375,0.17138671875,0.188367852196949,0.29372614240880196,-0.13196391905323,Null
36.9240000000003,-0.19677734375,-1.013671875,0.17724609375,0.18304672642867398,0.27457008964301,-0.08939491290702699,Null
36.9450000000003,-0.18505859375,-1.01708984375,0.17431640625,0.16601912397019197,0.245836010494323,-0.050018582221788996,Null
36.965000000000295,-0.1748046875,-1.01318359375,0.1748046875,0.18730362704329398,0.222423057113912,-0.023412953380412004,Null
36.9850000000004,-0.17626953125,-0.97900390625,0.18603515625,0.21284503073101602,0.20858813011639601,0.00425690061462,Null
37.0050000000004,-0.18359375,-0.94970703125,0.19091796875,0.168147574277502,0.18730362704329398,0.032990979763308,Null
37.025000000000404,-0.18994140625,-0.94140625,0.185546875,0.09152336321433699,0.157505322740952,0.06066083375833999,Null
37.0450000000004,-0.1923828125,-0.9453125,0.1806640625,0.027669853995032002,0.123450117823989,0.06917463498758,Null
37.0650000000004,-0.19873046875,-0.9541015625,0.17626953125,0.003192675460965,0.09365181352164699,0.058532383451029006,Null
37.0850000000004,-0.19873046875,-0.96875,0.1708984375,0.0,0.054275482836409004,0.040440555838893,Null
37.1050000000004,-0.18310546875,-0.986328125,0.1748046875,0.001064225153655,0.001064225153655,0.036183655224273,Null
37.1250000000004,-0.1748046875,-0.97705078125,0.19140625,0.00425690061462,-0.06278928406565,0.072367310448545,Null
37.1450000000004,-0.18505859375,-0.9599609375,0.20361328125,-0.027669853995032002,-0.133028144206885,0.13834926997516,Null
37.1660000000004,-0.23876953125,-0.939453125,0.2099609375,-0.117064766902059,-0.226679957728532,0.18411095158232899,Null
37.1860000000004,-0.2509765625,-0.96728515625,0.1806640625,-0.157505322740952,-0.326717122172109,0.171340249738468,Null
37.2100000000004,-0.248046875,-1.0068359375,0.15869140625,-0.10216561475088799,-0.40227710808162,0.117064766902059,Null
37.2300000000004,-0.2392578125,-1.02685546875,0.1572265625,0.012770701843860999,-0.453359915457064,0.058532383451029006,Null
37.2500000000004,-0.23095703125,-1.021484375,0.17236328125,0.079816886524131,-0.49380047129595706,0.039376330685238,Null
37.2710000000004,-0.2236328125,-1.00390625,0.185546875,0.075559985909511,-0.548075954132366,0.07343153560220099,Null
37.2910000000004,-0.21435546875,-0.9755859375,0.18896484375,0.043633231299858,-0.6119294633516701,0.13622081966785002,Null
37.3100000000004,-0.21630859375,-0.97119140625,0.177734375,0.00638535092193,-0.666204946188079,0.18517517673598397,Null
37.3350000000004,-0.20654296875,-0.986328125,0.16845703125,0.038312105531583,-0.7162235284098679,0.178789825814053,Null
37.3560000000004,-0.18408203125,-1.0,0.1708984375,0.116000541748404,-0.702388601412352,0.145798846050746,Null
37.3760000000004,-0.15966796875,-0.98828125,0.18798828125,0.143670395743436,-0.658755370112494,0.117064766902059,Null
37.3960000000004,-0.14453125,-0.96435546875,0.20068359375,0.07130308529489,-0.5874522848176039,0.11174364113378302,Null
37.4160000000004,-0.16015625,-0.93212890625,0.20751953125,-0.06491773437296,-0.5076353982934729,0.118128992055714,Null
37.4360000000004,-0.19921875,-0.93505859375,0.1923828125,-0.18730362704329398,-0.451231465149754,0.10748674051916302,Null
37.4550000000004,-0.22021484375,-0.9599609375,0.16845703125,-0.22135883196025602,-0.41824048538644604,0.08194533683144099,Null
37.4760000000004,-0.23095703125,-0.9638671875,0.1669921875,-0.22455150742122199,-0.405469783542585,0.05959660860468499,Null
37.4960000000004,-0.23046875,-0.97705078125,0.17578125,-0.238386434418738,-0.42036893569375605,0.04789013191447901,Null
37.5160000000004,-0.224609375,-0.98876953125,0.18017578125,-0.22135883196025602,-0.446974564535133,0.039376330685238,Null
37.5360000000004,-0.22314453125,-1.00732421875,0.17724609375,-0.19368897796522402,-0.47570864368382,0.042569006146202994,Null
37.5560000000004,-0.2099609375,-1.02978515625,0.16455078125,-0.157505322740952,-0.489543570681336,0.04682590676082401,Null
37.5760000000004,-0.2041015625,-1.00146484375,0.16552734375,-0.037247880377928,-0.483158219759406,0.06491773437296,Null
37.5960000000004,-0.212890625,-0.97265625,0.171875,-0.08726646259971699,-0.46932329276189,0.08726646259971699,Null
37.6160000000004,-0.2109375,-0.9677734375,0.17236328125,-0.150055746665366,-0.454424140610719,0.09045913806068198,Null
37.6360000000004,-0.2060546875,-0.966796875,0.17333984375,-0.170276024584813,-0.4427176639205129,0.08513801229240599,Null
37.656000000000404,-0.2080078125,-0.9794921875,0.17138671875,-0.19688165342619002,-0.41611203507913597,0.065981959526615,Null
37.6770000000004,-0.20556640625,-1.0048828125,0.16650390625,-0.18304672642867398,-0.384185280469484,0.024477178534067005,Null
37.6970000000004,-0.19287109375,-1.00927734375,0.1669921875,-0.154312647279986,-0.37247880377927794,0.017027602458481002,Null
37.717000000000404,-0.177734375,-0.98486328125,0.17236328125,-0.159633773048262,-0.367157678011002,0.025541403687721998,Null
37.7370000000004,-0.17724609375,-0.96728515625,0.1689453125,-0.21603770619198104,-0.35757965162810706,0.051082807375443996,Null
37.7610000000004,-0.19482421875,-0.96484375,0.1640625,-0.308625294559973,-0.332038247940385,0.057468158297374,Null
37.7820000000004,-0.20703125,-0.9716796875,0.15966796875,-0.336295148555005,-0.310753744867283,0.028734079148687,Null
37.8020000000004,-0.212890625,-0.99072265625,0.1474609375,-0.34374472463059,-0.29372614240880196,-0.018091827612136003,Null
37.8220000000004,-0.20361328125,-1.01025390625,0.1357421875,-0.309689519713628,-0.286276566333216,-0.06385350921930501,Null
37.8420000000005,-0.185546875,-1.00830078125,0.13623046875,-0.25541403687721903,-0.27989121541128603,-0.08513801229240599,Null
37.8620000000005,-0.17431640625,-0.99462890625,0.13671875,-0.246900235647978,-0.26605628841377,-0.07023886014123501,Null
37.8830000000005,-0.18359375,-0.98779296875,0.13623046875,-0.26392783810646,-0.25541403687721903,-0.035119430070618,Null
37.9030000000005,-0.1875,-0.98974609375,0.1328125,-0.26924896387473496,-0.253285586569909,0.003192675460965,Null
37.9230000000005,-0.19677734375,-0.97900390625,0.1357421875,-0.233065308650462,-0.239450659572393,0.018091827612136003,Null
37.9470000000005,-0.2099609375,-0.97900390625,0.1298828125,-0.19901010373349998,-0.21710193134563602,0.014899152151171002,Null
37.9670000000005,-0.2138671875,-0.98046875,0.1240234375,-0.16601912397019197,-0.19049630250425897,-0.010642251536551002,Null
37.988000000000504,-0.2138671875,-0.990234375,0.12109375,-0.154312647279986,-0.159633773048262,-0.042569006146202994,Null
38.0080000000005,-0.21142578125,-1.0107421875,0.11865234375,-0.157505322740952,-0.137285044821505,-0.072367310448545,Null
38.0280000000005,-0.20703125,-1.02685546875,0.12060546875,-0.159633773048262,-0.122385892670334,-0.08513801229240599,Null
38.0480000000005,-0.20849609375,-1.033203125,0.1171875,-0.159633773048262,-0.120257442363024,-0.07023886014123501,Null
38.0670000000005,-0.208984375,-1.03955078125,0.11328125,-0.169211799431158,-0.13196391905323,-0.037247880377928,Null
38.0880000000005,-0.208984375,-1.03271484375,0.1103515625,-0.16601912397019197,-0.15111997181902098,-0.007449576075585999,Null
38.1080000000005,-0.20654296875,-1.02294921875,0.10400390625,-0.142606170589781,-0.17666137550674302,0.013834926997516001,Null
38.1280000000005,-0.2041015625,-1.01123046875,0.10205078125,-0.101101389597233,-0.19901010373349998,0.022348728226757004,Null
38.1480000000005,-0.205078125,-0.99365234375,0.1064453125,-0.057468158297374,-0.21816615649929103,0.023412953380412004,Null
38.168000000000504,-0.208984375,-0.99462890625,0.1044921875,-0.038312105531583,-0.234129533804117,0.018091827612136003,Null
38.1880000000005,-0.21044921875,-0.9990234375,0.10009765625,-0.009578026382896,-0.254349811723564,-0.00425690061462,Null
38.2080000000005,-0.20166015625,-1.00830078125,0.09765625,0.036183655224273,-0.28308389087225105,-0.027669853995032002,Null
38.2330000000005,-0.19384765625,-1.00146484375,0.09423828125,0.121321667516679,-0.329909797633074,-0.039376330685238,Null
38.2530000000005,-0.193359375,-1.00244140625,0.09375,0.11067941598012801,-0.355451201320796,-0.036183655224273,Null
38.2730000000005,-0.189453125,-1.00634765625,0.09814453125,0.076624211063166,-0.365029227703692,-0.044697456453513,Null
38.2940000000005,-0.1865234375,-1.03076171875,0.111328125,0.06385350921930501,-0.390570631391414,-0.056403933143719005,Null
38.3140000000005,-0.1689453125,-1.03125,0.11962890625,0.09045913806068198,-0.40440555838892994,-0.06385350921930501,Null
38.3330000000005,-0.16845703125,-1.03564453125,0.12158203125,0.09897293928992199,-0.401212882927965,-0.04789013191447901,Null
38.3580000000005,-0.15576171875,-1.0439453125,0.138671875,0.10003716444357699,-0.401212882927965,-0.025541403687721998,Null
38.3790000000005,-0.15234375,-1.0234375,0.142578125,0.09152336321433699,-0.391634856545069,-0.001064225153655,Null
38.3990000000005,-0.15380859375,-1.01220703125,0.134765625,0.06385350921930501,-0.37247880377927794,0.028734079148687,Null
38.4190000000005,-0.16015625,-0.99755859375,0.13330078125,0.06385350921930501,-0.352258525859831,0.040440555838893,Null
38.4390000000005,-0.1591796875,-0.998046875,0.1416015625,0.06491773437296,-0.332038247940385,0.027669853995032002,Null
38.4630000000005,-0.1591796875,-0.99267578125,0.1484375,0.10748674051916302,-0.285212341179561,-0.00638535092193,Null
38.4840000000005,-0.1552734375,-0.9765625,0.15234375,0.11174364113378302,-0.251157136262599,-0.020220277919447,Null
38.5040000000005,-0.154296875,-0.9775390625,0.15380859375,0.08726646259971699,-0.227744182882187,-0.026605628841377002,Null
38.5240000000005,-0.154296875,-0.9833984375,0.1474609375,0.08726646259971699,-0.20965235527005102,-0.031926754609652,Null
38.5440000000005,-0.146484375,-0.9931640625,0.1474609375,0.086202237446062,-0.194753203118879,-0.039376330685238,Null
38.5640000000005,-0.142578125,-0.99755859375,0.15576171875,0.056403933143719005,-0.16708334912384698,-0.04682590676082401,Null
38.5840000000005,-0.1533203125,-1.00439453125,0.16015625,0.040440555838893,-0.159633773048262,-0.050018582221788996,Null
38.6050000000005,-0.1484375,-1.00146484375,0.1572265625,0.058532383451029006,-0.159633773048262,-0.04789013191447901,Null
38.6240000000005,-0.1494140625,-0.9912109375,0.1572265625,0.06491773437296,-0.150055746665366,-0.04895435706813401,Null
38.6490000000005,-0.1474609375,-0.99560546875,0.1640625,0.050018582221788996,-0.143670395743436,-0.054275482836409004,Null
38.6690000000005,-0.142578125,-0.9912109375,0.16455078125,0.061725058911995,-0.142606170589781,-0.065981959526615,Null
38.6900000000005,-0.14599609375,-0.97705078125,0.162109375,0.07343153560220099,-0.135156594514195,-0.06917463498758,Null
38.7100000000005,-0.15185546875,-0.97412109375,0.15234375,0.08726646259971699,-0.135156594514195,-0.075559985909511,Null
38.7300000000005,-0.1591796875,-0.984375,0.15380859375,0.097908714136267,-0.141541945436126,-0.09365181352164699,Null
38.7490000000005,-0.13916015625,-0.9931640625,0.171875,0.076624211063166,-0.17240447489212302,-0.10855096567281801,Null
38.7740000000005,-0.12548828125,-1.00146484375,0.17626953125,0.017027602458481002,-0.177725600660398,-0.09471603867530198,Null
38.7950000000005,-0.1328125,-1.02099609375,0.16943359375,0.030862529455997004,-0.169211799431158,-0.06385350921930501,Null
38.8150000000005,-0.1279296875,-1.01513671875,0.17431640625,0.074495760755856,-0.161762223355572,-0.06917463498758,Null
38.8350000000005,-0.12451171875,-0.99169921875,0.185546875,0.074495760755856,-0.148991521511711,-0.07130308529489,Null
38.8550000000005,-0.1318359375,-0.99560546875,0.18359375,0.023412953380412004,-0.127707018438609,-0.058532383451029006,Null
38.8750000000005,-0.1279296875,-1.02294921875,0.17529296875,-0.019156052765792,-0.139413495128815,-0.042569006146202994,Null
38.8950000000005,-0.123046875,-1.02734375,0.177734375,0.005321125768275,-0.143670395743436,-0.037247880377928,Null
38.9160000000005,-0.12109375,-1.00390625,0.189453125,0.057468158297374,-0.143670395743436,-0.032990979763308,Null
38.936000000000604,-0.1181640625,-0.9912109375,0.18310546875,0.06278928406565,-0.13409236936053998,-0.021284503073102003,Null
38.9600000000006,-0.1259765625,-0.97900390625,0.16845703125,0.056403933143719005,-0.09578026382895699,-0.026605628841377002,Null
38.9800000000006,-0.12255859375,-0.98681640625,0.17529296875,0.04682590676082401,-0.079816886524131,-0.04682590676082401,Null
39.0010000000006,-0.11962890625,-0.9931640625,0.1875,0.044697456453513,-0.072367310448545,-0.065981959526615,Null
39.0210000000006,-0.11328125,-0.9833984375,0.18994140625,0.058532383451029006,-0.08726646259971699,-0.080881111677786,Null
39.0410000000006,-0.10595703125,-0.97021484375,0.18408203125,0.065981959526615,-0.10535829021185301,-0.079816886524131,Null
39.0600000000006,-0.10302734375,-0.9619140625,0.185546875,0.04789013191447901,-0.10961519082647302,-0.08300956198509599,Null
39.0850000000006,-0.10107421875,-0.97265625,0.18994140625,0.026605628841377002,-0.118128992055714,-0.09897293928992199,Null
39.1060000000006,-0.09765625,-0.9892578125,0.18994140625,0.031926754609652,-0.135156594514195,-0.119193217209369,Null
39.1260000000006,-0.09375,-0.98583984375,0.19384765625,0.06385350921930501,-0.14473462089709102,-0.143670395743436,Null
39.1460000000006,-0.08837890625,-0.998046875,0.19287109375,0.054275482836409004,-0.150055746665366,-0.160697998201917,Null
39.1660000000006,-0.08349609375,-0.9990234375,0.1943359375,0.045761681607168,-0.145798846050746,-0.16708334912384698,Null
39.1900000000006,-0.0830078125,-1.00537109375,0.193359375,0.018091827612136003,-0.135156594514195,-0.156441097587297,Null
39.2110000000006,-0.08642578125,-1.00146484375,0.19921875,-0.009578026382896,-0.124514342977644,-0.164954898816537,Null
39.2310000000006,-0.08740234375,-0.9853515625,0.203125,-0.019156052765792,-0.11174364113378302,-0.18091827612136302,Null
39.2510000000006,-0.08642578125,-0.953125,0.1982421875,-0.008513801229241,-0.09578026382895699,-0.20539545465543,Null
39.2710000000006,-0.07763671875,-0.93408203125,0.1884765625,-0.010642251536551002,-0.08194533683144099,-0.237322209265083,Null
39.2950000000006,-0.06396484375,-0.95654296875,0.17138671875,-0.028734079148687,-0.06917463498758,-0.258606712338184,Null
39.3160000000006,-0.0576171875,-0.98583984375,0.169921875,-0.04895435706813401,-0.054275482836409004,-0.27244163933570004,Null
39.3360000000006,-0.0634765625,-0.9814453125,0.18212890625,-0.06704618468026999,-0.036183655224273,-0.2969188178697669,Null
39.3560000000006,-0.06201171875,-0.98583984375,0.185546875,-0.10216561475088799,-0.044697456453513,-0.310753744867283,Null
39.3760000000006,-0.05224609375,-1.00732421875,0.18603515625,-0.10961519082647302,-0.058532383451029006,-0.31501064548190305,Null
39.3960000000006,-0.0302734375,-1.03564453125,0.17529296875,-0.075559985909511,-0.072367310448545,-0.302239943638043,Null
39.4170000000006,-0.02734375,-1.02783203125,0.1708984375,-0.013834926997516001,-0.054275482836409004,-0.28840501664052604,Null
39.4370000000006,-0.02783203125,-1.013671875,0.1728515625,-0.018091827612136003,-0.025541403687721998,-0.27669853995032107,Null
39.4570000000006,-0.03466796875,-1.02197265625,0.17626953125,-0.084073787138751,-0.008513801229241,-0.257542487184529,Null
39.4810000000006,-0.03857421875,-1.02197265625,0.18408203125,-0.078752661370476,-0.040440555838893,-0.26179938779914896,Null
39.5010000000006,-0.033203125,-1.017578125,0.18359375,-0.00212845030731,-0.077688436216821,-0.275634314796665,Null
39.5220000000006,-0.025390625,-0.9736328125,0.19482421875,0.04895435706813401,-0.101101389597233,-0.305432619099008,Null
39.5420000000006,-0.025390625,-0.9501953125,0.185546875,-0.003192675460965,-0.12983546874592,-0.32565289701845396,Null
39.5620000000006,-0.015625,-0.951171875,0.162109375,-0.038312105531583,-0.160697998201917,-0.356515426474451,Null
39.5820000000006,-0.0205078125,-0.93359375,0.1630859375,-0.018091827612136003,-0.194753203118879,-0.41398358477182595,Null
39.6060000000006,-0.02490234375,-0.87451171875,0.19384765625,-0.024477178534067005,-0.259670937491839,-0.5108280737544381,Null
39.6270000000006,-0.03759765625,-0.837890625,0.173828125,-0.220294606806601,-0.329909797633074,-0.617250589119946,Null
39.6470000000006,-0.076171875,-0.935546875,0.1416015625,-0.5980945363541539,-0.43420386269127204,-0.7183519787171779,Null
39.6670000000006,-0.0546875,-1.271484375,0.14599609375,-0.747086057865866,-0.696003250490422,-0.768370560938967,Null
39.6870000000006,-0.060546875,-1.5166015625,0.29248046875,-0.385249505623139,-0.984408267130948,-0.756664084248761,Null
39.7070000000006,-0.10107421875,-1.79443359375,0.43603515625,-0.220294606806601,-1.27387750892513,-0.572553132666432,Null
39.7270000000006,-0.0947265625,-2.4482421875,0.5166015625,-0.240514884726048,-1.6452920875507502,-0.07343153560220099,Null
39.747000000000604,-0.01806640625,-3.232421875,0.72607421875,0.49805737191057703,-1.9709449845692097,0.6779114228782851,Null
39.7670000000006,0.07958984375,-3.47021484375,0.96533203125,1.98371568641307,-1.9890368121813402,1.6452920875507502,Null
39.7870000000006,0.25634765625,-3.2900390625,1.06005859375,3.3831717634695,-1.6250718096313101,2.8883070670198796,Null
39.8070000000006,0.38623046875,-2.994140625,0.96533203125,4.307983421995759,-0.803489991009585,4.2004966814766,Null
39.8280000000006,0.556640625,-2.39404296875,0.658203125,4.95822499087901,0.240514884726048,5.25514380874878,Null
39.8480000000007,0.70751953125,-1.58203125,0.22265625,5.329639569504639,1.3356025678371202,5.88516509971259,Null
39.8680000000007,0.8173828125,-0.7607421875,-0.08447265625,5.19554720014409,2.388121244802,6.0245785948414,Null
39.8920000000007,0.7958984375,-0.251953125,-0.2119140625,4.32501102445424,3.3608230352427406,5.9096422782466504,Null
39.9120000000007,0.72021484375,-0.130859375,-0.20849609375,3.03517013822429,3.93763306852379,5.8447245438737,Null
39.9330000000007,0.7041015625,0.09130859375,-0.33984375,1.89857767412066,3.9259265918335897,5.89367890094183,Null
39.9530000000007,0.607421875,0.62158203125,-0.56982421875,1.12914288802804,3.8141829506997995,5.6254941622207495,Null
39.9730000000007,0.33642578125,1.20458984375,-0.93115234375,-0.078752661370476,3.57686074143472,5.078482433242041,Null
39.9930000000007,0.189453125,1.234375,-1.1826171875,-1.7804486820649499,2.61054430191591,4.23455188639356,Null
40.012000000000704,0.56298828125,1.07177734375,-1.15087890625,-2.40514884726048,1.26855638315685,2.5126355877796405,Null
40.0330000000007,0.7236328125,1.89208984375,-0.9140625,-1.6580627893946103,0.358643876781762,-0.21816615649929103,Null
40.0530000000007,0.66943359375,1.68505859375,-0.99365234375,-1.7921551587551499,-0.450167239996098,-2.7797561013470697,Null
40.073000000000704,0.7265625,1.087890625,-0.8671875,-1.60165885625089,-1.2004459733229298,-4.77198558898938,Null
40.0930000000007,0.85791015625,0.8359375,-0.68896484375,-1.4526673347391799,-1.7580999538381898,-6.4534613317644,Null
40.1130000000007,1.0478515625,0.498046875,-0.53662109375,-2.21252409444891,-2.12845030731016,-7.703925887309119,Null
40.1330000000007,1.1884765625,0.1474609375,-0.419921875,-3.23311601680413,-2.17634043922464,-8.59361811576476,Null
40.1530000000007,1.46435546875,-0.34423828125,-0.3564453125,-4.1632488010986695,-1.9773303354911398,-9.222575181574921,Null
40.1730000000007,1.72607421875,-1.21728515625,-0.57421875,-4.40908481159299,-1.6335856108605502,-9.666357070649081,Null
40.1930000000007,1.8984375,-1.8828125,-0.61962890625,-3.6098517211980297,-1.47395183781228,-9.77810071178287,Null
40.213000000000704,2.115234375,-2.48193359375,-0.1826171875,-3.26291432110647,-1.4292543813587701,-9.44606246384248,Null
40.2330000000007,2.20556640625,-3.74951171875,0.1572265625,-3.3097402278673,-1.3334741175298102,-8.39886491264588,Null
40.2540000000007,1.99365234375,-5.22412109375,0.42578125,-2.34555223865579,-1.14936316594749,-6.555626946515289,Null
40.2780000000007,1.43896484375,-5.08056640625,0.97998046875,0.40227710808162,-0.692810575029456,-2.6616271092913504,Null
40.2980000000007,1.32421875,-4.833984375,1.2119140625,-0.015963377304826,-0.039376330685238,0.47038751791554495,Null
40.3180000000007,0.78662109375,-4.5205078125,1.43212890625,-0.259670937491839,0.675782972570975,2.92449072224416,Null
40.3390000000007,0.546875,-3.78955078125,0.7705078125,1.15255584140845,0.696003250490422,4.5676543594876,Null
40.3590000000007,0.89501953125,-3.142578125,0.37451171875,3.2799419235649503,0.555525530207951,5.74362315427646,Null
40.3830000000007,1.18408203125,-2.24072265625,0.20458984375,4.72090278161393,0.80455421616324,6.59074637658591,Null
40.4030000000007,1.17529296875,-1.681640625,-0.13134765625,4.75389376137724,1.35156594514195,7.26546512400322,Null
40.4230000000007,1.11474609375,-1.21484375,-0.3994140625,4.54317718095353,1.7751275562966697,7.575154643716849,Null
40.4440000000007,1.0048828125,-0.6669921875,-0.39990234375,4.66024194785559,2.19656071714408,7.49427353203907,Null
40.4640000000007,0.93212890625,-0.31494140625,-0.345703125,4.74112305953338,2.5190209387015696,7.2143823166277805,Null
40.4840000000007,0.8828125,-0.02978515625,-0.41845703125,4.38886453367355,2.81168285595672,6.83977506254119,Null
40.5080000000007,0.77099609375,0.337890625,-0.48779296875,2.8691510142540895,3.2011892621944797,6.01074366784389,Null
40.5290000000007,0.70849609375,0.71044921875,-0.724609375,1.69211799431158,3.2554647450308902,5.28813478851209,Null
40.5490000000007,0.46240234375,1.30322265625,-1.2880859375,0.42994696207665206,2.81593975657134,4.17495527778888,Null
40.5690000000007,0.27880859375,1.24560546875,-1.400390625,-0.635342416732082,1.52184196972676,2.7680496246568596,Null
40.5890000000007,0.47216796875,0.89453125,-1.0361328125,-0.644920443114978,0.377799929547553,1.17064766902059,Null
40.6090000000007,0.51416015625,1.23193359375,-0.84765625,-0.4969931467569221,-0.46400216699361496,-0.9939862935138442,Null
40.6290000000007,0.3994140625,1.48779296875,-0.857421875,-1.3089969389957499,-1.2834555353080301,-3.0447481646071806,Null
40.649000000000704,0.4521484375,1.126953125,-0.74267578125,-2.05821144716892,-1.91134837596452,-4.63257209386056,Null
40.6690000000008,0.57763671875,0.81787109375,-0.546875,-2.6467279571401803,-2.25828577605608,-6.0011656414609895,Null
40.689000000000796,0.72314453125,0.46044921875,-0.35791015625,-3.09370252167531,-2.40514884726048,-7.251630197005709,Null
40.7090000000008,0.86865234375,0.046875,-0.17431640625,-3.45447484876439,-2.3679009668825497,-8.287121271512099,Null
40.729000000000795,1.10205078125,-0.4228515625,-0.091796875,-4.2590290649276294,-2.10184467846878,-8.87776623179067,Null
40.750000000000796,1.26025390625,-1.23486328125,-0.25439453125,-4.464424519583059,-1.83472416490136,-9.233217433111472,Null
40.7700000000008,1.4365234375,-2.09814453125,-0.19677734375,-2.8191324320322995,-2.05608299686161,-9.233217433111472,Null
40.790000000000795,1.78125,-2.8037109375,0.193359375,-2.58287444792088,-2.3253319607363503,-8.05937708862991,Null
40.8100000000008,1.90380859375,-3.8212890625,0.77880859375,-2.54988346815757,-2.01351399071541,-6.4853880863740505,Null
40.830000000000794,1.74755859375,-5.3974609375,1.21875,-1.66976926608482,-1.7070171464627502,-5.449897011867661,Null
40.8500000000008,1.330078125,-5.3271484375,1.28759765625,1.68998954400427,-0.41611203507913597,-1.27068483346416,Null
40.87000000000079,1.0908203125,-4.1181640625,1.564453125,0.27137741418204503,0.6651407210344239,1.6601912397019198,Null
40.8950000000008,0.49755859375,-4.015625,1.23388671875,-1.09828035857204,1.5005574666536599,4.08981726549647,Null
40.915000000000795,0.67431640625,-3.45166015625,0.6708984375,0.26392783810646,1.45479578504649,5.79151328619094,Null
40.9350000000008,0.99462890625,-2.4130859375,0.3173828125,2.4402682773311,1.5282273206486898,6.970674756440769,Null
40.9560000000008,1.20849609375,-1.40673828125,0.07080078125,3.78332042124381,1.84430219128425,7.80183460144538,Null
40.976000000000795,1.24755859375,-0.66943359375,-0.17041015625,4.26754286615687,2.36045139080697,8.05937708862991,Null
41.000000000000796,1.185546875,-0.05126953125,-0.4033203125,4.24732258823742,2.91278424555395,7.81034840267463,Null
41.0200000000008,0.99169921875,0.50048828125,-0.77294921875,3.17990475912138,3.3672083861646698,7.291006527690951,Null
41.0410000000008,0.529296875,0.6171875,-0.7841796875,1.9517889318034198,3.1735194081994504,6.47900273545212,Null
41.061000000000796,0.53564453125,0.546875,-0.42724609375,1.8826142968158301,1.93688977965224,5.3285753443509805,Null
41.0810000000008,0.37353515625,0.94580078125,-0.75537109375,1.9134768262718302,1.49842901634635,4.039798683274681,Null
41.101000000000795,-0.078125,1.36962890625,-1.04931640625,0.9546099628286059,1.1206290867988,2.4658096810188197,Null
41.1210000000008,-0.18701171875,1.21484375,-0.7451171875,-0.321395996403834,0.16708334912384698,0.740700706943935,Null
41.141000000000794,-0.0859375,0.8671875,-0.30712890625,-0.7609209848633821,-0.502314272525197,-0.969509114979777,Null
41.1610000000008,-0.09423828125,0.6923828125,-0.1201171875,-0.49592892160326707,-0.67897564803194,-2.4913510847065403,Null
41.18100000000079,-0.14794921875,0.54443359375,-0.13330078125,-0.34480894978424603,-0.730058455407384,-3.7354302893293303,Null
41.201000000000796,-0.14404296875,0.3525390625,-0.10205078125,-0.479965544298441,-0.883306877533716,-4.71026053007738,Null
41.2210000000008,-0.01123046875,0.10693359375,0.07080078125,-0.920554757911643,-1.18022569540348,-5.49672291862848,Null
41.241000000000795,0.1748046875,-0.3154296875,0.20947265625,-1.6112368826337902,-1.3270887666078799,-6.029899720609679,Null
41.262000000000796,0.24072265625,-0.83837890625,0.2939453125,-2.0528903214006498,-1.2345011782398898,-6.2629650292601395,Null
41.281000000000795,0.294921875,-1.27587890625,0.29833984375,-2.20613874352698,-1.23875807885451,-6.20123997034815,Null
41.30600000000079,0.35400390625,-1.97802734375,0.36181640625,-1.9294402035766598,-1.10466570949397,-5.54674150085027,Null
41.326000000000796,0.4287109375,-2.275390625,0.4814453125,-1.2376938537008602,-0.953545737674951,-4.6953613779262104,Null
41.3460000000008,0.4443359375,-2.43505859375,0.533203125,-1.38668537521257,-0.6523700191905629,-3.6268793236565093,Null
41.36700000000079,0.353515625,-2.4931640625,0.5029296875,-1.5920808298679998,-0.21178080557736104,-2.6680124602132795,Null
41.387000000000796,0.306640625,-2.3974609375,0.41162109375,-1.04294065058198,0.065981959526615,-1.72298052376757,Null
41.4110000000008,0.24365234375,-2.111328125,0.3701171875,-0.245836010494323,0.233065308650462,-0.8162606928534458,Null
41.43100000000079,0.15625,-1.73193359375,0.400390625,0.161762223355572,0.35332275101348604,-0.116000541748404,Null
41.452000000000794,0.0693359375,-1.42041015625,0.423828125,0.044697456453513,0.46932329276189,0.36396500255003705,Null
41.4720000000008,0.0234375,-1.24755859375,0.3876953125,-0.135156594514195,0.5257272259056089,0.645984668268633,Null
41.49200000000079,0.0185546875,-1.1630859375,0.31591796875,-0.07023886014123501,0.5246630007519539,0.774755911860898,Null
41.512000000000796,0.03076171875,-1.0576171875,0.26904296875,0.10003716444357699,0.5108280737544381,0.8151964676997909,Null
41.5320000000009,0.0166015625,-0.93017578125,0.24755859375,0.244771785340668,0.49805737191057703,0.8056184413168951,Null
41.552000000000895,0.0087890625,-0.8662109375,0.2236328125,0.241579109879703,0.4427176639205129,0.7864623885511031,Null
41.573000000000896,0.0185546875,-0.861328125,0.18701171875,0.16601912397019197,0.367157678011002,0.7258015547927641,Null
41.5970000000009,0.03125,-0.875,0.14599609375,0.121321667516679,0.28840501664052604,0.576810033281053,Null
41.6170000000009,0.02685546875,-0.85986328125,0.12646484375,0.10003716444357699,0.254349811723564,0.46719484245458,Null
41.637000000000896,0.02490234375,-0.85888671875,0.123046875,0.029798304302342003,0.194753203118879,0.37567147924024297,Null
41.6580000000009,0.02978515625,-0.888671875,0.130859375,-0.039376330685238,0.13409236936053998,0.29904726817707694,Null
41.6780000000009,0.03173828125,-0.9306640625,0.13037109375,-0.032990979763308,0.086202237446062,0.242643335033358,Null
41.698000000000896,0.02197265625,-0.95263671875,0.12890625,0.04789013191447901,0.044697456453513,0.19794587857984502,Null
41.7180000000009,0.0205078125,-0.955078125,0.13720703125,0.04150478099254799,0.003192675460965,0.171340249738468,Null
41.738000000000895,0.02734375,-0.97900390625,0.14892578125,-0.025541403687721998,-0.025541403687721998,0.16282644850922698,Null
41.759000000000896,0.02490234375,-0.98486328125,0.16845703125,-0.079816886524131,-0.040440555838893,0.152184196972676,Null
41.7790000000009,0.01318359375,-0.99658203125,0.17236328125,-0.10961519082647302,-0.05959660860468499,0.14686307120440098,Null
41.8030000000009,0.005859375,-0.998046875,0.16845703125,-0.10003716444357699,-0.08194533683144099,0.135156594514195,Null
41.823000000000896,0.00048828125,-1.00146484375,0.1689453125,-0.10535829021185301,-0.10322983990454301,0.13196391905323,Null
41.8430000000009,-0.00439453125,-0.99365234375,0.185546875,-0.148991521511711,-0.12557856813129903,0.127707018438609,Null
41.8640000000009,-0.00732421875,-1.005859375,0.18408203125,-0.20007432888715498,-0.145798846050746,0.123450117823989,Null
41.884000000000896,-0.01416015625,-1.00927734375,0.19189453125,-0.19368897796522402,-0.159633773048262,0.116000541748404,Null
41.9040000000009,-0.0185546875,-1.0185546875,0.19921875,-0.18517517673598397,-0.173468700045778,0.11387209144109299,Null
41.924000000000895,-0.0146484375,-1.01513671875,0.201171875,-0.148991521511711,-0.18623940188963897,0.10961519082647302,Null
41.9440000000009,-0.0087890625,-1.00634765625,0.1982421875,-0.11387209144109299,-0.18517517673598397,0.10642251536550801,Null
41.964000000000894,-0.00830078125,-1.0,0.1923828125,-0.09045913806068198,-0.17240447489212302,0.11174364113378302,Null
41.985000000000895,-0.01220703125,-0.99560546875,0.185546875,-0.08513801229240599,-0.155376872433642,0.114936316594749,Null
42.009000000000896,-0.0126953125,-0.99072265625,0.181640625,-0.128771243592265,-0.13196391905323,0.101101389597233,Null
42.0290000000009,-0.009765625,-0.99560546875,0.17724609375,-0.14686307120440098,-0.116000541748404,0.09152336321433699,Null
42.049000000000895,-0.0068359375,-0.9990234375,0.17626953125,-0.14686307120440098,-0.10322983990454301,0.08513801229240599,Null
42.070000000000896,-0.00244140625,-1.0107421875,0.16357421875,-0.116000541748404,-0.08833068775337198,0.09471603867530198,Null
42.0900000000009,-0.009765625,-0.99658203125,0.169921875,-0.121321667516679,-0.06704618468026999,0.09897293928992199,Null
42.110000000000895,-0.01904296875,-0.98486328125,0.17333984375,-0.222423057113912,-0.054275482836409004,0.10322983990454301,Null
42.1300000000009,-0.02197265625,-1.013671875,0.15380859375,-0.27669853995032107,-0.054275482836409004,0.10535829021185301,Null
42.150000000000894,-0.025390625,-1.021484375,0.150390625,-0.258606712338184,-0.053211257682754004,0.09684448898261201,Null
42.1700000000009,-0.0263671875,-1.01318359375,0.15673828125,-0.21497348103832603,-0.061725058911995,0.09684448898261201,Null
42.1910000000009,-0.0234375,-1.00732421875,0.16015625,-0.19688165342619002,-0.06278928406565,0.10216561475088799,Null
42.2150000000009,-0.02587890625,-1.00732421875,0.142578125,-0.20433122950177499,-0.06385350921930501,0.097908714136267,Null
42.235000000000895,-0.02490234375,-1.01123046875,0.1298828125,-0.21178080557736104,-0.06491773437296,0.09152336321433699,Null
42.2550000000009,-0.02978515625,-1.01513671875,0.12548828125,-0.223487282267567,-0.065981959526615,0.09365181352164699,Null
42.2760000000009,-0.0390625,-1.01123046875,0.12646484375,-0.249028685955288,-0.07023886014123501,0.101101389597233,Null
42.296000000000895,-0.04541015625,-1.0078125,0.1279296875,-0.26392783810646,-0.086202237446062,0.118128992055714,Null
42.3160000000009,-0.05810546875,-1.00439453125,0.1240234375,-0.27457008964301,-0.10322983990454301,0.130899693899575,Null
42.336000000000894,-0.06982421875,-1.0166015625,0.11083984375,-0.27457008964301,-0.122385892670334,0.12983546874592,Null
42.356000000001,-0.0703125,-1.015625,0.10595703125,-0.249028685955288,-0.143670395743436,0.10748674051916302,Null
42.37600000000089,-0.0703125,-1.0078125,0.10205078125,-0.23200108349680698,-0.156441097587297,0.08513801229240599,Null
42.396000000001,-0.0712890625,-1.01220703125,0.099609375,-0.229872633189497,-0.16601912397019197,0.07023886014123501,Null
42.416000000001,-0.0703125,-1.0263671875,0.09375,-0.237322209265083,-0.18198250127501897,0.06917463498758,Null
42.436000000001,-0.07177734375,-1.0205078125,0.09228515625,-0.242643335033358,-0.19368897796522402,0.074495760755856,Null
42.456000000001,-0.08056640625,-1.01953125,0.0849609375,-0.26818473872107995,-0.19688165342619002,0.08300956198509599,Null
42.477000000001,-0.09521484375,-1.0224609375,0.07421875,-0.256478262030874,-0.19901010373349998,0.08513801229240599,Null
42.497000000001,-0.09716796875,-1.01611328125,0.06787109375,-0.20965235527005102,-0.20645967980908497,0.07343153560220099,Null
42.517000000001005,-0.0908203125,-1.01318359375,0.06591796875,-0.173468700045778,-0.20858813011639601,0.050018582221788996,Null
42.537000000001,-0.08544921875,-1.0068359375,0.0595703125,-0.128771243592265,-0.20752390496273998,0.025541403687721998,Null
42.557000000001004,-0.08447265625,-0.9931640625,0.06103515625,-0.05959660860468499,-0.20326700434811998,0.00425690061462,Null
42.577000000001,-0.08837890625,-0.99072265625,0.06103515625,-0.06704618468026999,-0.19688165342619002,0.0,Null
42.597000000001,-0.0908203125,-0.986328125,0.06201171875,-0.117064766902059,-0.188367852196949,-0.019156052765792,Null
42.617000000001,-0.10107421875,-0.98828125,0.0498046875,-0.20220277919446497,-0.169211799431158,-0.042569006146202994,Null
42.637000000001,-0.11376953125,-1.0,0.03271484375,-0.237322209265083,-0.15111997181902098,-0.06917463498758,Null
42.657000000001,-0.10888671875,-1.00732421875,0.0322265625,-0.21071658042370603,-0.143670395743436,-0.09471603867530198,Null
42.677000000001,-0.1044921875,-1.01953125,0.03466796875,-0.20433122950177499,-0.128771243592265,-0.123450117823989,Null
42.697000000001005,-0.10205078125,-1.0234375,0.0302734375,-0.188367852196949,-0.10429406505819801,-0.16708334912384698,Null
42.717000000001,-0.09619140625,-1.0390625,0.01708984375,-0.18091827612136302,-0.075559985909511,-0.20965235527005102,Null
42.737000000001004,-0.08251953125,-1.0498046875,0.00732421875,-0.175597150353088,-0.043633231299858,-0.246900235647978,Null
42.757000000001,-0.06005859375,-1.05224609375,0.00341796875,-0.147927296358056,-0.018091827612136003,-0.267120513567425,Null
42.777000000001,-0.04345703125,-1.03125,0.013671875,-0.086202237446062,0.005321125768275,-0.260735162645494,Null
42.798000000001004,-0.04443359375,-1.017578125,0.03125,-0.04682590676082401,0.036183655224273,-0.238386434418738,Null
42.818000000001,-0.05029296875,-1.00390625,0.0341796875,-0.08513801229240599,0.06278928406565,-0.226679957728532,Null
42.838000000001,-0.064453125,-0.99658203125,0.02001953125,-0.17240447489212302,0.10322983990454301,-0.244771785340668,Null
42.858000000001,-0.06396484375,-1.02099609375,-0.00048828125,-0.220294606806601,0.13409236936053998,-0.277762765103976,Null
42.878000000001,-0.06494140625,-1.04150390625,-0.0078125,-0.168147574277502,0.164954898816537,-0.326717122172109,Null
42.898000000001,-0.06787109375,-1.044921875,0.00244140625,-0.08194533683144099,0.18411095158232899,-0.377799929547553,Null
42.918000000001,-0.06201171875,-1.07421875,-0.00244140625,-0.04895435706813401,0.18411095158232899,-0.415047809925481,Null
42.938000000001004,-0.04345703125,-1.095703125,-0.0068359375,-0.023412953380412004,0.16708334912384698,-0.443781889074168,Null
42.958000000001,-0.0234375,-1.11376953125,-0.009765625,0.010642251536551002,0.150055746665366,-0.46506639214726997,Null
42.978000000001,-0.00390625,-1.11279296875,-0.0068359375,0.06491773437296,0.139413495128815,-0.46400216699361496,Null
42.999000000001004,0.01171875,-1.091796875,0.015625,0.09897293928992199,0.139413495128815,-0.43952498845954796,Null
43.019000000001,0.02587890625,-1.08740234375,0.0205078125,0.101101389597233,0.13622081966785002,-0.39802020746699995,Null
43.039000000001,0.03515625,-1.0615234375,0.02587890625,0.16389067366288199,0.13622081966785002,-0.376735704393898,Null
43.059000000001106,0.0419921875,-1.03076171875,0.0302734375,0.195817428272535,0.141541945436126,-0.3682219031646571,Null
43.07900000000111,0.04296875,-1.01708984375,0.0361328125,0.19688165342619002,0.153248422126331,-0.35757965162810706,Null
43.099000000001105,0.0380859375,-0.99853515625,0.04931640625,0.170276024584813,0.168147574277502,-0.34480894978424603,Null
43.11900000000111,0.04443359375,-1.00048828125,0.05078125,0.168147574277502,0.17666137550674302,-0.346937400091556,Null
43.139000000001104,0.05322265625,-0.99755859375,0.04931640625,0.20326700434811998,0.19368897796522402,-0.36609345285734707,Null
43.15900000000111,0.0556640625,-0.9833984375,0.05029296875,0.23200108349680698,0.228808408035842,-0.39269908169872403,Null
43.1790000000011,0.05517578125,-0.9765625,0.0517578125,0.229872633189497,0.247964460801633,-0.419304710540101,Null
43.19900000000111,0.0654296875,-0.98681640625,0.05615234375,0.222423057113912,0.26179938779914896,-0.449103014842443,Null
43.21900000000111,0.07861328125,-0.990234375,0.06591796875,0.21816615649929103,0.267120513567425,-0.479965544298441,Null
43.239000000001106,0.0849609375,-0.96923828125,0.0703125,0.20539545465543,0.28095544056494104,-0.4991215970642321,Null
43.25900000000111,0.080078125,-0.9560546875,0.0703125,0.17240447489212302,0.275634314796665,-0.5076353982934729,Null
43.279000000001105,0.0947265625,-0.9697265625,0.06640625,0.159633773048262,0.259670937491839,-0.53211257682754,Null
43.300000000001106,0.13134765625,-0.99755859375,0.064453125,0.17666137550674302,0.26179938779914896,-0.5693604572054671,Null
43.32000000000111,0.17138671875,-0.9990234375,0.076171875,0.20645967980908497,0.277762765103976,-0.608736787890705,Null
43.340000000001105,0.19677734375,-0.98583984375,0.0859375,0.225615732574877,0.310753744867283,-0.6257643903491871,Null
43.36000000000111,0.20166015625,-0.9951171875,0.07958984375,0.27669853995032107,0.336295148555005,-0.616186363966291,Null
43.380000000001104,0.2236328125,-0.994140625,0.08056640625,0.401212882927965,0.34268049947693496,-0.610865238198015,Null
43.40000000000111,0.2451171875,-0.9521484375,0.11474609375,0.428882736922997,0.354386976167141,-0.5927734105858791,Null
43.4200000000011,0.25439453125,-0.927734375,0.14453125,0.323524446711144,0.36183655224272704,-0.5693604572054671,Null
43.440000000001106,0.2490234375,-0.92138671875,0.15869140625,0.21923038165294603,0.367157678011002,-0.5746815829737429,Null
43.46000000000111,0.248046875,-0.94140625,0.1572265625,0.20113855404081,0.351194300706176,-0.594901860893189,Null
43.480000000001105,0.27001953125,-0.94677734375,0.1591796875,0.238386434418738,0.33523092340134997,-0.622571714888221,Null
43.50000000000111,0.27392578125,-0.94091796875,0.18017578125,0.242643335033358,0.328845572479419,-0.6513057940369079,Null
43.52100000000111,0.2724609375,-0.94189453125,0.2041015625,0.22135883196025602,0.28840501664052604,-0.685360998953871,Null
43.5450000000011,0.29345703125,-0.9501953125,0.2177734375,0.254349811723564,0.242643335033358,-0.7034528265660072,Null
43.565000000001106,0.2802734375,-0.90380859375,0.2236328125,0.384185280469484,0.223487282267567,-0.714095078102558,Null
43.58500000000111,0.25341796875,-0.83642578125,0.24169921875,0.5416906032104349,0.20220277919446497,-0.742829157251245,Null
43.6060000000011,0.259765625,-0.8193359375,0.25927734375,0.60980101304436,0.14047772028247002,-0.791783514319379,Null
43.626000000001106,0.28515625,-0.8232421875,0.28125,0.608736787890705,0.08726646259971699,-0.842866321694823,Null
43.64600000000111,0.27294921875,-0.78076171875,0.29736328125,0.660883820419804,0.09152336321433699,-0.916297857297023,Null
43.666000000001105,0.275390625,-0.74951171875,0.2919921875,0.632149741271117,0.079816886524131,-0.973766015594397,Null
43.68600000000111,0.27587890625,-0.740234375,0.28857421875,0.5523328547469859,0.072367310448545,-1.04400487573563,Null
43.706000000001104,0.2998046875,-0.79541015625,0.28369140625,0.46719484245458,0.040440555838893,-1.10679415980128,Null
43.72600000000111,0.357421875,-0.8505859375,0.287109375,0.424625836308377,-0.014899152151171002,-1.1344640137963102,Null
43.746000000001104,0.3798828125,-0.81103515625,0.29541015625,0.419304710540101,-0.017027602458481002,-1.1514916162548001,Null
43.7660000000012,0.376953125,-0.76806640625,0.2802734375,0.371414578625623,-0.026605628841377002,-1.16213386779135,Null
43.7860000000012,0.3837890625,-0.76123046875,0.25,0.28201966571859605,-0.07130308529489,-1.18767527147907,Null
43.8070000000012,0.40185546875,-0.7607421875,0.23876953125,0.252221361416254,-0.11067941598012801,-1.2579141316203002,Null
43.8270000000012,0.42578125,-0.845703125,0.2001953125,0.36396500255003705,-0.16389067366288199,-1.33028144206885,Null
43.8470000000012,0.4716796875,-0.84033203125,0.1962890625,0.8322240701582719,-0.236257984111428,-1.40584142797836,Null
43.8670000000012,0.4833984375,-0.7529296875,0.2353515625,1.34943749483464,-0.275634314796665,-1.48565831450249,Null
43.8870000000012,0.525390625,-0.63623046875,0.267578125,1.61442955809475,-0.37886415470120793,-1.60272308140455,Null
43.907000000001204,0.59228515625,-0.5224609375,0.27392578125,1.5580256249510402,-0.5108280737544381,-1.81131121152094,Null
43.9270000000012,0.70361328125,-0.4765625,0.26708984375,1.1951248475546499,-0.6598195952661489,-2.09652355270051,Null
43.9470000000012,0.84326171875,-0.45849609375,0.26806640625,0.6555626946515289,-0.80668266647055,-2.4008919466458596,Null
43.9720000000012,0.96923828125,-0.44580078125,0.26220703125,-0.001064225153655,-0.913105181836058,-2.7180310424350695,Null
43.9920000000012,1.0771484375,-0.46728515625,0.23193359375,-0.656626919805184,-0.9780229162090179,-2.9894084566171197,Null
44.0130000000012,1.15625,-0.47314453125,0.19921875,-1.15042739110114,-0.9950505186674989,-3.1735194081994504,Null
44.0330000000012,1.1875,-0.4951171875,0.1533203125,-1.5420622476462098,-0.9546099628286059,-3.2352444671114395,Null
44.0530000000012,1.14892578125,-0.5234375,0.11376953125,-1.73787967591874,-0.8513801229240631,-3.15649180574096,Null
44.0730000000012,1.11572265625,-0.556640625,0.09765625,-1.58569547894607,-0.80668266647055,-2.98728000630981,Null
44.0970000000012,1.16455078125,-0.6435546875,0.0791015625,-0.67471874741732,-0.8492516726167529,-2.60415895099398,Null
44.1180000000012,1.2041015625,-0.6708984375,0.05322265625,0.34480894978424603,-0.850315897770408,-2.30191900735594,Null
44.1380000000012,1.28173828125,-0.65283203125,0.0126953125,1.4718233875049698,-0.8598939241533041,-1.99222948764231,Null
44.1580000000012,1.3408203125,-0.55908203125,-0.015625,2.3934423705702703,-0.799233090394964,-1.65380588877999,Null
44.1780000000012,1.31787109375,-0.46875,-0.0439453125,2.8340315841834802,-0.669397621649045,-1.28771243592265,Null
44.1980000000012,1.22216796875,-0.37109375,-0.01025390625,2.94258254985629,-0.531048351673884,-0.910976731528748,Null
44.218000000001204,1.12109375,-0.30029296875,0.06005859375,2.74995779704472,-0.43846076330589295,-0.521470325290989,Null
44.239000000001205,1.05615234375,-0.275390625,0.12255859375,2.36470829142159,-0.42036893569375605,-0.13834926997516,Null
44.2630000000012,1.04248046875,-0.29052734375,0.15234375,1.8953849986596998,-0.428882736922997,0.19049630250425897,Null
44.2830000000012,1.03564453125,-0.33642578125,0.130859375,1.4973647911927,-0.38312105531582796,0.42675428661568704,Null
44.3030000000012,1.03955078125,-0.36328125,0.10400390625,1.33453834268347,-0.307561069406318,0.5746815829737429,Null
44.3240000000012,1.0615234375,-0.38134765625,0.08544921875,1.3196391905323,-0.21710193134563602,0.683232548646561,Null
44.3440000000012,1.07666015625,-0.3955078125,0.0810546875,1.4037129776710502,-0.09365181352164699,0.781141262782828,Null
44.364000000001205,1.10791015625,-0.39794921875,0.07568359375,1.5026859169609699,0.027669853995032002,0.891820678762956,Null
44.3840000000012,1.15869140625,-0.4189453125,0.05126953125,1.5133281684975202,0.14047772028247002,1.05677557757949,Null
44.4080000000012,1.2001953125,-0.42041015625,0.03564453125,1.4516031095855302,0.286276566333216,1.40052030221008,Null
44.4290000000012,1.28271484375,-0.47119140625,0.0107421875,1.4239332555905,0.35013007555252096,1.6708334912384701,Null
44.4490000000012,1.3173828125,-0.4541015625,0.01220703125,1.5016216918073202,0.40227710808162,1.94327513057417,Null
44.4690000000012,1.3125,-0.4521484375,0.00048828125,1.5133281684975202,0.41717626023279103,2.23806549813663,Null
44.489000000001205,1.29833984375,-0.4462890625,0.02978515625,1.30793271384209,0.4235616111547221,2.46687390617247,Null
44.5090000000012,1.275390625,-0.45361328125,0.060546875,0.920554757911643,0.46719484245458,2.60735162645494,Null
44.529000000001204,1.18505859375,-0.48583984375,0.06103515625,0.645984668268633,0.528919901366574,2.65630598352308,Null
44.5490000000012,1.1611328125,-0.5029296875,0.05712890625,0.539562152903125,0.4969931467569221,2.68929696328638,Null
44.5690000000012,1.13427734375,-0.5263671875,0.05810546875,0.6129936885053261,0.45868104122533904,2.65311330806211,Null
44.5890000000013,1.08154296875,-0.513671875,0.09521484375,0.722608879331799,0.528919901366574,2.52327783931619,Null
44.609000000001295,0.9794921875,-0.51123046875,0.10205078125,0.74176493209759,0.615122138812636,2.35619449019235,Null
44.630000000001296,0.8837890625,-0.5205078125,0.119140625,0.767306335785312,0.650241568883253,2.1710193134563602,Null
44.6500000000013,0.82568359375,-0.5078125,0.17578125,0.7939119646266891,0.654498469497874,1.9890368121813402,Null
44.670000000001295,0.7802734375,-0.484375,0.234375,0.7343153560220049,0.684296773800216,1.8421737409769399,Null
44.6900000000013,0.71630859375,-0.5009765625,0.25341796875,0.610865238198015,0.7066455020269731,1.77619178145033,Null
44.710000000001294,0.66357421875,-0.498046875,0.26220703125,0.488479345527681,0.7162235284098679,1.74320080168702,Null
44.7300000000013,0.603515625,-0.49169921875,0.279296875,0.384185280469484,0.7002601511050419,1.7080813716163998,Null
44.7500000000013,0.57373046875,-0.5126953125,0.30029296875,0.332038247940385,0.666204946188079,1.67615461700675,Null
44.770000000001296,0.548828125,-0.5576171875,0.3330078125,0.328845572479419,0.6704618468026999,1.6665765906238503,Null
44.7900000000013,0.5126953125,-0.57177734375,0.35498046875,0.34161627432328,0.6864252241075259,1.65699856424096,Null
44.810000000001295,0.45703125,-0.5458984375,0.36865234375,0.319267546096524,0.6821683234929059,1.60272308140455,Null
44.831000000001296,0.3994140625,-0.53369140625,0.36376953125,0.20645967980908497,0.660883820419804,1.5420622476462098,Null
44.8510000000013,0.35791015625,-0.59521484375,0.34765625,0.150055746665366,0.616186363966291,1.4888509899634599,Null
44.871000000001295,0.314453125,-0.65673828125,0.35546875,0.237322209265083,0.5693604572054671,1.39200650098084,Null
44.8910000000013,0.2890625,-0.71728515625,0.40185546875,0.37567147924024297,0.505506947986163,1.2791986346934099,Null
44.9100000000013,0.28369140625,-0.7333984375,0.44970703125,0.562975106283537,0.457616816071684,1.16426231809866,Null
44.9300000000013,0.25830078125,-0.68505859375,0.478515625,0.6821683234929059,0.437396538152238,1.0993445837256999,Null
44.951000000001294,0.20947265625,-0.642578125,0.4794921875,0.620443264580911,0.38631373077679404,1.08444543157453,Null
44.9710000000013,0.15771484375,-0.61865234375,0.5029296875,0.405469783542585,0.31288219517459304,1.0493260015039099,Null
44.9910000000013,0.11865234375,-0.62255859375,0.52734375,0.121321667516679,0.19901010373349998,0.9801513665163281,Null
45.011000000001296,0.1044921875,-0.7314453125,0.50634765625,0.027669853995032002,0.057468158297374,0.9024629302995071,Null
45.0310000000013,0.13037109375,-0.90380859375,0.46875,0.20539545465543,-0.013834926997516001,0.858829698999649,Null
45.051000000001295,0.15283203125,-0.89599609375,0.498046875,1.1248859874134198,-0.12983546874592,0.702388601412352,Null
45.0710000000013,0.138671875,-0.77783203125,0.53662109375,1.35156594514195,-0.20645967980908497,0.638535092193047,Null
45.091000000001294,0.12939453125,-0.68896484375,0.57763671875,1.02059192235522,-0.32565289701845396,0.647048893422288,Null
45.1110000000013,0.1474609375,-0.8203125,0.5419921875,0.8524443480777181,-0.403341333235275,0.666204946188079,Null
45.1310000000013,0.20458984375,-0.8515625,0.52294921875,0.9982431941284642,-0.553397079900641,0.683232548646561,Null
45.1510000000013,0.20068359375,-0.73486328125,0.57861328125,1.15468429171576,-0.60980101304436,0.67471874741732,Null
45.1720000000013,0.1884765625,-0.80322265625,0.58349609375,0.893949129070266,-0.692810575029456,0.649177343729598,Null
45.191000000001296,0.2509765625,-0.900390625,0.55029296875,0.8950133542239208,-0.8279671695436519,0.595966086046844,Null
45.216000000001294,0.2998046875,-0.76416015625,0.57763671875,1.29409778684458,-0.848187447463098,0.466130617300925,Null
45.2360000000013,0.3173828125,-0.77734375,0.55126953125,1.31644651507133,-0.8343525204655821,0.41824048538644604,Null
45.2570000000013,0.3486328125,-0.8798828125,0.5478515625,1.52929154580235,-0.8375451959265471,0.42781851176934205,Null
45.277000000001294,0.36767578125,-0.7841796875,0.63916015625,2.00074328887155,-0.7800770376291729,0.44058921361320297,Null
45.2970000000013,0.37451171875,-0.65771484375,0.6826171875,2.15931283676616,-0.698131700797732,0.491672020988646,Null
45.3210000000013,0.3701171875,-0.64794921875,0.6044921875,2.10823002939071,-0.6129936885053261,0.528919901366574,Null
45.3420000000013,0.37841796875,-0.66845703125,0.6005859375,2.0752390496274002,-0.547011728978711,0.53424102713485,Null
45.362000000001295,0.4169921875,-0.5927734375,0.70849609375,1.9773303354911398,-0.511892298908093,0.5108280737544381,Null
45.3820000000013,0.46923828125,-0.552734375,0.759765625,1.59101660471434,-0.492736246142302,0.49592892160326707,Null
45.402000000001294,0.494140625,-0.58935546875,0.67578125,1.2004459733229298,-0.46825906760823494,0.49380047129595706,Null
45.4220000000013,0.5166015625,-0.80908203125,0.57470703125,1.18554682117176,-0.42675428661568704,0.48422244491306105,Null
45.4420000000014,0.56103515625,-0.69091796875,0.69677734375,1.75916417899185,-0.382056830162173,0.45868104122533904,Null
45.4620000000014,0.52783203125,-0.43505859375,0.81787109375,1.70169602069447,-0.345873174937901,0.479965544298441,Null
45.483000000001404,0.529296875,-0.41845703125,0.80322265625,0.9173620824506781,-0.405469783542585,0.527855676212919,Null
45.507000000001405,0.537109375,-0.67333984375,0.70849609375,0.042569006146202994,-0.47570864368382,0.5108280737544381,Null
45.5270000000014,0.57421875,-0.70556640625,0.78564453125,0.5235987755982989,-0.46506639214726997,0.455488365764374,Null
45.5480000000014,0.568359375,-0.4892578125,0.873046875,0.930132784294539,-0.41824048538644604,0.41717626023279103,Null
45.568000000001405,0.56689453125,-0.40234375,0.8857421875,0.623635940041876,-0.348001625245211,0.4714517430692,Null
45.5880000000014,0.525390625,-0.46923828125,0.92138671875,0.10748674051916302,-0.235193758957772,0.5108280737544381,Null
45.608000000001404,0.5732421875,-0.6103515625,0.97509765625,-0.123450117823989,-0.19901010373349998,0.46825906760823494,Null
45.6270000000014,0.60546875,-0.57373046875,0.9580078125,-0.054275482836409004,-0.120257442363024,0.445910339381478,Null
45.647000000001405,0.548828125,-0.5341796875,0.90478515625,-0.164954898816537,0.040440555838893,0.48209399460575103,Null
45.6680000000014,0.38037109375,-0.47509765625,0.77783203125,-0.367157678011002,0.053211257682754004,0.506571173139818,Null
45.6880000000014,0.36962890625,-0.57861328125,0.78076171875,-0.349065850398866,-0.017027602458481002,0.485286670066716,Null
45.708000000001405,0.39892578125,-0.5849609375,0.796875,-0.101101389597233,-0.079816886524131,0.47570864368382,Null
45.7280000000014,0.31103515625,-0.49951171875,0.8046875,-0.114936316594749,-0.019156052765792,0.514020749215403,Null
45.748000000001404,0.15380859375,-0.5009765625,0.8330078125,0.030862529455997004,-0.118128992055714,0.47570864368382,Null
45.7680000000014,0.15185546875,-0.5234375,0.87451171875,0.334166698247695,-0.241579109879703,0.352258525859831,Null
45.788000000001404,0.22216796875,-0.47314453125,0.9375,0.37567147924024297,-0.29904726817707694,0.2788269902576311,Null
45.8080000000014,0.22412109375,-0.4697265625,0.9150390625,-0.013834926997516001,-0.27031318902839,0.257542487184529,Null
45.8280000000014,0.19140625,-0.560546875,0.91357421875,-0.051082807375443996,-0.290533466947837,0.174532925199433,Null
45.8480000000014,0.24658203125,-0.50634765625,1.01123046875,-0.155376872433642,-0.33523092340134997,0.130899693899575,Null
45.8690000000014,0.34619140625,-0.47607421875,1.03955078125,-0.661948045573459,-0.21178080557736104,0.220294606806601,Null
45.8890000000014,0.298828125,-0.65625,0.9453125,-0.8269029443899959,-0.038312105531583,0.358643876781762,Null
45.9090000000014,0.18115234375,-0.73388671875,0.76416015625,-0.6821683234929059,-0.118128992055714,0.491672020988646,Null
45.9290000000014,0.22705078125,-0.64599609375,0.7099609375,-0.411855134464516,-0.256478262030874,0.610865238198015,Null
45.949000000001405,0.193359375,-0.53125,0.76513671875,-0.5906449602785689,-0.251157136262599,0.730058455407384,Null
45.9690000000014,0.056640625,-0.533203125,0.74853515625,-0.833288295311927,-0.33948782401597,0.7492145081731759,Null
45.989000000001404,-0.03173828125,-0.54248046875,0.68798828125,-1.0312341738917699,-0.608736787890705,0.637470867039392,Null
46.0090000000014,-0.02880859375,-0.43798828125,0.6982421875,-1.18554682117176,-0.930132784294539,0.46825906760823494,Null
46.0290000000014,-0.0087890625,-0.33447265625,0.67333984375,-1.5644109758729698,-1.1972532978619599,0.367157678011002,Null
46.0490000000014,-0.00390625,-0.4052734375,0.5859375,-1.9305044287303101,-1.37285044821505,0.243707560187013,Null
46.0690000000014,0.0087890625,-0.53466796875,0.55859375,-1.85175176735984,-1.52397042003407,-0.037247880377928,Null
46.0900000000014,0.06982421875,-0.59912109375,0.654296875,-1.39945607705643,-1.61442955809475,-0.38844218108410405,Null
46.114000000001404,0.236328125,-0.61083984375,0.81787109375,-0.7524071836341409,-1.5431264727998601,-0.67684719772463,Null
46.1340000000014,0.2412109375,-0.44287109375,0.76611328125,-0.21284503073101602,-1.27174905861782,-0.8460589971557879,Null
46.1540000000014,0.2587890625,-0.3515625,0.76513671875,-0.21284503073101602,-1.04081220027467,-0.9780229162090179,Null
46.175000000001404,0.388671875,-0.23095703125,1.07763671875,-1.0684820542697,-0.87160040084351,-1.1844825960181,Null
46.1950000000014,0.58056640625,-0.1708984375,1.20166015625,-3.3799790880085294,-0.615122138812636,-1.28984088622996,Null
46.215000000001496,0.56005859375,-0.74267578125,0.6474609375,-5.46373193886518,-0.027669853995032002,-1.34943749483464,Null
46.2350000000015,0.46240234375,-1.20166015625,0.23779296875,-4.89862838227433,0.424625836308377,-1.56760365133393,Null
46.255000000001495,0.56689453125,-1.25537109375,0.1591796875,-2.5381769914673598,0.35013007555252096,-1.7240447489212298,Null
46.2750000000015,0.57470703125,-0.93505859375,0.314453125,-0.252221361416254,0.320331771250179,-1.7910909336015002,Null
46.295000000001494,0.556640625,-0.7470703125,0.4033203125,0.5693604572054671,0.21178080557736104,-1.7070171464627502,Null
46.3150000000015,0.59423828125,-0.7587890625,0.359375,0.637470867039392,-0.079816886524131,-1.38562115005891,Null
46.340000000001496,0.60498046875,-0.666015625,0.29833984375,0.336295148555005,-0.43952498845954796,-1.0259130481235001,Null
46.3600000000015,0.609375,-0.5634765625,0.26416015625,0.11174364113378302,-0.539562152903125,-0.9939862935138442,Null
46.3810000000015,0.6552734375,-0.54736328125,0.283203125,-0.594901860893189,-0.7247373296391091,-1.03655529966005,Null
46.401000000001495,0.701171875,-0.70556640625,0.35205078125,-0.7577283094024159,-0.848187447463098,-1.00356431989674,Null
46.4210000000015,0.81494140625,-0.8193359375,0.35791015625,-0.7055812768733171,-0.908848281221438,-0.9918578432065341,Null
46.441000000001495,0.8408203125,-0.7451171875,0.35595703125,-0.192624752811569,-0.73537958117566,-1.07912430580625,Null
46.4600000000015,0.80810546875,-0.64697265625,0.349609375,0.273505864489355,-0.5863880596639489,-1.07380318003797,Null
46.481000000001494,0.84521484375,-0.705078125,0.3642578125,0.46825906760823494,-0.451231465149754,-1.0046285450504,Null
46.502000000001495,0.91796875,-0.75830078125,0.4228515625,0.505506947986163,-0.31288219517459304,-0.9024629302995071,Null
46.526000000001495,0.89501953125,-0.60693359375,0.474609375,0.34268049947693496,-0.101101389597233,-0.779012812475518,Null
46.5460000000015,0.88525390625,-0.6005859375,0.42578125,-0.030862529455997004,-0.00425690061462,-0.573617357820088,Null
46.566000000001495,0.86669921875,-0.61474609375,0.3623046875,-0.27669853995032107,0.09471603867530198,-0.379928379854863,Null
46.587000000001495,0.8349609375,-0.6494140625,0.2939453125,-0.237322209265083,0.148991521511711,-0.316074870635558,Null
46.6070000000015,0.84912109375,-0.68896484375,0.2548828125,0.277762765103976,0.141541945436126,-0.33523092340134997,Null
46.627000000001495,0.84423828125,-0.6240234375,0.27490234375,1.00250009474308,0.168147574277502,-0.405469783542585,Null
46.6470000000015,0.8037109375,-0.4658203125,0.31884765625,1.33453834268347,0.252221361416254,-0.521470325290989,Null
46.667000000001494,0.779296875,-0.28955078125,0.3671875,1.28451976046168,0.259670937491839,-0.6523700191905629,Null
46.688000000001495,0.82421875,-0.212890625,0.392578125,0.8854353278410259,0.127707018438609,-0.7513429584804859,Null
46.7070000000015,0.9013671875,-0.32470703125,0.3720703125,0.20326700434811998,0.04150478099254799,-0.7247373296391091,Null
46.727000000001496,0.888671875,-0.45654296875,0.37890625,-0.46293794183995896,0.10855096567281801,-0.562975106283537,Null
46.752000000001495,0.90625,-0.6328125,0.3916015625,-0.9641879892115021,0.164954898816537,-0.41079090931086,Null
46.7720000000015,0.94921875,-0.69775390625,0.3935546875,-0.863086599614269,0.16282644850922698,-0.28946924179418104,Null
46.7930000000015,0.92626953125,-0.53857421875,0.3447265625,-0.49380047129595706,0.20007432888715498,-0.239450659572393,Null
46.813000000001495,0.85498046875,-0.51220703125,0.240234375,-0.39482753200603404,0.26392783810646,-0.27989121541128603,Null
46.8330000000015,0.84228515625,-0.44384765625,0.23974609375,-0.21816615649929103,0.240514884726048,-0.385249505623139,Null
46.8530000000015,0.85498046875,-0.34326171875,0.24755859375,-0.188367852196949,0.18730362704329398,-0.5448832786714001,Null
46.8730000000015,0.841796875,-0.26513671875,0.26025390625,-0.20965235527005102,0.174532925199433,-0.7119666277952479,Null
46.8940000000015,0.880859375,-0.1787109375,0.33544921875,-0.37247880377927794,0.117064766902059,-0.8056184413168951,Null
46.9140000000015,0.86962890625,-0.20166015625,0.29736328125,-0.8971418045312322,0.158569547894607,-0.959931088596881,Null
46.9340000000015,0.830078125,-0.13818359375,0.31689453125,-1.37497889852236,0.18730362704329398,-1.06954627942335,Null
46.9580000000015,0.8876953125,-0.359375,0.228515625,-2.26892802759263,-0.010642251536551002,-0.860958149306959,Null
46.9780000000015,0.90380859375,-0.478515625,0.205078125,-2.3934423705702703,0.08833068775337198,-0.8928849039166109,Null
46.999000000001494,0.8740234375,-0.607421875,0.25439453125,-1.67296194154578,0.161762223355572,-0.891820678762956,Null
47.0190000000015,0.849609375,-0.494140625,0.298828125,-0.9013987051458521,0.139413495128815,-1.0471975511966,Null
47.0390000000015,0.8095703125,-0.28662109375,0.20166015625,-0.8322240701582719,0.06704618468026999,-1.4239332555905,Null
47.0590000000015,0.8310546875,-0.2373046875,0.1865234375,-1.06422515365508,-0.143670395743436,-1.4516031095855302,Null
47.0790000000015,0.93017578125,-0.10400390625,0.30419921875,-1.44202508320263,-0.273505864489355,-1.44202508320263,Null
47.1000000000015,0.91796875,-0.41650390625,0.248046875,-2.09120242693223,-0.18623940188963897,-1.33453834268347,Null
47.1200000000015,0.91064453125,-0.2958984375,0.232421875,-1.7080813716163998,-0.133028144206885,-1.49204366542442,Null
47.1440000000015,0.93896484375,-0.39599609375,0.16845703125,-1.4686307120440099,-0.21071658042370603,-1.5612183004120002,Null
47.1640000000016,1.0771484375,-0.38330078125,0.16552734375,-1.06422515365508,-0.32778134732576397,-1.66231969000923,Null
47.185000000001494,1.0634765625,-0.333984375,0.19189453125,-0.73537958117566,-0.222423057113912,-1.6740261666994398,Null
47.205000000001604,1.021484375,-0.3193359375,0.2216796875,-0.642791992807668,-0.16282644850922698,-1.58782392925338,Null
47.2250000000016,1.0302734375,-0.28759765625,0.28564453125,-0.6555626946515289,-0.156441097587297,-1.47288761265863,Null
47.2450000000016,1.0341796875,-0.27783203125,0.26513671875,-0.742829157251245,-0.114936316594749,-1.35369439544926,Null
47.269000000001604,1.0791015625,-0.2734375,0.2021484375,-0.7502787333268308,-0.08513801229240599,-1.15574851686942,Null
47.290000000001605,1.09912109375,-0.2900390625,0.18701171875,-0.7258015547927641,-0.019156052765792,-0.9897293928992241,Null
47.3100000000016,1.07568359375,-0.240234375,0.20166015625,-0.740700706943935,0.084073787138751,-0.8162606928534458,Null
47.330000000001604,1.06982421875,-0.21826171875,0.201171875,-0.9429034861384,0.154312647279986,-0.617250589119946,Null
47.3500000000016,1.0673828125,-0.20849609375,0.1884765625,-1.16213386779135,0.21071658042370603,-0.40866245900354997,Null
47.369000000001606,1.05322265625,-0.19482421875,0.1953125,-1.3185749653786398,0.257542487184529,-0.226679957728532,Null
47.3900000000016,1.03564453125,-0.197265625,0.20361328125,-1.4824656390415298,0.302239943638043,-0.06917463498758,Null
47.4100000000016,0.99609375,-0.21875,0.19970703125,-1.54631914826083,0.322460221557489,0.051082807375443996,Null
47.430000000001606,0.9814453125,-0.22509765625,0.20849609375,-1.4718233875049698,0.316074870635558,0.130899693899575,Null
47.4500000000016,0.97802734375,-0.228515625,0.2109375,-1.3590155212175399,0.320331771250179,0.194753203118879,Null
47.470000000001605,0.9677734375,-0.23974609375,0.1962890625,-1.21321667516679,0.309689519713628,0.244771785340668,Null
47.4900000000016,0.97802734375,-0.24658203125,0.1796875,-1.0163350217406,0.2788269902576311,0.26818473872107995,Null
47.510000000001604,1.00439453125,-0.2470703125,0.177734375,-0.7545356339414508,0.251157136262599,0.28201966571859605,Null
47.531000000001605,1.0126953125,-0.24072265625,0.18359375,-0.5097638486007829,0.243707560187013,0.300111493330732,Null
47.555000000001606,0.9892578125,-0.22021484375,0.18115234375,-0.345873174937901,0.220294606806601,0.321395996403834,Null
47.5750000000016,0.99951171875,-0.20849609375,0.1826171875,-0.235193758957772,0.175597150353088,0.349065850398866,Null
47.5960000000016,1.0224609375,-0.1845703125,0.19091796875,-0.156441097587297,0.135156594514195,0.377799929547553,Null
47.616000000001605,1.00927734375,-0.1923828125,0.1953125,-0.12983546874592,0.133028144206885,0.39482753200603404,Null
47.6360000000016,0.97802734375,-0.2001953125,0.19580078125,-0.084073787138751,0.130899693899575,0.39269908169872403,Null
47.656000000001605,0.95361328125,-0.19287109375,0.19482421875,-0.013834926997516001,0.114936316594749,0.38099260500851795,Null
47.6760000000016,0.9599609375,-0.171875,0.19873046875,0.034055204916963,0.084073787138751,0.367157678011002,Null
47.696000000001604,0.9501953125,-0.162109375,0.18701171875,0.00638535092193,0.075559985909511,0.351194300706176,Null
47.717000000001605,0.95068359375,-0.1796875,0.1943359375,-0.019156052765792,0.05959660860468499,0.33097402278673,Null
47.7370000000016,0.958984375,-0.1943359375,0.2138671875,-0.013834926997516001,0.055339707990064005,0.297983043023422,Null
47.757000000001604,0.94873046875,-0.1806640625,0.2138671875,-0.009578026382896,0.06385350921930501,0.258606712338184,Null
47.7770000000016,0.97314453125,-0.18505859375,0.216796875,-0.043633231299858,0.04150478099254799,0.21390925588467102,Null
47.7970000000016,1.013671875,-0.19580078125,0.23876953125,-0.061725058911995,0.017027602458481002,0.171340249738468,Null
47.8170000000016,1.041015625,-0.18896484375,0.244140625,-0.080881111677786,0.032990979763308,0.123450117823989,Null
47.8370000000016,1.0205078125,-0.1875,0.234375,-0.15111997181902098,0.09045913806068198,0.079816886524131,Null
47.857000000001605,0.97265625,-0.19482421875,0.23974609375,-0.286276566333216,0.133028144206885,0.04789013191447901,Null
47.8770000000016,0.95703125,-0.1923828125,0.2548828125,-0.419304710540101,0.122385892670334,0.035119430070618,Null
47.897000000001604,0.9501953125,-0.1904296875,0.25830078125,-0.5448832786714001,0.114936316594749,0.057468158297374,Null
47.918000000001605,0.935546875,-0.1484375,0.27099609375,-0.796040414933999,0.126642793284954,0.09365181352164699,Null
47.9380000000016,0.9306640625,-0.1884765625,0.24462890625,-1.23024427762527,0.127707018438609,0.12557856813129903,Null
47.9620000000016,0.98486328125,-0.18896484375,0.26123046875,-1.76554952991378,0.101101389597233,0.171340249738468,Null
47.982000000001605,1.0029296875,-0.1826171875,0.23779296875,-2.05076187109334,0.130899693899575,0.195817428272535,Null
48.0020000000016,0.9931640625,-0.28759765625,0.16748046875,-2.4519747540213,0.174532925199433,0.228808408035842,Null
48.0230000000016,0.9951171875,-0.32763671875,0.142578125,-2.4274975754872403,0.18943207735060397,0.22135883196025602,Null
48.043000000001705,0.9775390625,-0.38427734375,0.13427734375,-2.23700127298298,0.19688165342619002,0.20645967980908497,Null
48.0670000000016,0.93505859375,-0.41552734375,0.134765625,-1.79428360906246,0.17240447489212302,0.194753203118879,Null
48.08700000000171,0.9111328125,-0.42919921875,0.123046875,-1.39839185190277,0.123450117823989,0.19156052765791398,Null
48.10800000000171,0.89306640625,-0.42578125,0.111328125,-0.8971418045312322,0.06811040983392501,0.18730362704329398,Null
48.128000000001705,0.90087890625,-0.39599609375,0.1103515625,-0.42675428661568704,0.011706476690206002,0.160697998201917,Null
48.14800000000171,0.93359375,-0.37060546875,0.10205078125,-0.11387209144109299,-0.034055204916963,0.11174364113378302,Null
48.168000000001705,0.97509765625,-0.3916015625,0.095703125,0.150055746665366,-0.065981959526615,0.044697456453513,Null
48.18800000000171,1.0087890625,-0.38525390625,0.1044921875,0.483158219759406,-0.077688436216821,-0.039376330685238,Null
48.208000000001704,0.99267578125,-0.40234375,0.09912109375,0.792847739473034,-0.065981959526615,-0.11387209144109299,Null
48.22800000000171,0.95458984375,-0.39697265625,0.11083984375,1.1727761193279,-0.086202237446062,-0.171340249738468,Null
48.24800000000171,0.92626953125,-0.37548828125,0.12939453125,1.51545661880483,-0.145798846050746,-0.19794587857984502,Null
48.268000000001706,0.93310546875,-0.34619140625,0.14599609375,1.81556811213557,-0.226679957728532,-0.192624752811569,Null
48.28800000000171,0.94677734375,-0.318359375,0.15966796875,2.02628469255927,-0.277762765103976,-0.171340249738468,Null
48.308000000001705,0.95361328125,-0.2783203125,0.17578125,2.08375285085664,-0.285212341179561,-0.147927296358056,Null
48.329000000001706,0.9404296875,-0.27197265625,0.1640625,1.96775230910824,-0.26286361295280397,-0.119193217209369,Null
48.34900000000171,0.93896484375,-0.27978515625,0.16748046875,1.8900638728914199,-0.239450659572393,-0.11280786628743801,Null
48.37300000000171,0.9677734375,-0.24365234375,0.2080078125,1.9794587857984498,-0.227744182882187,-0.143670395743436,Null
48.393000000001706,0.99365234375,-0.1845703125,0.23974609375,1.9305044287303101,-0.18730362704329398,-0.158569547894607,Null
48.41400000000171,0.978515625,-0.23828125,0.20556640625,1.65487011393365,-0.126642793284954,-0.13622081966785002,Null
48.43400000000171,0.98291015625,-0.23291015625,0.232421875,1.63571406116786,-0.09897293928992199,-0.16282644850922698,Null
48.454000000001706,0.97802734375,-0.1259765625,0.32373046875,1.56334675071931,-0.043633231299858,-0.20220277919446497,Null
48.47800000000171,0.9599609375,-0.1220703125,0.3232421875,0.74176493209759,-0.07130308529489,-0.07343153560220099,Null
48.49800000000171,0.96337890625,-0.1572265625,0.26025390625,0.292661917255147,-0.10429406505819801,-0.022348728226757004,Null
48.519000000001704,0.97021484375,-0.2265625,0.2119140625,0.153248422126331,-0.078752661370476,0.00638535092193,Null
48.53900000000171,0.99951171875,-0.2099609375,0.23388671875,0.23200108349680698,-0.029798304302342003,0.00425690061462,Null
48.55900000000171,1.0087890625,-0.20751953125,0.2470703125,0.237322209265083,0.022348728226757004,-0.010642251536551002,Null
48.579000000001706,1.0078125,-0.205078125,0.24951171875,0.16389067366288199,0.038312105531583,-0.038312105531583,Null
48.59900000000171,0.9912109375,-0.22802734375,0.25439453125,0.135156594514195,0.024477178534067005,-0.044697456453513,Null
48.619000000001705,0.9833984375,-0.23583984375,0.265625,0.195817428272535,0.00425690061462,-0.042569006146202994,Null
48.63900000000171,0.96044921875,-0.22509765625,0.26220703125,0.20858813011639601,-0.022348728226757004,-0.021284503073102003,Null
48.659000000001704,0.953125,-0.21826171875,0.259765625,0.21923038165294603,-0.056403933143719005,0.0,Null
48.67900000000171,0.9716796875,-0.21826171875,0.2607421875,0.249028685955288,-0.06278928406565,0.009578026382896,Null
48.69900000000171,0.9716796875,-0.224609375,0.24365234375,0.229872633189497,-0.038312105531583,0.018091827612136003,Null
48.71900000000171,0.96435546875,-0.234375,0.23046875,0.251157136262599,-0.019156052765792,0.024477178534067005,Null
48.73900000000171,0.96630859375,-0.21044921875,0.23974609375,0.26392783810646,-0.010642251536551002,0.031926754609652,Null
48.759000000001706,0.9794921875,-0.19873046875,0.23876953125,0.236257984111428,0.005321125768275,0.054275482836409004,Null
48.77900000000171,0.98681640625,-0.2021484375,0.248046875,0.20007432888715498,0.028734079148687,0.078752661370476,Null
48.79900000000179,0.9833984375,-0.19140625,0.28076171875,0.075559985909511,0.045761681607168,0.08513801229240599,Null
48.81900000000179,0.9853515625,-0.18505859375,0.2822265625,-0.065981959526615,0.042569006146202994,0.078752661370476,Null
48.840000000001794,0.984375,-0.166015625,0.25,-0.230936858343152,0.035119430070618,0.052147032529099004,Null
48.86000000000179,0.978515625,-0.20947265625,0.23828125,-0.291597692101492,0.031926754609652,0.051082807375443996,Null
48.88000000000179,0.9814453125,-0.2197265625,0.23876953125,-0.26818473872107995,0.034055204916963,0.051082807375443996,Null
48.900000000001796,0.9794921875,-0.228515625,0.232421875,-0.168147574277502,0.039376330685238,0.04682590676082401,Null
48.92000000000179,0.96923828125,-0.2353515625,0.22412109375,-0.027669853995032002,0.032990979763308,0.045761681607168,Null
48.940000000001795,0.95947265625,-0.22509765625,0.220703125,0.075559985909511,0.015963377304826,0.04895435706813401,Null
48.96000000000179,0.9599609375,-0.21337890625,0.23974609375,0.10642251536550801,0.003192675460965,0.050018582221788996,Null
48.980000000001795,0.958984375,-0.19970703125,0.2490234375,0.09365181352164699,-0.001064225153655,0.042569006146202994,Null
49.00000000000179,0.95849609375,-0.20703125,0.24609375,0.086202237446062,-0.011706476690206002,0.023412953380412004,Null
49.020000000001794,0.96533203125,-0.22216796875,0.2529296875,0.06811040983392501,-0.015963377304826,0.0,Null
49.04000000000179,0.97021484375,-0.2314453125,0.24755859375,0.06385350921930501,-0.013834926997516001,-0.011706476690206002,Null
49.06000000000179,0.966796875,-0.24609375,0.2265625,0.10429406505819801,-0.017027602458481002,-0.032990979763308,Null
49.080000000001796,0.9716796875,-0.2529296875,0.23828125,0.233065308650462,-0.042569006146202994,-0.050018582221788996,Null
49.10000000000179,0.97705078125,-0.23583984375,0.2529296875,0.385249505623139,-0.06811040983392501,-0.054275482836409004,Null
49.120000000001795,0.97216796875,-0.197265625,0.2578125,0.456552590918029,-0.080881111677786,-0.04682590676082401,Null
49.141000000001796,0.9677734375,-0.171875,0.25830078125,0.371414578625623,-0.080881111677786,-0.040440555838893,Null
49.16100000000179,0.9658203125,-0.16015625,0.26025390625,0.188367852196949,-0.075559985909511,-0.043633231299858,Null
49.181000000001795,0.96533203125,-0.17041015625,0.251953125,-0.008513801229241,-0.057468158297374,-0.050018582221788996,Null
49.20100000000179,0.970703125,-0.1865234375,0.2412109375,-0.145798846050746,-0.038312105531583,-0.054275482836409004,Null
49.22000000000179,0.9736328125,-0.20654296875,0.232421875,-0.21603770619198104,-0.026605628841377002,-0.057468158297374,Null
49.24100000000179,0.9833984375,-0.21630859375,0.23583984375,-0.20113855404081,-0.029798304302342003,-0.058532383451029006,Null
49.26100000000179,0.98095703125,-0.21533203125,0.2451171875,-0.14473462089709102,-0.027669853995032002,-0.053211257682754004,Null
49.28100000000179,0.97119140625,-0.212890625,0.24365234375,-0.10748674051916302,-0.032990979763308,-0.04895435706813401,Null
49.306000000001795,0.97607421875,-0.21826171875,0.22314453125,-0.053211257682754004,-0.058532383451029006,-0.04682590676082401,Null
49.32600000000179,0.97802734375,-0.2138671875,0.228515625,0.013834926997516001,-0.06066083375833999,-0.043633231299858,Null
49.34700000000179,0.9765625,-0.20703125,0.23388671875,0.028734079148687,-0.042569006146202994,-0.039376330685238,Null
49.367000000001795,0.97314453125,-0.20166015625,0.2353515625,0.017027602458481002,-0.021284503073102003,-0.029798304302342003,Null
49.38700000000179,0.9755859375,-0.19970703125,0.24267578125,0.00212845030731,-0.003192675460965,-0.011706476690206002,Null
49.407000000001794,0.97265625,-0.20068359375,0.2470703125,-0.028734079148687,0.011706476690206002,0.00212845030731,Null
49.431000000001795,0.97265625,-0.20654296875,0.24853515625,-0.05959660860468499,0.013834926997516001,0.008513801229241,Null
49.452000000001796,0.97802734375,-0.203125,0.24169921875,-0.07343153560220099,0.008513801229241,0.012770701843860999,Null
49.47200000000179,0.982421875,-0.2060546875,0.2333984375,-0.079816886524131,0.007449576075585999,0.012770701843860999,Null
49.492000000001795,0.9814453125,-0.21142578125,0.22705078125,-0.06385350921930501,0.007449576075585999,0.010642251536551002,Null
49.51200000000179,0.97509765625,-0.21142578125,0.228515625,-0.024477178534067005,0.012770701843860999,0.00638535092193,Null
49.53100000000179,0.9716796875,-0.212890625,0.2353515625,-0.003192675460965,0.012770701843860999,0.001064225153655,Null
49.55200000000179,0.97314453125,-0.2109375,0.23876953125,0.009578026382896,0.008513801229241,-0.001064225153655,Null
49.57200000000179,0.97119140625,-0.20849609375,0.23681640625,0.013834926997516001,0.00425690061462,-0.00212845030731,Null
49.592000000001796,0.97021484375,-0.212890625,0.23681640625,0.007449576075585999,0.00212845030731,-0.001064225153655,Null
49.61200000000179,0.9736328125,-0.21142578125,0.23779296875,0.00212845030731,0.001064225153655,0.0,Null
49.632000000001796,0.97705078125,-0.21337890625,0.234375,-0.007449576075585999,0.001064225153655,0.00425690061462,Null
49.653000000001896,0.974609375,-0.21337890625,0.234375,-0.005321125768275,0.00212845030731,0.012770701843860999,Null
49.67300000000179,0.9697265625,-0.2158203125,0.234375,-0.001064225153655,0.0,0.021284503073102003,Null
49.693000000001895,0.96630859375,-0.2158203125,0.23388671875,0.018091827612136003,-0.007449576075585999,0.028734079148687,Null
49.7130000000019,0.974609375,-0.2119140625,0.23583984375,0.04150478099254799,-0.022348728226757004,0.032990979763308,Null
49.7330000000019,0.982421875,-0.21044921875,0.2392578125,0.04895435706813401,-0.027669853995032002,0.030862529455997004,Null
49.7530000000019,0.9794921875,-0.20361328125,0.23583984375,0.050018582221788996,-0.021284503073102003,0.020220277919447,Null
49.7730000000019,0.97509765625,-0.1962890625,0.23486328125,0.035119430070618,-0.014899152151171002,0.005321125768275,Null
49.793000000001896,0.96875,-0.201171875,0.240234375,0.010642251536551002,-0.011706476690206002,-0.007449576075585999,Null
49.8130000000019,0.96923828125,-0.20703125,0.2431640625,0.013834926997516001,-0.018091827612136003,-0.020220277919447,Null
49.833000000001896,0.9716796875,-0.208984375,0.24072265625,0.035119430070618,-0.025541403687721998,-0.025541403687721998,Null
49.8530000000019,0.97802734375,-0.21044921875,0.240234375,0.061725058911995,-0.025541403687721998,-0.021284503073102003,Null
49.873000000001895,0.98095703125,-0.205078125,0.23583984375,0.06491773437296,-0.020220277919447,-0.011706476690206002,Null
49.8930000000019,0.9814453125,-0.201171875,0.234375,0.045761681607168,-0.012770701843860999,-0.003192675460965,Null
49.9140000000019,0.98046875,-0.203125,0.2353515625,0.019156052765792,-0.00638535092193,0.010642251536551002,Null
49.9380000000019,0.98193359375,-0.203125,0.23486328125,0.0,0.001064225153655,0.020220277919447,Null
49.9590000000019,0.9794921875,-0.20654296875,0.22900390625,-0.001064225153655,0.001064225153655,0.022348728226757004,Null
49.979000000001896,0.974609375,-0.20703125,0.22705078125,0.010642251536551002,0.0,0.020220277919447,Null
49.9990000000019,0.9736328125,-0.20849609375,0.228515625,0.023412953380412004,-0.00638535092193,0.022348728226757004,Null
50.019000000001896,0.97509765625,-0.20849609375,0.22998046875,0.031926754609652,-0.011706476690206002,0.025541403687721998,Null
50.0390000000019,0.9755859375,-0.20556640625,0.22705078125,0.027669853995032002,-0.013834926997516001,0.027669853995032002,Null
50.059000000001895,0.97802734375,-0.20751953125,0.224609375,0.018091827612136003,-0.015963377304826,0.027669853995032002,Null
50.0790000000019,0.97900390625,-0.2060546875,0.224609375,0.013834926997516001,-0.020220277919447,0.023412953380412004,Null
50.0990000000019,0.9794921875,-0.208984375,0.22607421875,0.013834926997516001,-0.023412953380412004,0.017027602458481002,Null
50.1190000000019,0.9765625,-0.20947265625,0.2294921875,0.022348728226757004,-0.029798304302342003,0.008513801229241,Null
50.1390000000019,0.9765625,-0.20654296875,0.23046875,0.030862529455997004,-0.035119430070618,0.005321125768275,Null
50.159000000001896,0.97705078125,-0.20361328125,0.228515625,0.037247880377928,-0.038312105531583,0.005321125768275,Null
50.1790000000019,0.97705078125,-0.19921875,0.228515625,0.037247880377928,-0.038312105531583,0.00212845030731,Null
50.2000000000019,0.9765625,-0.1962890625,0.23291015625,0.029798304302342003,-0.035119430070618,0.0,Null
50.220000000001896,0.9775390625,-0.19873046875,0.232421875,0.024477178534067005,-0.030862529455997004,-0.005321125768275,Null
50.2400000000019,0.97705078125,-0.19677734375,0.23388671875,0.019156052765792,-0.027669853995032002,-0.009578026382896,Null
50.260000000001895,0.9853515625,-0.1982421875,0.23291015625,0.014899152151171002,-0.025541403687721998,-0.013834926997516001,Null
50.2800000000019,0.98291015625,-0.20166015625,0.23681640625,0.022348728226757004,-0.019156052765792,-0.022348728226757004,Null
50.300000000001894,0.9794921875,-0.2001953125,0.23876953125,0.034055204916963,-0.015963377304826,-0.031926754609652,Null
50.3200000000019,0.97705078125,-0.19970703125,0.2412109375,0.031926754609652,-0.007449576075585999,-0.035119430070618,Null
50.3400000000019,0.97314453125,-0.20556640625,0.23828125,0.040440555838893,-0.00212845030731,-0.035119430070618,Null
50.361000000002,0.97412109375,-0.23046875,0.22216796875,0.142606170589781,-0.00212845030731,-0.037247880377928,Null
50.3810000000019,0.97705078125,-0.236328125,0.2216796875,0.308625294559973,0.005321125768275,-0.039376330685238,Null
50.401000000002,0.97607421875,-0.2275390625,0.22607421875,0.431011187230307,0.009578026382896,-0.037247880377928,Null
50.421000000002,0.974609375,-0.2109375,0.23193359375,0.4714517430692,0.007449576075585999,-0.030862529455997004,Null
50.441000000002006,0.9765625,-0.2021484375,0.2353515625,0.42994696207665206,0.003192675460965,-0.018091827612136003,Null
50.460000000002005,0.98291015625,-0.18505859375,0.23486328125,0.403341333235275,0.00425690061462,-0.014899152151171002,Null
50.481000000002005,0.982421875,-0.18505859375,0.23583984375,0.275634314796665,0.00425690061462,-0.00638535092193,Null
50.501000000002,0.9794921875,-0.1845703125,0.24365234375,0.195817428272535,0.003192675460965,-0.00425690061462,Null
50.521000000002005,0.97705078125,-0.1787109375,0.244140625,0.14047772028247002,0.00212845030731,-0.003192675460965,Null
50.541000000002,0.9736328125,-0.1796875,0.236328125,0.022348728226757004,0.005321125768275,0.005321125768275,Null
50.561000000002004,0.9755859375,-0.189453125,0.23486328125,-0.057468158297374,0.007449576075585999,0.014899152151171002,Null
50.581000000002,0.974609375,-0.181640625,0.24169921875,-0.10003716444357699,0.014899152151171002,0.023412953380412004,Null
50.601000000002,0.97802734375,-0.18310546875,0.24365234375,-0.159633773048262,0.010642251536551002,0.029798304302342003,Null
50.621000000002006,0.98291015625,-0.18701171875,0.24169921875,-0.20220277919446497,0.00212845030731,0.032990979763308,Null
50.641000000002,0.982421875,-0.193359375,0.23779296875,-0.225615732574877,0.00212845030731,0.038312105531583,Null
50.661000000002005,0.98046875,-0.20068359375,0.23193359375,-0.223487282267567,0.005321125768275,0.040440555838893,Null
50.682000000002006,0.9794921875,-0.203125,0.23095703125,-0.195817428272535,0.00638535092193,0.040440555838893,Null
50.702000000002,0.978515625,-0.20849609375,0.23193359375,-0.147927296358056,0.008513801229241,0.038312105531583,Null
50.722000000002005,0.9755859375,-0.20947265625,0.232421875,-0.086202237446062,0.008513801229241,0.035119430070618,Null
50.742000000002,0.9736328125,-0.20654296875,0.22998046875,-0.04150478099254799,0.003192675460965,0.034055204916963,Null
50.766000000002,0.97314453125,-0.19677734375,0.2314453125,-0.019156052765792,-0.001064225153655,0.038312105531583,Null
50.787000000002,0.97900390625,-0.1962890625,0.22998046875,-0.025541403687721998,-0.005321125768275,0.032990979763308,Null
50.807000000002006,0.98095703125,-0.20166015625,0.2294921875,-0.037247880377928,-0.001064225153655,0.014899152151171002,Null
50.827000000002,0.978515625,-0.20703125,0.234375,-0.025541403687721998,0.005321125768275,-0.009578026382896,Null
50.847000000002005,0.97265625,-0.2060546875,0.23828125,-0.005321125768275,0.00425690061462,-0.022348728226757004,Null
50.867000000002,0.96875,-0.20751953125,0.2373046875,0.00425690061462,-0.001064225153655,-0.022348728226757004,Null
50.887000000002004,0.970703125,-0.2041015625,0.23779296875,0.011706476690206002,-0.007449576075585999,-0.015963377304826,Null
50.907000000002,0.97998046875,-0.203125,0.24169921875,0.012770701843860999,-0.010642251536551002,-0.012770701843860999,Null
50.927000000002,0.97802734375,-0.20166015625,0.240234375,0.007449576075585999,-0.00212845030731,-0.009578026382896,Null
50.947000000002,0.97509765625,-0.203125,0.23681640625,-0.003192675460965,0.00425690061462,-0.008513801229241,Null
50.967000000002,0.9736328125,-0.20654296875,0.236328125,-0.009578026382896,0.00638535092193,-0.005321125768275,Null
50.987000000002006,0.97314453125,-0.2099609375,0.23583984375,-0.003192675460965,0.00425690061462,0.0,Null
51.007000000002,0.9794921875,-0.2275390625,0.2314453125,0.058532383451029006,0.00212845030731,-0.005321125768275,Null
51.027000000002005,0.978515625,-0.25146484375,0.21923828125,0.230936858343152,0.011706476690206002,-0.007449576075585999,Null
51.047000000002,0.97265625,-0.271484375,0.20947265625,0.517213424676368,0.003192675460965,-0.00638535092193,Null
51.067000000002004,0.97705078125,-0.24755859375,0.22216796875,0.74176493209759,-0.007449576075585999,-0.001064225153655,Null
51.087000000002,0.9755859375,-0.265625,0.20947265625,1.00675699535771,-0.012770701843860999,-0.00212845030731,Null
51.107000000002095,0.97021484375,-0.31982421875,0.1689453125,1.6325213857068899,-0.022348728226757004,-0.028734079148687,Null
51.128000000002004,0.97802734375,-0.2080078125,0.2255859375,1.9741376600301699,-0.029798304302342003,-0.031926754609652,Null
51.1480000000021,0.98095703125,-0.09033203125,0.28076171875,1.5984661807899299,-0.025541403687721998,0.001064225153655,Null
51.168000000002095,0.9736328125,-0.041015625,0.291015625,1.00356431989674,-0.035119430070618,0.036183655224273,Null
51.1880000000021,0.974609375,-0.0244140625,0.291015625,0.382056830162173,-0.038312105531583,0.06917463498758,Null
51.2080000000021,0.9677734375,-0.0595703125,0.2724609375,-0.18943207735060397,-0.017027602458481002,0.08833068775337198,Null
51.2280000000021,0.96533203125,-0.12646484375,0.2626953125,-0.53424102713485,-0.00212845030731,0.08939491290702699,Null
51.2480000000021,0.9638671875,-0.1611328125,0.2666015625,-0.5895807351249139,-0.00212845030731,0.08194533683144099,Null
51.2680000000021,0.97265625,-0.17529296875,0.26513671875,-0.5565897553616059,-0.009578026382896,0.080881111677786,Null
51.2880000000021,0.98388671875,-0.1748046875,0.25927734375,-0.505506947986163,-0.012770701843860999,0.08194533683144099,Null
51.308000000002096,0.98291015625,-0.1630859375,0.259765625,-0.5097638486007829,-0.020220277919447,0.08833068775337198,Null
51.3290000000021,0.9833984375,-0.15576171875,0.2724609375,-0.533176801981195,-0.032990979763308,0.09045913806068198,Null
51.3530000000021,0.9833984375,-0.1513671875,0.27490234375,-0.5853238345102929,-0.030862529455997004,0.078752661370476,Null
51.3730000000021,0.970703125,-0.1728515625,0.2646484375,-0.620443264580911,-0.027669853995032002,0.056403933143719005,Null
51.3940000000021,0.966796875,-0.1904296875,0.2587890625,-0.5863880596639489,-0.022348728226757004,0.020220277919447,Null
51.4140000000021,0.96337890625,-0.21240234375,0.24365234375,-0.48635089522037106,-0.007449576075585999,-0.020220277919447,Null
51.4340000000021,0.96240234375,-0.22802734375,0.23193359375,-0.323524446711144,0.00212845030731,-0.056403933143719005,Null
51.4540000000021,0.97216796875,-0.240234375,0.22119140625,-0.127707018438609,0.00425690061462,-0.08726646259971699,Null
51.4740000000021,0.97607421875,-0.25048828125,0.21142578125,0.120257442363024,0.009578026382896,-0.10961519082647302,Null
51.494000000002096,0.98193359375,-0.23779296875,0.2236328125,0.356515426474451,0.008513801229241,-0.117064766902059,Null
51.5150000000021,0.9833984375,-0.2138671875,0.23291015625,0.505506947986163,0.00425690061462,-0.114936316594749,Null
51.5350000000021,0.98095703125,-0.19482421875,0.23291015625,0.54062637805678,0.0,-0.09471603867530198,Null
51.5590000000021,0.98095703125,-0.193359375,0.23095703125,0.47783709399113106,-0.017027602458481002,-0.054275482836409004,Null
51.5790000000021,0.98486328125,-0.2265625,0.21240234375,0.630021290963807,-0.014899152151171002,-0.04150478099254799,Null
51.6000000000021,0.9755859375,-0.1875,0.22802734375,0.681104098339251,-0.012770701843860999,-0.036183655224273,Null
51.6200000000021,0.96630859375,-0.13818359375,0.2470703125,0.505506947986163,-0.031926754609652,-0.020220277919447,Null
51.6400000000021,0.9677734375,-0.1533203125,0.23974609375,0.33523092340134997,-0.053211257682754004,0.001064225153655,Null
51.659000000002095,0.97265625,-0.19189453125,0.2265625,0.384185280469484,-0.057468158297374,0.00638535092193,Null
51.6840000000021,0.97412109375,-0.1572265625,0.248046875,0.449103014842443,-0.05959660860468499,-0.003192675460965,Null
51.7050000000021,0.9736328125,-0.134765625,0.2568359375,0.34480894978424603,-0.07343153560220099,-0.003192675460965,Null
51.7250000000021,0.98046875,-0.1162109375,0.26611328125,0.164954898816537,-0.09258758836799198,0.00212845030731,Null
51.7450000000021,0.98388671875,-0.1357421875,0.2568359375,-0.08513801229240599,-0.09152336321433699,0.010642251536551002,Null
51.7650000000021,0.98388671875,-0.1767578125,0.23779296875,-0.19049630250425897,-0.074495760755856,0.009578026382896,Null
51.7890000000021,0.97998046875,-0.1845703125,0.240234375,-0.141541945436126,-0.06491773437296,0.008513801229241,Null
51.8100000000021,0.98779296875,-0.16943359375,0.25341796875,-0.084073787138751,-0.06491773437296,0.00638535092193,Null
51.8300000000021,0.98388671875,-0.1552734375,0.25732421875,-0.09684448898261201,-0.05959660860468499,0.009578026382896,Null
51.8500000000021,0.982421875,-0.1767578125,0.2431640625,-0.126642793284954,-0.057468158297374,0.008513801229241,Null
51.8700000000021,0.9814453125,-0.20263671875,0.236328125,0.00212845030731,-0.04682590676082401,-0.005321125768275,Null
51.8900000000021,0.984375,-0.171875,0.2529296875,0.158569547894607,-0.036183655224273,-0.021284503073102003,Null
51.9100000000021,0.98291015625,-0.14013671875,0.265625,0.145798846050746,-0.034055204916963,-0.028734079148687,Null
51.930000000002096,0.98779296875,-0.12939453125,0.2685546875,0.010642251536551002,-0.037247880377928,-0.023412953380412004,Null
51.9550000000021,0.9892578125,-0.18994140625,0.23388671875,-0.19049630250425897,-0.010642251536551002,-0.013834926997516001,Null
51.9750000000021,0.986328125,-0.19482421875,0.2421875,-0.08513801229240599,0.007449576075585999,-0.020220277919447,LVG2
51.9950000000021,0.986328125,-0.1748046875,0.25439453125,-0.00638535092193,0.007449576075585999,-0.014899152151171002,LVG2
52.0160000000021,0.99267578125,-0.1533203125,0.2568359375,0.00212845030731,0.0,0.005321125768275,LVG2
52.036000000002204,1.00048828125,-0.150390625,0.24853515625,-0.055339707990064005,-0.00212845030731,0.026605628841377002,LVG2
52.0560000000022,1.0048828125,-0.18212890625,0.23095703125,-0.06066083375833999,0.013834926997516001,0.032990979763308,LVG2
52.0760000000022,1.0185546875,-0.22412109375,0.22900390625,0.116000541748404,0.036183655224273,0.031926754609652,LVG2
52.096000000002206,1.09033203125,-0.20556640625,0.28857421875,0.5033784976788521,0.029798304302342003,0.040440555838893,LVG2
52.1160000000022,1.16943359375,-0.1328125,0.3408203125,0.797104640087654,0.06917463498758,0.09684448898261201,LVG2
52.136000000002205,1.1416015625,-0.1669921875,0.30859375,0.918426307604333,0.21816615649929103,0.21071658042370603,LVG2
52.1560000000022,1.16259765625,-0.2119140625,0.31396484375,1.40052030221008,0.303304168791697,0.31288219517459304,LVG2
52.176000000002205,1.2705078125,-0.16162109375,0.38916015625,2.0816244005493303,0.38312105531582796,0.39802020746699995,LVG2
52.1960000000022,1.2490234375,-0.0869140625,0.435546875,2.34448801350214,0.60128721181512,0.550204404439676,LVG2
52.216000000002204,1.20849609375,-0.0712890625,0.4931640625,2.19549649199043,0.759856759709726,0.7321869057146941,LVG2
52.237000000002205,1.28759765625,-0.07421875,0.59765625,2.0230920170983,0.8322240701582719,0.865215049921579,LVG2
52.2570000000022,1.349609375,-0.04736328125,0.67431640625,1.7698064305284,1.03868374996736,0.970573340133432,LVG2
52.2810000000022,1.28662109375,-0.13623046875,0.6875,1.33773101814443,1.3632724218321601,1.01739924689426,LVG2
52.301000000002205,1.21337890625,-0.291015625,0.72412109375,0.971637565287087,1.58995237956069,1.01314234627964,LVG2
52.322000000002205,1.2529296875,-0.3583984375,0.89013671875,0.7800770376291729,1.71978784830661,1.00250009474308,LVG2
52.3420000000022,1.18017578125,-0.33203125,0.97802734375,0.124514342977644,1.98158723610576,1.10466570949397,LVG2
52.362000000002205,1.0234375,-0.39892578125,0.94287109375,-1.2227947015496898,2.2487077496731804,1.33028144206885,LVG2
52.3820000000022,0.9306640625,-0.64697265625,0.8330078125,-2.21465254475622,2.3540660398850397,1.63039293539958,LVG2
52.402000000002204,0.73095703125,-0.92431640625,0.75732421875,-2.2838271797438,2.4956079853211603,2.00712863979348,LVG2
52.423000000002205,0.4970703125,-1.05322265625,0.6748046875,-1.89751344896701,2.61267275222322,2.38918546995565,LVG2
52.447000000002205,0.3291015625,-0.99658203125,0.5341796875,-1.15042739110114,2.62331500375977,2.92236227193685,LVG2
52.4670000000022,0.12255859375,-0.7607421875,0.37841796875,-0.898206029684887,2.57861754730626,3.30335487694537,LVG2
52.487000000002205,-0.072265625,-0.53466796875,0.2236328125,-0.9354539100628141,2.3742863178044797,3.6513565021905805,LVG2
52.5070000000022,-0.220703125,-0.3974609375,0.103515625,-1.09721613341839,1.9996790637178898,3.8769722347654505,LVG2
52.5280000000022,-0.3076171875,-0.35546875,0.01171875,-1.24407920462279,1.52503464518773,3.96423869736517,LVG2
52.5520000000022,-0.37109375,-0.40234375,-0.02197265625,-1.15681274202307,0.984408267130948,3.8599446323069704,LVG2
52.572000000002205,-0.384765625,-0.32177734375,0.0654296875,-1.01846347204791,0.445910339381478,3.5300348346739,LVG2
52.5920000000022,-0.35888671875,-0.3369140625,0.14013671875,-1.1951248475546499,-0.06491773437296,3.03091323760966,LVG2
52.6130000000022,-0.29638671875,-0.5341796875,0.12255859375,-1.38668537521257,-0.515084974369058,2.44346095279206,LVG2
52.633000000002205,-0.18994140625,-0.90283203125,0.04541015625,-1.0322983990454302,-0.884371102687371,1.80173318513805,LVG2
52.6530000000022,-0.0166015625,-0.93994140625,0.0654296875,0.10855096567281801,-1.12807866287438,1.09721613341839,LVG2
52.6770000000022,0.11474609375,-0.63427734375,0.2705078125,1.09402345795742,-1.0950876831110798,0.04789013191447901,LVG2
52.697000000002205,0.22509765625,-0.6259765625,0.47705078125,0.829031394697307,-1.15574851686942,-0.25541403687721903,LVG2
52.718000000002206,0.40771484375,-0.81005859375,0.5732421875,1.01739924689426,-1.25365723100568,-0.4969931467569221,LVG2
52.7380000000022,0.56982421875,-0.70458984375,0.6650390625,1.20257442363024,-1.20470287393755,-0.8567012486923391,LVG2
52.758000000002205,0.6630859375,-0.63232421875,0.716796875,1.14617049048652,-1.0897665573428001,-1.1536200665621101,LVG2
52.7780000000022,0.73779296875,-0.65576171875,0.787109375,1.224923151857,-0.9311970094481941,-1.32602454145423,LVG2
52.798000000002205,0.7705078125,-0.671875,0.72119140625,1.2430149794691299,-0.872664625997165,-1.3951991764418101,LVG2
52.8180000000022,0.85107421875,-0.494140625,0.685546875,0.9780229162090179,-0.825838719236341,-1.51013549303656,LVG2
52.838000000002296,0.900390625,-0.42919921875,0.73681640625,0.338423598862315,-0.753471408787796,-1.33666679299078,LVG2
52.8580000000023,0.90576171875,-0.6806640625,0.6357421875,0.13196391905323,-0.704517051719662,-1.2366296285472,LVG2
52.878000000002295,0.921875,-0.57763671875,0.60986328125,0.21816615649929103,-0.581066933895673,-1.17384034448155,LVG2
52.8980000000023,0.81494140625,-0.3193359375,0.72998046875,0.246900235647978,-0.43633231299858205,-1.0950876831110798,LVG2
52.9180000000023,0.734375,-0.43212890625,0.80517578125,-0.49380047129595706,-0.451231465149754,-0.8928849039166109,LVG2
52.939000000002295,0.70703125,-0.5009765625,0.806640625,-1.21747357578141,-0.46293794183995896,-0.7822054879364829,LVG2
52.963000000002296,0.732421875,-0.60595703125,0.6201171875,-1.35369439544926,-0.320331771250179,-0.7715632363999321,LVG2
52.9830000000023,0.68798828125,-0.65380859375,0.58740234375,-1.10679415980128,-0.171340249738468,-0.7502787333268308,LVG2
53.003000000002295,0.60205078125,-0.7080078125,0.65625,-0.955674187982261,-0.128771243592265,-0.7066455020269731,LVG2
53.024000000002296,0.60791015625,-0.650390625,0.80126953125,-0.949288837060331,-0.237322209265083,-0.693874800183112,LVG2
53.0440000000023,0.7099609375,-0.74609375,0.67333984375,-1.30048313776651,-0.36290077739638205,-0.738572256636625,LVG2
53.064000000002295,0.77685546875,-0.97900390625,0.345703125,-1.09828035857204,-0.39802020746699995,-0.7651778854780021,LVG2
53.088000000002296,0.81005859375,-1.0546875,0.212890625,-0.28308389087225105,-0.346937400091556,-0.6949390253367671,LVG2
53.1080000000023,0.90283203125,-0.89892578125,0.29541015625,0.537433702595815,-0.32778134732576397,-0.377799929547553,LVG2
53.1290000000023,0.88623046875,-0.81982421875,0.23046875,0.46719484245458,-0.323524446711144,0.18411095158232899,LVG2
53.149000000002296,0.837890625,-0.91845703125,0.03515625,0.45229569030340905,-0.437396538152238,0.675782972570975,LVG2
53.1690000000023,0.80078125,-0.64990234375,0.0087890625,1.28558398561534,-0.5863880596639489,1.0216561475088801,LVG2
53.1930000000023,0.791015625,-0.54833984375,0.1708984375,1.66870504093116,-0.7289942302537291,1.4931078905780801,LVG2
53.213000000002296,0.80712890625,-0.55517578125,0.23046875,1.8889996477377702,-0.614057913658981,1.46224536112208,LVG2
53.2340000000023,0.7451171875,-0.40869140625,0.31494140625,2.25722155090242,-0.431011187230307,1.41009832859298,LVG2
53.2540000000023,0.6044921875,-0.22314453125,0.5712890625,2.3466164638094504,-0.160697998201917,1.36007974637119,LVG2
53.274000000002296,0.537109375,-0.32080078125,0.7666015625,1.9305044287303101,-0.032990979763308,1.3696577727540902,LVG2
53.2940000000023,0.54443359375,-0.29296875,0.8818359375,1.6463563127044099,0.020220277919447,1.27600595923244,LVG2
53.314000000002295,0.50341796875,-0.4052734375,0.99169921875,1.24195075431548,-0.04682590676082401,1.2791986346934099,LVG2
53.3340000000023,0.52099609375,-0.5771484375,1.0126953125,1.14510626533287,-0.072367310448545,1.2462076549301002,LVG2
53.3540000000023,0.513671875,-0.60205078125,1.25537109375,0.43952498845954796,-0.003192675460965,1.3813642494442901,LVG2
53.3740000000023,0.4462890625,-0.86083984375,1.123046875,-0.10748674051916302,0.023412953380412004,1.40796987828567,LVG2
53.3940000000023,0.28125,-0.73828125,0.87841796875,-0.037247880377928,-0.10429406505819801,1.22173047639603,LVG2
53.4140000000023,0.2470703125,-0.58544921875,0.79296875,0.235193758957772,-0.29904726817707694,1.0163350217406,LVG2
53.4350000000023,0.22607421875,-0.5615234375,0.88916015625,0.348001625245211,-0.346937400091556,0.814132242546135,LVG2
53.4550000000023,0.23095703125,-0.701171875,0.86572265625,0.223487282267567,-0.33948782401597,0.717287753563523,LVG2
53.4750000000023,0.25390625,-0.662109375,0.7822265625,0.09471603867530198,-0.390570631391414,0.690682124722146,LVG2
53.4950000000023,0.39306640625,-0.615234375,0.7705078125,-0.22455150742122199,-0.37460725408658796,0.7055812768733171,LVG2
53.5190000000023,0.341796875,-0.68408203125,0.84814453125,-0.385249505623139,-0.29904726817707694,0.7609209848633821,LVG2
53.5400000000023,0.3310546875,-0.7275390625,0.7197265625,-0.21816615649929103,-0.37460725408658796,0.7524071836341409,LVG2
53.5600000000023,0.34716796875,-0.5830078125,0.6728515625,-0.128771243592265,-0.4427176639205129,0.644920443114978,LVG2
53.5800000000023,0.34765625,-0.646484375,0.65576171875,-0.620443264580911,-0.46080949153264894,0.5076353982934729,LVG2
53.6000000000023,0.41845703125,-0.8388671875,0.65576171875,-0.6555626946515289,-0.356515426474451,0.568296232051812,LVG2
53.6200000000023,0.26416015625,-0.71044921875,0.78857421875,-0.8662792750752341,-0.09365181352164699,0.8492516726167529,LVG2
53.640000000002296,0.103515625,-0.8251953125,0.64306640625,-0.9216189830652979,0.055339707990064005,0.736443806329315,LVG2
53.66000000000239,-0.009765625,-0.685546875,0.62060546875,0.141541945436126,0.18943207735060397,0.643856217961323,LVG2
53.680000000002394,0.0263671875,-0.81884765625,0.669921875,0.290533466947837,0.317139095789214,0.46932329276189,LVG2
53.70000000000239,-0.31298828125,-0.3408203125,0.515625,0.557653980515261,0.457616816071684,0.251157136262599,LVG2
53.72000000000239,-0.27490234375,0.09716796875,0.5263671875,0.29372614240880196,0.310753744867283,-0.36396500255003705,LVG2
53.7400000000024,-0.03662109375,-0.27880859375,0.4091796875,-0.33735937370866,-0.007449576075585999,-0.862022374460614,LVG2
53.76100000000239,0.19775390625,-0.4716796875,0.80810546875,-0.258606712338184,-0.27989121541128603,-1.10998683526225,LVG2
53.78100000000239,0.4892578125,-0.81396484375,0.82568359375,-1.66976926608482,-0.257542487184529,-1.0312341738917699,LVG2
53.805000000002394,0.50537109375,-0.794921875,0.4453125,-2.18166156499291,-0.00638535092193,-0.7258015547927641,LVG2
53.82500000000239,0.47607421875,-0.6845703125,0.4501953125,-2.2816987294364903,0.07023886014123501,-0.692810575029456,LVG2
53.84600000000239,0.390625,-0.79833984375,0.591796875,-2.39024969510931,0.2969188178697669,-0.9641879892115021,LVG2
53.866000000002394,0.33056640625,-1.0205078125,0.462890625,-0.7236731044854541,-0.10748674051916302,-0.9833440419772929,LVG2
53.88600000000239,0.49462890625,-1.27490234375,0.3486328125,1.05358290211853,-0.6257643903491871,-0.7981688652413091,LVG2
53.90600000000239,0.4931640625,-1.10986328125,0.33935546875,1.49842901634635,-0.8279671695436519,-0.6555626946515289,LVG2
53.9260000000024,0.38427734375,-0.78369140625,0.24462890625,2.24445084905856,-1.05464712727218,-0.43846076330589295,LVG2
53.94600000000239,0.380859375,-0.30859375,0.31396484375,3.28951994994785,-1.09295923280377,-0.526791451059264,LVG2
53.966000000002396,0.5126953125,-0.3369140625,0.72998046875,3.4225480941547297,-1.25365723100568,-1.0259130481235001,LVG2
53.98600000000239,0.705078125,-0.69189453125,1.10986328125,3.15436335543365,-1.21747357578141,-1.08125275611356,LVG2
54.006000000002395,0.78466796875,-0.8701171875,1.13037109375,2.1092942545443703,-0.867343500228889,-0.7236731044854541,LVG2
54.02600000000239,0.66943359375,-0.67529296875,0.86962890625,1.1036014843403201,-0.450167239996098,-0.326717122172109,LVG2
54.04700000000239,0.57373046875,-0.41748046875,0.734375,0.9865367174382579,-0.246900235647978,-0.20433122950177499,LVG2
54.067000000002395,0.59130859375,-0.39599609375,0.67431640625,0.8598939241533041,-0.20858813011639601,-0.251157136262599,LVG2
54.091000000002396,0.61083984375,-0.4033203125,0.65966796875,0.704517051719662,-0.118128992055714,-0.14047772028247002,LVG2
54.11100000000239,0.67333984375,-0.27294921875,0.72509765625,0.338423598862315,-0.056403933143719005,-0.001064225153655,LVG2
54.131000000002395,0.70361328125,-0.29345703125,0.771484375,-0.37460725408658796,0.06811040983392501,0.179854050967708,LVG2
54.152000000002396,0.69482421875,-0.53125,0.72314453125,-0.8971418045312322,0.18943207735060397,0.36290077739638205,LVG2
54.17200000000239,0.73193359375,-0.52392578125,0.75634765625,-1.20363864878389,0.21497348103832603,0.5384979277494699,LVG2
54.192000000002395,0.73388671875,-0.50048828125,0.734375,-1.7176593979993,0.321395996403834,0.649177343729598,LVG2
54.21200000000239,0.7158203125,-0.572265625,0.74658203125,-1.9688165342619,0.47358019337651,0.80668266647055,LVG2
54.23600000000239,0.662109375,-0.6650390625,0.73876953125,-2.04969764593968,0.571488907512777,0.914169406989713,LVG2
54.25700000000239,0.677734375,-0.77880859375,0.66552734375,-2.04863342078603,0.5608466559762271,0.883306877533716,LVG2
54.277000000002396,0.6376953125,-0.9326171875,0.61865234375,-1.80811853605998,0.580002708742018,0.8407378713875121,LVG2
54.29700000000239,0.60693359375,-0.92041015625,0.67626953125,-1.37285044821505,0.619379039427256,0.854572798385028,LVG2
54.317000000002395,0.60791015625,-0.8701171875,0.75,-1.11317951072321,0.6534342443442189,0.973766015594397,LVG2
54.33700000000239,0.556640625,-0.8603515625,0.619140625,-1.25365723100568,0.610865238198015,1.04613332604294,LVG2
54.35800000000239,0.50634765625,-0.98388671875,0.505859375,-1.1004088088793502,0.5565897553616059,1.07593163034528,LVG2
54.378000000002395,0.4541015625,-0.9990234375,0.55078125,-0.867343500228889,0.6183148142736011,1.16426231809866,LVG2
54.39700000000239,0.41748046875,-0.99609375,0.57275390625,-0.692810575029456,0.5927734105858791,1.2366296285472,LVG2
54.42200000000239,0.3828125,-0.91650390625,0.5341796875,-0.5746815829737429,0.5097638486007829,1.2834555353080301,LVG2
54.442000000002395,0.369140625,-0.8916015625,0.4951171875,-0.7715632363999321,0.572553132666432,1.33879524329809,LVG2
54.463000000002395,0.291015625,-0.87744140625,0.47998046875,-0.973766015594397,0.6534342443442189,1.33773101814443,LVG2
54.48300000000239,0.22412109375,-0.7626953125,0.37939453125,-1.1631980929449999,0.645984668268633,1.29196933653727,LVG2
54.5020000000024,0.19775390625,-0.7939453125,0.296875,-1.39945607705643,0.5991587615078101,1.2345011782398898,LVG2
54.527000000002396,0.216796875,-0.8740234375,0.2041015625,-1.46224536112208,0.557653980515261,1.15681274202307,LVG2
54.54700000000239,0.1201171875,-0.83349609375,0.15869140625,-1.37391467336871,0.5853238345102929,1.13020711318169,LVG2
54.56800000000239,0.09130859375,-0.876953125,0.1015625,-1.4026487525173899,0.47570864368382,1.07380318003797,LVG2
54.588000000002395,-0.0078125,-0.94677734375,0.00244140625,-1.27600595923244,0.403341333235275,1.0769958554989398,LVG2
54.6080000000025,-0.080078125,-0.9912109375,-0.0400390625,-0.990793618052879,0.273505864489355,1.02697727327715,LVG2
54.6280000000025,-0.201171875,-0.99951171875,-0.03466796875,-0.60128721181512,0.119193217209369,0.9524815125212959,LVG2
54.6520000000025,-0.267578125,-1.0146484375,-0.00244140625,-0.20965235527005102,-0.170276024584813,0.8928849039166109,LVG2
54.673000000002496,-0.3623046875,-1.03125,-0.05419921875,-0.040440555838893,-0.356515426474451,0.9013987051458521,LVG2
54.6930000000025,-0.50244140625,-0.92724609375,-0.0107421875,-0.04682590676082401,-0.550204404439676,0.872664625997165,LVG2
54.7130000000025,-0.5625,-0.9365234375,0.02490234375,-0.026605628841377002,-0.800297315548619,0.8492516726167529,LVG2
54.7330000000025,-0.58935546875,-0.96728515625,0.04736328125,0.19049630250425897,-0.9897293928992241,0.8460589971557879,LVG2
54.7530000000025,-0.57763671875,-0.939453125,0.0703125,0.487415120374026,-1.20257442363024,0.841802096541167,LVG2
54.7730000000025,-0.49365234375,-0.888671875,0.09912109375,0.512956524061748,-1.35475862060292,0.833288295311927,LVG2
54.7930000000025,-0.42333984375,-0.95458984375,0.09228515625,0.48422244491306105,-1.48565831450249,0.8173249180071009,LVG2
54.813000000002496,-0.3447265625,-1.0771484375,0.06103515625,0.9982431941284642,-1.5920808298679998,0.7609209848633821,LVG2
54.8330000000025,-0.29296875,-1.06982421875,0.13330078125,1.8219534630575,-1.70488869615544,0.6821683234929059,LVG2
54.853000000002496,-0.181640625,-0.85546875,0.16650390625,2.1582486116125,-1.7825771323722601,0.656626919805184,LVG2
54.874000000002496,-0.09765625,-0.69873046875,0.19287109375,2.5168924883942596,-1.82621036367212,0.581066933895673,LVG2
54.8940000000025,-0.0283203125,-0.60302734375,0.21435546875,2.4211122245652996,-1.8379168403623198,0.42569006146203203,LVG2
54.914000000002495,0.0224609375,-0.6650390625,0.24560546875,2.55733304423315,-1.88474274712315,0.192624752811569,LVG2
54.9340000000025,0.17138671875,-0.4697265625,0.3623046875,3.1501064548190296,-1.8645224692037,0.08513801229240599,LVG2
54.9530000000025,0.19921875,-0.30078125,0.4482421875,3.18629011004331,-1.82408191336481,0.08300956198509599,LVG2
54.9740000000025,0.1884765625,-0.19677734375,0.49267578125,2.60522317614763,-1.77938445691129,-0.225615732574877,LVG2
54.9940000000025,0.2431640625,-0.20166015625,0.46923828125,2.01883511648368,-1.80811853605998,-0.5001858222178871,LVG2
55.0140000000025,0.39013671875,-0.24267578125,0.61328125,1.47608028811959,-1.88048584650852,-0.7800770376291729,LVG2
55.0340000000025,0.541015625,-0.33935546875,0.84228515625,1.1951248475546499,-1.89751344896701,-0.857765473845994,LVG2
55.054000000002496,0.59521484375,-0.64453125,0.7646484375,0.8662792750752341,-1.9156052765791398,-0.9013987051458521,LVG2
55.0750000000025,0.71142578125,-0.724609375,0.787109375,1.12914288802804,-1.99329371279596,-0.884371102687371,LVG2
55.0950000000025,0.64306640625,-0.6640625,0.7783203125,1.194060622401,-1.9858441367203798,-0.847123222309443,LVG2
55.115000000002496,0.58935546875,-0.61572265625,0.873046875,1.2057670990912,-2.00606441463982,-0.889692228455646,LVG2
55.1350000000025,0.45458984375,-0.5693359375,0.87841796875,1.1749045696352098,-2.03799116924948,-0.8992702548385421,LVG2
55.155000000002495,0.3076171875,-0.642578125,0.7578125,1.2355654033935501,-2.16037706191981,-0.9439677112920551,LVG2
55.176000000002496,0.36376953125,-0.86767578125,1.10498046875,1.7570357286845402,-2.05076187109334,-0.857765473845994,LVG2
55.1960000000025,0.70458984375,-0.93408203125,1.7919921875,2.0592756723225802,-1.4973647911927,-0.610865238198015,LVG2
55.216000000002495,0.66552734375,-0.61279296875,2.16650390625,1.87090782012563,-1.02059192235522,-0.39482753200603404,LVG2
55.2360000000025,0.21484375,-0.14990234375,1.59375,0.74602183271221,-0.10748674051916302,-0.00212845030731,LVG2
55.2550000000025,-0.0107421875,0.01611328125,0.73046875,-0.450167239996098,0.18411095158232899,0.026605628841377002,LVG2
55.2760000000025,0.22119140625,-0.09912109375,0.39599609375,-0.5608466559762271,-0.27669853995032107,-0.303304168791697,LVG2
55.2960000000025,0.5419921875,-0.13818359375,0.14990234375,0.023412953380412004,-0.7853981633974481,-0.5693604572054671,LVG2
55.3160000000025,0.9814453125,0.099609375,0.56982421875,0.26818473872107995,-1.1344640137963102,-0.6864252241075259,LVG2
55.3360000000025,1.0546875,0.0185546875,1.06640625,0.326717122172109,-0.8407378713875121,-0.800297315548619,LVG2
55.356000000002496,1.0693359375,0.25048828125,1.458984375,-0.264992063260115,-0.316074870635558,-1.02484882296984,LVG2
55.3760000000025,1.07861328125,-0.1884765625,1.056640625,-2.48922263439923,0.313946420328248,-1.43351128197339,LVG2
55.3970000000025,0.80859375,-0.236328125,0.79541015625,-2.68716851297907,0.982279816823638,-1.66231969000923,LVG2
55.4210000000025,0.90478515625,-0.1328125,0.58154296875,-3.8237609770827,1.3845569249052598,-1.69211799431158,LVG2
55.4410000000025,0.92431640625,-0.5576171875,0.4853515625,-4.31117609745673,1.82088923790384,-1.4037129776710502,LVG2
55.461000000002606,0.8017578125,-0.57861328125,0.4609375,-3.23843714257241,1.9219906275010703,-1.09402345795742,LVG2
55.48200000000261,0.77392578125,-0.53564453125,0.54541015625,-2.21465254475622,1.5707963267949,-0.8992702548385421,LVG2
55.5020000000026,0.9111328125,-0.79736328125,0.67919921875,-1.8485590918988701,1.20363864878389,-0.6129936885053261,LVG2
55.522000000002606,0.82177734375,-0.99365234375,0.658203125,-1.56547520102662,1.1887394966327198,-0.13622081966785002,LVG2
55.5420000000026,0.564453125,-0.95361328125,0.4482421875,-1.2430149794691299,1.26855638315685,0.157505322740952,LVG2
55.562000000002605,0.3876953125,-0.80615234375,0.4931640625,-1.0589040278868,1.27707018438609,0.26818473872107995,LVG2
55.5820000000026,0.36865234375,-0.65283203125,0.580078125,-1.20789554939851,1.1983175230156202,0.18517517673598397,LVG2
55.602000000002604,0.39013671875,-0.85546875,0.32763671875,-1.40690565313201,1.13552823894997,0.029798304302342003,LVG2
55.6220000000026,0.31591796875,-0.94580078125,0.18798828125,-0.9397108106774351,1.0163350217406,0.06066083375833999,LVG2
55.642000000002604,0.27880859375,-0.9072265625,0.22705078125,-0.6076725627370501,0.6704618468026999,0.26818473872107995,LVG2
55.66200000000261,0.28173828125,-0.85009765625,0.607421875,-0.5938376357395339,0.41717626023279103,0.395891757159689,LVG2
55.6820000000026,0.2978515625,-0.72802734375,0.69482421875,-1.01207812112598,0.382056830162173,0.37567147924024297,LVG2
55.7030000000026,0.28369140625,-0.6240234375,0.8125,-1.194060622401,0.5363694774421599,0.234129533804117,LVG2
55.72300000000261,0.322265625,-0.533203125,1.23291015625,-0.9673806646724671,0.8928849039166109,0.11387209144109299,LVG2
55.7430000000026,0.240234375,-0.70556640625,1.16796875,-1.52929154580235,1.55164027402911,-0.128771243592265,LVG2
55.763000000002606,0.03271484375,-0.79052734375,0.79736328125,-1.3611439715248501,1.94646780603514,-0.34161627432328,LVG2
55.7830000000026,-0.02197265625,-0.802734375,0.4814453125,-0.535305252288505,1.82727458882577,-0.30649684425266305,LVG2
55.803000000002605,0.16357421875,-0.73388671875,0.79052734375,-0.044697456453513,1.65487011393365,-0.26392783810646,LVG2
55.824000000002606,0.26953125,-0.79443359375,0.955078125,-0.329909797633074,1.6655123654702,-0.28201966571859605,LVG2
55.84800000000261,0.25341796875,-0.96240234375,0.404296875,-0.9769586910553629,1.6580627893946103,-0.29904726817707694,LVG2
55.8680000000026,0.2880859375,-1.02392578125,-0.12841796875,-1.02272037266253,1.35156594514195,-0.21071658042370603,LVG2
55.8890000000026,0.275390625,-0.8525390625,0.033203125,-0.27244163933570004,0.8950133542239208,-0.040440555838893,LVG2
55.90900000000261,0.2529296875,-0.759765625,0.123046875,0.152184196972676,0.5246630007519539,-0.054275482836409004,LVG2
55.9290000000026,0.2333984375,-0.66845703125,0.1337890625,0.483158219759406,0.238386434418738,-0.164954898816537,LVG2
55.949000000002606,0.2314453125,-0.58349609375,0.12255859375,0.7194162038708342,-0.052147032529099004,-0.26286361295280397,LVG2
55.9690000000026,0.294921875,-0.61376953125,0.19384765625,0.7055812768733171,-0.376735704393898,-0.461873716686304,LVG2
55.989000000002605,0.3896484375,-0.7294921875,0.2099609375,0.73537958117566,-0.7396364817902801,-0.526791451059264,LVG2
56.0090000000026,0.47021484375,-0.8193359375,0.02587890625,1.21002399970582,-1.1174364113378301,-0.5523328547469859,LVG2
56.029000000002604,0.5302734375,-0.666015625,0.15185546875,2.24445084905856,-1.47075916235132,-0.5235987755982989,LVG2
56.0540000000026,0.65087890625,-0.68505859375,0.4228515625,2.9032062191710604,-1.8389810655159802,-0.2969188178697669,LVG2
56.074000000002606,0.66943359375,-0.81884765625,0.6015625,3.26610699656744,-1.6995675703871598,-0.09152336321433699,LVG2
56.09500000000261,0.68212890625,-0.93896484375,1.166015625,3.1288219517459304,-1.45905268566111,-0.008513801229241,LVG2
56.1150000000026,0.64404296875,-0.84716796875,1.41015625,2.3466164638094504,-0.872664625997165,0.164954898816537,LVG2
56.135000000002606,0.5849609375,-0.677734375,1.3828125,1.43031860651243,-0.286276566333216,0.291597692101492,LVG2
56.154000000002604,0.4169921875,-0.369140625,1.07421875,0.990793618052879,-0.077688436216821,0.286276566333216,LVG2
56.1790000000026,0.314453125,-0.3310546875,0.83203125,0.863086599614269,-0.225615732574877,0.18304672642867398,LVG2
56.2000000000026,0.43017578125,-0.43017578125,0.96826171875,0.841802096541167,-0.42569006146203203,0.10642251536550801,LVG2
56.22000000000261,0.5009765625,-0.43798828125,1.06201171875,0.8492516726167529,-0.377799929547553,0.14047772028247002,LVG2
56.2400000000026,0.46826171875,-0.31103515625,0.98779296875,0.755599859095106,-0.222423057113912,0.19156052765791398,LVG2
56.260000000002606,0.4052734375,-0.2509765625,0.87646484375,0.5651035565908471,-0.13834926997516,0.194753203118879,LVG2
56.2800000000027,0.423828125,-0.3046875,0.88623046875,0.47677286883747494,-0.19901010373349998,0.164954898816537,LVG2
56.300000000002605,0.48681640625,-0.3740234375,0.9638671875,0.479965544298441,-0.240514884726048,0.142606170589781,LVG2
56.3210000000027,0.51611328125,-0.34521484375,0.94921875,0.4427176639205129,-0.16389067366288199,0.142606170589781,LVG2
56.340000000002696,0.52978515625,-0.3232421875,0.89501953125,0.27137741418204503,-0.051082807375443996,0.159633773048262,LVG2
56.3600000000027,0.4833984375,-0.40283203125,0.79443359375,-0.050018582221788996,0.052147032529099004,0.169211799431158,LVG2
56.3850000000027,0.408203125,-0.66162109375,0.525390625,-0.018091827612136003,-0.001064225153655,0.18730362704329398,LVG2
56.4060000000027,0.416015625,-0.9990234375,0.22900390625,0.514020749215403,-0.313946420328248,0.479965544298441,LVG2
56.4260000000027,0.435546875,-0.94189453125,0.39697265625,1.22811582731796,-0.419304710540101,0.5938376357395339,LVG2
56.4460000000027,0.43359375,-0.462890625,0.92236328125,0.908848281221438,-0.17240447489212302,0.41611203507913597,LVG2
56.4660000000027,0.33203125,-0.4248046875,0.86669921875,0.645984668268633,-0.06491773437296,0.328845572479419,LVG2
56.4860000000027,0.3173828125,-0.33740234375,0.88232421875,0.80668266647055,-0.171340249738468,0.2969188178697669,LVG2
56.5070000000027,0.40380859375,-0.259765625,0.95703125,0.537433702595815,-0.21603770619198104,0.275634314796665,LVG2
56.5270000000027,0.46826171875,-0.3994140625,0.82275390625,0.37460725408658796,-0.21178080557736104,0.26924896387473496,LVG2
56.5470000000027,0.46044921875,-0.2373046875,0.92529296875,0.54062637805678,-0.20965235527005102,0.16282644850922698,LVG2
56.5670000000027,0.5185546875,-0.24365234375,1.0234375,0.554461305054296,-0.18091827612136302,0.20752390496273998,LVG2
56.587000000002696,0.49951171875,-0.1572265625,0.99462890625,0.389506406237759,-0.124514342977644,0.225615732574877,LVG2
56.6070000000027,0.44482421875,-0.12060546875,0.947265625,0.055339707990064005,-0.079816886524131,0.145798846050746,LVG2
56.627000000002695,0.42041015625,-0.3583984375,0.86865234375,0.122385892670334,-0.10003716444357699,0.153248422126331,LVG2
56.6470000000027,0.38232421875,-0.3837890625,0.8525390625,0.33097402278673,-0.17666137550674302,0.226679957728532,LVG2
56.6670000000027,0.4013671875,-0.314453125,0.94384765625,0.06278928406565,-0.243707560187013,0.260735162645494,LVG2
56.6880000000027,0.48828125,-0.423828125,0.9306640625,-0.19156052765791398,-0.159633773048262,0.284148116025906,LVG2
56.7080000000027,0.439453125,-0.49462890625,0.798828125,0.042569006146202994,-0.07023886014123501,0.313946420328248,LVG2
56.7280000000027,0.43359375,-0.37060546875,0.736328125,0.225615732574877,-0.121321667516679,0.376735704393898,LVG2
56.7480000000027,0.5029296875,-0.4873046875,0.740234375,0.16601912397019197,-0.10961519082647302,0.4235616111547221,LVG2
56.7680000000027,0.47119140625,-0.6162109375,0.716796875,0.412919359618171,-0.021284503073102003,0.41717626023279103,LVG2
56.7880000000027,0.40283203125,-0.640625,0.734375,0.7577283094024159,-0.043633231299858,0.415047809925481,LVG2
56.8080000000027,0.3720703125,-0.61279296875,0.8173828125,0.933325459755504,-0.117064766902059,0.412919359618171,LVG2
56.828000000002696,0.3525390625,-0.44921875,0.91064453125,0.67897564803194,-0.097908714136267,0.415047809925481,LVG2
56.8480000000027,0.29638671875,-0.35595703125,0.869140625,0.37886415470120793,-0.030862529455997004,0.3682219031646571,LVG2
56.8680000000027,0.25732421875,-0.56396484375,0.7080078125,0.80242576585593,-0.06385350921930501,0.334166698247695,LVG2
56.8880000000027,0.291015625,-0.51611328125,0.8466796875,1.2366296285472,-0.188367852196949,0.379928379854863,LVG2
56.9080000000027,0.310546875,-0.38671875,1.0263671875,1.05251867696487,-0.18943207735060397,0.451231465149754,LVG2
56.9290000000027,0.2265625,-0.38916015625,0.94873046875,1.05251867696487,-0.14473462089709102,0.502314272525197,LVG2
56.9490000000027,0.23388671875,-0.33642578125,0.92529296875,1.2579141316203002,-0.18623940188963897,0.424625836308377,LVG2
56.9690000000027,0.29345703125,-0.0888671875,1.02099609375,0.7545356339414508,-0.21390925588467102,0.239450659572393,LVG2
56.9890000000027,0.3486328125,-0.134765625,0.98681640625,0.351194300706176,-0.179854050967708,-0.021284503073102003,LVG2
57.0090000000027,0.38330078125,0.05224609375,0.97216796875,0.20007432888715498,-0.07343153560220099,-0.086202237446062,LVG2
57.029000000002696,0.45751953125,0.3486328125,0.998046875,-1.28239131015437,0.37035035347196704,-0.36290077739638205,LVG2
57.0490000000027,0.6943359375,0.48876953125,0.97314453125,-1.92305485265473,0.5640393314371921,-0.348001625245211,LVG2
57.069000000002696,0.66015625,0.255859375,1.07958984375,-2.96280282777574,0.969509114979777,-0.4235616111547221,LVG2
57.08900000000279,0.61962890625,0.419921875,1.74560546875,-4.0131930544333,1.00782122051136,-1.25259300585203,LVG2
57.109000000002794,0.9248046875,0.318359375,1.453125,-6.68865509072217,1.43670395743436,-1.23875807885451,LVG2
57.1290000000028,0.90966796875,-0.3662109375,0.8740234375,-8.72451780966434,2.44239672763841,-0.664076495880769,LVG2
57.14900000000279,0.81591796875,-0.76904296875,0.4599609375,-8.7277104851253,2.755278922813,-0.244771785340668,LVG2
57.1690000000028,0.677734375,-0.908203125,0.0869140625,-7.6475219541654,2.388121244802,0.229872633189497,LVG2
57.18900000000279,0.458984375,-1.10595703125,-0.0712890625,-6.23423095011145,2.0230920170983,0.508699623447128,LVG2
57.209000000002796,0.49560546875,-0.978515625,0.01708984375,-4.6868475766969695,1.64742053785806,0.5895807351249139,LVG2
57.230000000002796,0.2080078125,-1.2421875,-0.32666015625,-3.84398125500215,1.51758506911214,0.6310855161174621,LVG2
57.25000000000279,0.2197265625,-1.31884765625,-0.216796875,-2.30191900735594,0.999307419282119,0.680039873185596,LVG2
57.270000000002796,0.40771484375,-0.9697265625,0.09130859375,-1.56653942618028,0.7055812768733171,0.7587925345560709,LVG2
57.29000000000279,0.373046875,-1.01220703125,0.04736328125,-2.10716580423706,0.67897564803194,0.9801513665163281,LVG2
57.310000000002795,0.3662109375,-1.154296875,0.064453125,-2.2487077496731804,0.6949390253367671,1.08657388188184,LVG2
57.33000000000279,0.18408203125,-1.3115234375,-0.16943359375,-2.56265417000143,0.7875266137047591,1.20789554939851,LVG2
57.350000000002794,0.1484375,-1.2158203125,-0.1572265625,-1.9698807594155499,0.67471874741732,1.23130850277893,LVG2
57.3700000000028,0.1455078125,-1.1962890625,-0.15234375,-1.67296194154578,0.529984126520229,1.40796987828567,LVG2
57.39000000000279,0.14501953125,-1.16259765625,-0.12646484375,-1.69531066977254,0.42781851176934205,1.54738337341449,LVG2
57.410000000002796,0.1201171875,-1.16015625,0.017578125,-1.84962331705253,0.40227710808162,1.69105376915792,LVG2
57.43000000000279,0.03173828125,-1.17822265625,-0.0537109375,-2.1210007312345702,0.457616816071684,1.8389810655159802,LVG2
57.450000000002795,-0.0244140625,-1.04931640625,-0.30224609375,-2.11355115515899,0.506571173139818,1.96030273303266,LVG2
57.471000000002796,-0.14404296875,-1.177734375,-0.28173828125,-1.9645596336472801,0.602351436968775,2.1146153803126397,LVG2
57.49100000000279,-0.31982421875,-1.29345703125,-0.12158203125,-1.35156594514195,0.6044798872760849,2.08694552631761,LVG2
57.51500000000279,-0.4169921875,-1.1806640625,-0.27734375,-0.00638535092193,0.645984668268633,2.1273860821565,LVG2
57.536000000002794,-0.52197265625,-1.228515625,-0.10205078125,1.55270449918276,0.8088111167778599,2.19549649199043,LVG2
57.5560000000028,-0.5625,-0.79345703125,0.18505859375,2.66694823505963,0.843930546848478,2.1156796054663,LVG2
57.57600000000279,-0.6298828125,-0.7509765625,-0.05517578125,1.78789825814053,0.870536175689855,1.93476132934493,LVG2
57.596000000002796,-0.6630859375,-0.94287109375,-0.216796875,1.928375978423,0.736443806329315,1.76554952991378,LVG2
57.61600000000279,-0.623046875,-0.958984375,-0.1953125,3.2969695260234304,0.5863880596639489,1.45798846050746,LVG2
57.636000000002795,-0.50048828125,-0.62841796875,0.1357421875,3.40658471684991,0.515084974369058,1.10679415980128,LVG2
57.65600000000279,-0.48388671875,-0.40087890625,0.0576171875,2.77124230011783,0.39695598231334395,0.644920443114978,LVG2
57.676000000002794,-0.486328125,-0.3916015625,0.1826171875,2.59777360007205,0.31820332094286896,0.10216561475088799,LVG2
57.6960000000028,-0.43212890625,-0.27978515625,0.16748046875,2.31043280858518,0.158569547894607,-0.637470867039392,LVG2
57.71600000000279,-0.33056640625,-0.177734375,0.19775390625,1.5644109758729698,-0.00425690061462,-1.3356025678371202,LVG2
57.737000000002794,0.4951171875,-0.546875,0.39697265625,0.072367310448545,-0.316074870635558,-1.8815500716621798,LVG2
57.7570000000028,1.16259765625,-1.25146484375,0.1015625,-2.30085478220228,-0.505506947986163,-1.71020982192371,LVG2
57.77700000000279,1.24560546875,-1.40966796875,-0.11083984375,-3.95146799552131,-0.20752390496273998,-0.8151964676997909,LVG2
57.7970000000028,0.99951171875,-1.205078125,-0.29150390625,-5.779806809500741,0.09897293928992199,0.35013007555252096,LVG2
57.8170000000029,0.482421875,-0.6611328125,-0.3173828125,-8.69365528020834,0.156441097587297,1.08444543157453,LVG2
57.8370000000029,-0.09326171875,-0.48046875,-0.373046875,-10.425149605205199,0.00425690061462,0.9673806646724671,LVG2
57.8570000000029,-0.08349609375,-0.62109375,-1.0556640625,-9.210868704884712,-0.313946420328248,0.656626919805184,LVG2
57.8770000000029,-0.201171875,-0.92333984375,-1.2392578125,-5.90538537763203,-0.7396364817902801,0.514020749215403,LVG2
57.8970000000029,-0.66455078125,-1.017578125,-0.783203125,-3.89506406237759,-0.9035271554531621,0.6534342443442189,LVG2
57.9170000000029,-0.61181640625,-0.7548828125,-0.7490234375,-2.63502148044998,-0.9801513665163281,0.7949761897803441,LVG2
57.9380000000029,-0.46240234375,-0.62841796875,-0.73095703125,-1.8560086679744598,-0.95141728736764,0.8056184413168951,LVG2
57.9580000000029,-0.6884765625,-0.775390625,-0.814453125,-1.5888881544070301,-0.9641879892115021,0.797104640087654,LVG2
57.9780000000029,-0.9326171875,-0.81884765625,-0.73974609375,-0.8928849039166109,-1.1749045696352098,0.8694719505362,LVG2
57.9980000000029,-0.8310546875,-0.60400390625,-0.71875,-0.446974564535133,-1.32389609114692,0.792847739473034,LVG2
58.0180000000029,-0.65869140625,-0.59228515625,-0.82373046875,-0.27457008964301,-1.4239332555905,0.621507489734566,LVG2
58.038000000002896,-0.56396484375,-0.734375,-0.92041015625,-0.07130308529489,-1.5707963267949,0.49805737191057703,LVG2
58.0580000000029,-0.57568359375,-0.5888671875,-0.75732421875,0.36928612831831203,-1.63890673662882,0.49060779583499203,LVG2
58.0780000000029,-0.66845703125,-0.27783203125,-0.62451171875,0.377799929547553,-1.61655800840207,0.49060779583499203,LVG2
58.0980000000029,-0.7138671875,-0.3837890625,-0.6533203125,0.121321667516679,-1.7272374243821897,0.46932329276189,LVG2
58.1180000000029,-0.71142578125,-0.51806640625,-0.7216796875,0.16282644850922698,-1.78683403298688,0.47038751791554495,LVG2
58.1380000000029,-0.73779296875,-0.39306640625,-0.45849609375,0.21390925588467102,-1.75384305322357,0.5097638486007829,LVG2
58.1590000000029,-0.6982421875,-0.32958984375,-0.43798828125,-0.10216561475088799,-1.55696139979738,0.518277649830024,LVG2
58.1790000000029,-0.7294921875,-0.31591796875,-0.52001953125,-0.137285044821505,-1.47820873842691,0.405469783542585,LVG2
58.1990000000029,-0.7431640625,-0.263671875,-0.42578125,-0.08513801229240599,-1.35263017029561,0.233065308650462,LVG2
58.2230000000029,-0.65869140625,-0.44091796875,-0.4873046875,-0.220294606806601,-1.1749045696352098,0.234129533804117,LVG2
58.2430000000029,-0.58251953125,-0.4951171875,-0.54052734375,-0.246900235647978,-1.16639076840597,0.36077232708907203,LVG2
58.2640000000029,-0.60986328125,-0.50341796875,-0.6337890625,-0.188367852196949,-1.2568499064666498,0.5012500473715421,LVG2
58.2840000000029,-0.72265625,-0.37744140625,-0.6982421875,-0.023412953380412004,-1.3888138255198799,0.6949390253367671,LVG2
58.3040000000029,-0.89111328125,-0.12744140625,-0.57373046875,0.242643335033358,-1.43883240774167,0.8747930763044749,LVG2
58.3240000000029,-1.10498046875,-0.05712890625,-0.42236328125,0.34055204916962495,-1.43457550712705,0.971637565287087,LVG2
58.3430000000029,-1.2236328125,-0.06103515625,-0.27978515625,0.352258525859831,-1.42819015620512,1.0354910745063899,LVG2
58.364000000002896,-1.298828125,-0.041015625,-0.24951171875,0.409726684157205,-1.42712593105146,1.0471975511966,LVG2
58.3840000000029,-1.337890625,-0.1533203125,0.0830078125,0.040440555838893,-1.3313456672225,0.9588668634432259,LVG2
58.4040000000029,-1.37060546875,-0.39208984375,0.13427734375,-0.580002708742018,-1.06954627942335,0.88011420207275,LVG2
58.4240000000029,-1.259765625,-0.43310546875,-0.00146484375,-0.300111493330732,-0.8237102689290309,0.974830240748052,LVG2
58.4440000000029,-1.17236328125,-0.47265625,0.18701171875,0.25541403687721903,-0.5991587615078101,1.0471975511966,LVG2
58.4640000000029,-1.0751953125,-0.5478515625,0.37890625,0.305432619099008,-0.28095544056494104,1.05996825304046,LVG2
58.4840000000029,-0.96044921875,-0.64453125,0.2802734375,0.857765473845994,0.297983043023422,1.05677557757949,LVG2
58.5040000000029,-0.77734375,-0.4072265625,0.4453125,2.8127470811103703,0.73750803148297,0.9322612346018492,LVG2
58.5240000000029,-0.5400390625,-0.31298828125,0.6845703125,3.32783205547943,1.29196933653727,0.6257643903491871,LVG2
58.544000000003,-0.4677734375,-0.3349609375,0.4052734375,2.18059733983926,2.08800975147126,0.133028144206885,LVG2
58.564000000003006,-0.70166015625,-0.19287109375,0.09814453125,4.60703069017284,2.24019394844394,-0.354386976167141,LVG2
58.58500000000301,-0.14697265625,-0.0654296875,0.09033203125,8.03383568494219,2.25828577605608,-1.132335563489,LVG2
58.605000000003,0.6484375,-0.5810546875,-0.22607421875,4.497415499346361,2.6382141559109398,-1.1972532978619599,LVG2
58.624000000003,0.5205078125,-0.78125,-1.01025390625,1.26429948254223,2.79146257803727,-0.47251596822285497,LVG2
58.64900000000301,0.35791015625,-0.306640625,-1.24169921875,2.23487282267567,2.1156796054663,-0.07130308529489,LVG2
58.67000000000301,-0.07470703125,-0.1240234375,-0.73095703125,0.7204804290244878,1.3813642494442901,-0.06278928406565,LVG2
58.690000000003,-0.59619140625,-0.2099609375,-0.9384765625,-2.57010374607702,0.9343896849091591,-0.022348728226757004,LVG2
58.71000000000301,-0.6787109375,-0.29248046875,-1.0,-3.10008787259724,0.558718205668917,-0.08513801229240599,LVG2
58.730000000003,-0.8857421875,-0.333984375,-0.89697265625,-4.37290115636872,0.570424682359122,-0.60341566212243,LVG2
58.750000000003006,-1.26220703125,-0.513671875,-0.744140625,-4.0664043121160605,0.5012500473715421,-1.0142065714332902,LVG2
58.770000000003,-1.07470703125,-0.5078125,-0.693359375,-2.53392009085274,0.27031318902839,-1.1238217622597602,LVG2
58.791000000003,-0.84716796875,-0.5625,-0.67138671875,-1.8070543109063202,0.159633773048262,-1.1600054174840402,LVG2
58.815000000003,-0.904296875,-0.88232421875,-0.71337890625,-2.5136998129332997,0.324588671864799,-0.973766015594397,LVG2
58.83500000000301,-0.86279296875,-0.5087890625,-0.72119140625,-1.02272037266253,0.14686307120440098,-0.17666137550674302,LVG2
58.855000000003,-0.83203125,-0.20703125,-0.75537109375,-0.10855096567281801,0.13622081966785002,0.28840501664052604,LVG2
58.876000000003,-0.93701171875,-0.35498046875,-0.72802734375,-0.60980101304436,0.135156594514195,0.123450117823989,LVG2
58.896000000003006,-0.837890625,-0.33251953125,-0.83154296875,-0.8492516726167529,-0.26179938779914896,-0.152184196972676,LVG2
58.916000000003,-0.6376953125,-0.20263671875,-0.86669921875,-0.5416906032104349,-0.67897564803194,-0.354386976167141,LVG2
58.936000000003006,-0.6162109375,-0.302734375,-0.8662109375,-0.450167239996098,-0.909912506375093,-0.573617357820088,LVG2
58.956000000003,-0.83203125,-0.4365234375,-0.765625,-0.88011420207275,-1.0312341738917699,-0.6991959259513871,LVG2
58.976000000003005,-0.87109375,-0.1669921875,-0.72119140625,-0.770499011246277,-1.17171189417424,-0.453359915457064,LVG2
58.996000000003,-0.85302734375,-0.04931640625,-0.55322265625,0.074495760755856,-1.2813270850007201,-0.264992063260115,LVG2
59.016000000003004,-1.0859375,-0.255859375,-0.259765625,0.346937400091556,-1.16213386779135,-0.277762765103976,LVG2
59.03600000000301,-1.26953125,-0.4619140625,-0.30322265625,-0.14686307120440098,-1.0259130481235001,-0.46080949153264894,LVG2
59.056000000003,-1.32958984375,-0.6767578125,-0.53271484375,0.30117571848438696,-0.8971418045312322,-0.43420386269127204,LVG2
59.076000000003006,-1.09228515625,-0.63232421875,-0.5517578125,1.0833812064208699,-0.7587925345560709,-0.228808408035842,LVG2
59.096000000003,-1.12158203125,-0.7548828125,-0.2314453125,1.8400452906696299,-0.6257643903491871,0.09152336321433699,LVG2
59.116000000003005,-1.12060546875,-0.72265625,0.08203125,1.47820873842691,-0.164954898816537,0.393763306852379,LVG2
59.136000000003,-0.8984375,-0.72216796875,0.0419921875,0.562975106283537,0.4235616111547221,0.7183519787171779,LVG2
59.156000000003004,-0.43359375,-0.53076171875,-0.3017578125,-0.547011728978711,0.731122680561039,1.03336262419908,LVG2
59.177000000003005,-0.51953125,-0.38232421875,-0.5791015625,-0.290533466947837,0.516149199522713,1.10679415980128,LVG2
59.197000000003,-0.91357421875,-0.2626953125,-0.412109375,1.34943749483464,0.28946924179418104,0.7736916867072429,LVG2
59.217000000003004,-0.8359375,-0.095703125,-0.2587890625,1.80811853605998,0.5565897553616059,0.421433160847411,LVG2
59.23700000000301,-0.58349609375,0.0009765625,-0.2265625,1.47288761265863,0.744957607558555,0.155376872433642,LVG2
59.261000000003,-0.611328125,-0.033203125,-0.2548828125,1.51758506911214,0.726865779946419,0.036183655224273,LVG2
59.282000000003,-0.97216796875,-0.12060546875,-0.03271484375,2.4179195491043397,0.6268286155028421,-0.160697998201917,LVG2
59.302000000003005,-0.66748046875,-0.123046875,0.01611328125,4.6080949153264905,0.644920443114978,-0.48635089522037106,LVG2
59.322000000003,-0.3427734375,-0.14892578125,-0.16015625,4.991215970642321,0.8407378713875121,-0.7438933824049,LVG2
59.342000000003004,-0.4697265625,-0.4765625,-0.0283203125,5.47863109101635,1.04613332604294,-0.8460589971557879,LVG2
59.366000000003005,-0.5234375,-0.47509765625,0.087890625,8.365873932882579,0.7949761897803441,-1.2749417340787799,LVG2
59.387000000003006,-0.39111328125,-0.44921875,-0.08154296875,5.563769103308751,1.06316092850142,-1.40690565313201,LVG2
59.407000000003,-0.4228515625,-0.72412109375,-0.37109375,3.5821818672030004,0.9035271554531621,-1.32921721691519,LVG2
59.4270000000031,-0.6142578125,-0.85400390625,-0.25244140625,6.231038274650491,0.019156052765792,-1.3068684886884399,LVG2
59.4470000000031,-0.85107421875,-0.2802734375,-0.01708984375,7.16117105894503,-0.27457008964301,-1.43989663289532,LVG2
59.4670000000031,-0.548828125,-0.3955078125,-0.0361328125,4.52614957849505,-0.21284503073101602,-1.9379540048058999,LVG2
59.4870000000031,-0.23095703125,-1.06591796875,-0.3447265625,2.72335216820335,0.019156052765792,-2.05608299686161,LVG2
59.5070000000031,-0.3896484375,-0.49072265625,0.0478515625,4.466552969890371,-0.6310855161174621,-1.8315314894403898,LVG2
59.5270000000031,-0.685546875,-0.03857421875,0.34033203125,4.14941387410115,-0.7822054879364829,-1.9634954084936203,LVG2
59.5470000000031,-0.53662109375,-0.32421875,0.25,2.4956079853211603,-0.522534550444644,-2.5264705147771602,LVG2
59.5670000000031,-0.05126953125,-0.60009765625,0.302734375,1.8889996477377702,-0.26924896387473496,-3.00005070815367,LVG2
59.5870000000031,-0.03173828125,-0.44873046875,0.11328125,1.4090341034393201,-0.49380047129595706,-3.30229065179171,LVG2
59.6070000000031,0.11083984375,-0.26806640625,0.35107421875,2.33810266258021,-0.870536175689855,-3.47363090153018,LVG2
59.6320000000031,0.77978515625,-0.6962890625,0.283203125,-0.007449576075585999,-0.233065308650462,-4.02702798143082,LVG2
59.6520000000031,0.720703125,-1.08056640625,-0.43994140625,-0.17240447489212302,0.080881111677786,-4.30053384592018,LVG2
59.6720000000031,0.69921875,-1.21875,-0.36669921875,1.33773101814443,-0.733251130868349,-4.08981726549647,LVG2
59.6930000000031,0.7568359375,-1.09228515625,0.15185546875,1.69424644461889,-1.3834926997516,-3.59601679420051,LVG2
59.7130000000031,0.63720703125,-1.15673828125,0.15771484375,0.387377955930449,-1.0833812064208699,-3.0372985885316,LVG2
59.7330000000031,0.39404296875,-1.625,0.10986328125,1.07061050457701,-1.05677557757949,-2.6722693608279,LVG2
59.7570000000031,0.48046875,-1.42236328125,0.599609375,4.01744995504792,-2.05714722201527,-2.1656981876880903,LVG2
59.7770000000031,0.5419921875,-0.66748046875,1.22802734375,4.201560906630251,-2.3976992711848903,-1.50481436726828,LVG2
59.7980000000031,0.57958984375,-0.7373046875,1.05322265625,2.13057875761747,-1.7687422053747401,-1.2515287806983701,LVG2
59.8180000000031,0.54638671875,-1.01025390625,0.87109375,2.92129804678319,-1.60697998201917,-1.21853780093507,LVG2
59.8380000000031,0.4541015625,-0.65380859375,1.19189453125,3.86845843353621,-2.0081928649471297,-1.01207812112598,LVG2
59.8580000000031,0.525390625,-0.31298828125,1.21044921875,1.7080813716163998,-1.88687119743046,-0.953545737674951,LVG2
59.8780000000031,0.7109375,-0.94775390625,0.77099609375,-0.73537958117566,-1.30793271384209,-0.992922068360189,LVG2
59.8980000000031,0.68701171875,-1.4345703125,0.6318359375,-0.38099260500851795,-1.05783980273315,-0.9067198309141271,LVG2
59.9180000000031,0.45556640625,-1.42431640625,0.68505859375,0.913105181836058,-1.32921721691519,-0.518277649830024,LVG2
59.9380000000031,0.35986328125,-1.11376953125,0.96044921875,1.84643064159156,-1.71659517284564,-0.18517517673598397,LVG2
59.958000000003096,0.56103515625,-0.92578125,0.92724609375,1.7815129072186002,-1.7389439010724,-0.243707560187013,LVG2
59.9780000000031,0.62744140625,-0.9130859375,0.90380859375,1.54844759856814,-1.3707219979077399,-0.21390925588467102,LVG2
59.9980000000031,0.62353515625,-0.8125,0.91259765625,1.57931012802414,-1.0897665573428001,-0.054275482836409004,LVG2
60.019000000003096,0.65087890625,-0.72412109375,1.01025390625,1.38774960036622,-0.9035271554531621,0.230936858343152,LVG2
60.0390000000031,0.64306640625,-0.6416015625,0.9853515625,0.949288837060331,-0.689617899568491,0.43952498845954796,LVG2
60.0630000000031,0.59814453125,-0.55517578125,0.96923828125,0.570424682359122,-0.572553132666432,0.584259609356638,LVG2
60.083000000003096,0.5283203125,-0.4931640625,0.90380859375,0.881178427226405,-0.66833339649539,0.6779114228782851,LVG2
60.1040000000031,0.49169921875,-0.28271484375,0.89208984375,1.0780600806526,-0.6257643903491871,0.60980101304436,LVG2
60.1240000000031,0.5107421875,-0.18310546875,0.8564453125,1.2206662512423798,-0.5661677817445021,0.351194300706176,LVG2
60.144000000003096,0.5576171875,-0.26171875,0.74169921875,1.6931822194652302,-0.698131700797732,0.29904726817707694,LVG2
60.1680000000031,0.63330078125,0.041015625,0.85302734375,1.94327513057417,-0.742829157251245,0.26605628841377,LVG2
60.1880000000031,0.5625,0.02294921875,0.65771484375,0.93864658552378,-0.5235987755982989,0.020220277919447,LVG2
60.2090000000031,0.67919921875,-0.36083984375,0.59521484375,1.11317951072321,-0.29372614240880196,-0.27031318902839,LVG2
60.2290000000031,0.7099609375,-0.34423828125,1.02099609375,2.19549649199043,-0.018091827612136003,-0.27989121541128603,LVG2
60.24900000000321,0.509765625,0.05322265625,1.19091796875,1.85813711828177,0.00425690061462,-0.517213424676368,LVG2
60.2690000000032,0.3955078125,0.1875,0.89111328125,0.640663542500358,-0.188367852196949,-0.5980945363541539,LVG2
60.2880000000032,0.703125,0.064453125,0.90087890625,0.061725058911995,-0.257542487184529,-0.661948045573459,LVG2
60.3090000000032,0.91650390625,0.1083984375,1.09033203125,-0.49060779583499203,0.030862529455997004,-0.933325459755504,LVG2
60.329000000003205,0.81201171875,0.0693359375,0.85546875,-2.58925979884281,0.349065850398866,-1.29196933653727,LVG2
60.3490000000032,1.04541015625,-0.466796875,0.42333984375,-3.8812291353800696,0.236257984111428,-1.45798846050746,LVG2
60.369000000003204,1.259765625,-0.7802734375,0.24560546875,-4.03660600781372,0.302239943638043,-0.985472492284603,LVG2
60.38900000000321,1.19287109375,-0.953125,-0.330078125,-4.41440593736127,0.43313963753761703,-0.04895435706813401,LVG2
60.4090000000032,0.97314453125,-0.5322265625,-0.39208984375,-2.99366535723174,0.34055204916962495,0.46825906760823494,LVG2
60.42900000000321,0.66552734375,-0.16357421875,0.04541015625,-1.47608028811959,0.260735162645494,0.024477178534067005,LVG2
60.4490000000032,0.45068359375,-0.17041015625,0.4853515625,-1.13552823894997,0.039376330685238,-0.5512686295933311,LVG2
60.469000000003206,0.55859375,-0.26611328125,0.65087890625,-1.01739924689426,-0.27669853995032107,-0.504442722832507,LVG2
60.4890000000032,0.720703125,-0.50244140625,0.6474609375,-0.9226832082189541,-0.249028685955288,-0.28308389087225105,LVG2
60.509000000003205,0.8095703125,-0.87158203125,0.4560546875,-0.150055746665366,-0.10748674051916302,-0.09152336321433699,LVG2
60.530000000003206,0.6923828125,-0.7685546875,0.4931640625,1.26642793284954,-0.06066083375833999,0.120257442363024,LVG2
60.55400000000321,0.58154296875,-0.53662109375,0.8447265625,1.96775230910824,-0.118128992055714,0.10216561475088799,LVG2
60.5740000000032,0.65576171875,-0.62548828125,0.95361328125,1.6804115176213703,-0.16708334912384698,0.06066083375833999,LVG2
60.594000000003206,0.69775390625,-0.7783203125,0.85595703125,1.7304300998431599,-0.10003716444357699,0.119193217209369,LVG2
60.61500000000321,0.76171875,-0.8203125,0.85009765625,2.1273860821565,-0.029798304302342003,0.257542487184529,LVG2
60.6350000000032,0.63818359375,-0.56982421875,0.818359375,1.8655866943573503,0.028734079148687,0.39695598231334395,LVG2
60.655000000003206,0.63916015625,-0.421875,0.87158203125,1.3962634015954598,0.029798304302342003,0.322460221557489,LVG2
60.67900000000321,0.6962890625,-0.52734375,0.869140625,1.16106964263769,0.297983043023422,0.27457008964301,LVG2
60.6990000000032,0.57470703125,-0.3310546875,0.857421875,1.1142437358768702,0.367157678011002,0.36928612831831203,LVG2
60.7200000000032,0.5537109375,-0.1328125,0.87841796875,0.636406641885737,0.237322209265083,0.356515426474451,LVG2
60.74000000000321,0.6318359375,0.0244140625,0.98681640625,-0.431011187230307,0.159633773048262,0.313946420328248,LVG2
60.7600000000032,0.69384765625,-0.13916015625,1.044921875,-2.14122100915402,0.29479036756245697,0.226679957728532,LVG2
60.780000000003206,0.6455078125,-0.263671875,0.96533203125,-3.38849288923777,0.522534550444644,-0.04150478099254799,LVG2
60.799000000003204,0.75,-0.142578125,1.21044921875,-4.17069837717425,0.7279300051000741,-0.14047772028247002,LVG2
60.820000000003205,0.791015625,-0.21337890625,1.09619140625,-7.48150283019521,1.33666679299078,-0.120257442363024,LVG2
60.8400000000032,0.59912109375,-0.8740234375,0.27197265625,-10.6475726623191,1.82301768821115,-0.08513801229240599,LVG2
60.860000000003204,0.4794921875,-1.21240234375,-0.04931640625,-8.36480970772892,1.70488869615544,0.639599317346702,LVG2
60.88000000000321,0.43603515625,-1.22314453125,0.30322265625,-4.5250853533414,1.5920808298679998,1.2813270850007201,LVG2
60.9000000000032,0.41943359375,-1.15234375,0.48486328125,-3.14159265358979,1.68360419308234,1.75916417899185,LVG2
60.920000000003206,0.27001953125,-1.3115234375,0.06884765625,-2.1656981876880903,1.69743912007985,2.06566102324451,LVG2
60.94100000000321,0.087890625,-1.1123046875,0.140625,1.8400452906696299,1.15468429171576,2.23700127298298,LVG2
60.9610000000032,0.0595703125,-0.3466796875,0.72509765625,4.8007196681380595,0.6278928406564971,2.06566102324451,LVG2
60.985000000003204,0.1171875,-0.06103515625,0.6728515625,4.0227710808162005,0.634278191578427,1.16851921871328,LVG2
61.00500000000321,0.40234375,-0.2236328125,0.400390625,3.80673337462422,0.40866245900354997,-0.079816886524131,LVG2
61.0260000000032,0.7412109375,-0.0439453125,0.4873046875,3.9269908169872405,-0.161762223355572,-0.8173249180071009,LVG2
61.046000000003204,0.7861328125,-0.16162109375,0.33984375,2.46687390617247,-0.075559985909511,-1.4601169108147702,LVG2
61.06600000000321,0.705078125,-0.5771484375,0.1484375,2.1678266379954,0.174532925199433,-2.0326700434812,LVG2
61.0860000000032,0.89453125,-0.86865234375,0.24951171875,2.27105647789994,-0.377799929547553,-2.1178080557736103,LVG2
61.110000000003296,0.9775390625,-0.73583984375,0.015625,1.2089597745521699,-0.36928612831831203,-1.1036014843403201,LVG2
61.131000000003205,0.88623046875,-0.625,-0.0087890625,1.09721613341839,-0.18730362704329398,-0.539562152903125,LVG2
61.1510000000033,0.8232421875,-0.5478515625,0.00048828125,0.40653400869623996,-0.666204946188079,-0.461873716686304,LVG2
61.171000000003296,0.9677734375,-0.685546875,0.0517578125,-0.5108280737544381,-1.1419135898719,-0.539562152903125,LVG2
61.1910000000033,0.93798828125,-0.45166015625,0.298828125,-1.3590155212175399,-1.22173047639603,-0.40866245900354997,LVG2
61.2100000000033,0.80859375,-0.2685546875,0.478515625,-2.62225077860612,-0.883306877533716,-0.148991521511711,LVG2
61.2310000000033,0.7265625,-0.39892578125,0.79931640625,-3.9546606709822703,-0.352258525859831,-0.26179938779914896,LVG2
61.2510000000033,0.595703125,-0.109375,0.89794921875,-6.99515193497483,-0.079816886524131,-0.594901860893189,LVG2
61.2710000000033,0.55126953125,-0.18310546875,0.5458984375,-9.47479654299117,0.40014865777430997,-1.2015101984765801,LVG2
61.2910000000033,0.60107421875,-0.85498046875,0.35205078125,-9.69828382525874,1.0195276972015699,-1.52609887034138,LVG2
61.3110000000033,0.60498046875,-1.20556640625,-0.05712890625,-8.96396846923673,1.3632724218321601,-1.3217676408396102,LVG2
61.3310000000033,0.43212890625,-1.3681640625,-0.2490234375,-8.045542161632401,1.32283186599326,-0.8354167456192372,LVG2
61.3520000000033,0.4267578125,-1.30224609375,-0.31640625,-6.74293057355858,0.872664625997165,-0.365029227703692,LVG2
61.3720000000033,0.7255859375,-1.2783203125,-0.66259765625,-5.4765026407090405,0.701324376258697,-0.10748674051916302,LVG2
61.3920000000033,0.73291015625,-1.16162109375,-0.68017578125,-4.38567185821258,0.53211257682754,-0.00638535092193,LVG2
61.4120000000033,0.615234375,-1.03857421875,-0.548828125,-3.24269404318703,0.16282644850922698,0.037247880377928,LVG2
61.4320000000033,0.6572265625,-0.94921875,-0.5947265625,-2.22316634598546,0.021284503073102003,0.148991521511711,LVG2
61.4530000000033,0.79443359375,-0.7685546875,-0.68603515625,-1.15468429171576,-0.09578026382895699,0.21390925588467102,LVG2
61.4730000000033,0.66259765625,-0.5654296875,-0.54931640625,-0.41717626023279103,-0.38631373077679404,0.20858813011639601,LVG2
61.4970000000033,0.41455078125,-0.79541015625,-0.37841796875,-0.580002708742018,-0.5246630007519539,0.13409236936053998,LVG2
61.5170000000033,0.5146484375,-0.9169921875,-0.51318359375,-1.00356431989674,-0.311817970020938,-0.11174364113378302,LVG2
61.5380000000033,0.6044921875,-0.84375,-0.51611328125,-0.9939862935138442,-0.310753744867283,-0.07343153560220099,LVG2
61.5580000000033,0.4150390625,-0.90771484375,-0.37060546875,-0.6651407210344239,-0.557653980515261,0.20858813011639601,LVG2
61.5780000000033,0.52001953125,-0.86865234375,-0.35107421875,-0.358643876781762,-0.7822054879364829,0.412919359618171,LVG2
61.5980000000033,0.650390625,-0.73583984375,-0.384765625,-0.06704618468026999,-0.60980101304436,0.43420386269127204,LVG2
61.6180000000033,0.50146484375,-0.705078125,-0.14404296875,0.334166698247695,-0.5863880596639489,0.46293794183995896,LVG2
61.6380000000033,0.416015625,-0.82177734375,-0.08447265625,0.06385350921930501,-0.553397079900641,0.48422244491306105,LVG2
61.6580000000033,0.50048828125,-0.98681640625,-0.51025390625,0.09471603867530198,-0.38631373077679404,0.576810033281053,LVG2
61.6780000000033,0.4580078125,-0.98388671875,-0.63525390625,0.930132784294539,-0.474644418530165,0.7194162038708342,LVG2
61.6980000000033,0.3408203125,-1.00390625,-0.46728515625,1.27600595923244,-0.6534342443442189,0.8279671695436519,LVG2
61.7180000000033,0.22412109375,-1.04296875,-0.4833984375,1.58782392925338,-0.7736916867072429,0.74176493209759,LVG2
61.7380000000033,0.1259765625,-1.06884765625,-0.44482421875,3.95678912128958,-1.10679415980128,0.5033784976788521,LVG2
61.7580000000033,0.5498046875,-0.9462890625,-0.12939453125,7.28994230253729,-1.42286903043684,0.37035035347196704,LVG2
61.7830000000033,0.64599609375,-0.568359375,-0.08544921875,7.1962904890156505,-0.9013987051458521,0.41717626023279103,LVG2
61.8030000000033,0.31396484375,-0.4384765625,-0.10400390625,6.76102240117072,-0.614057913658981,-0.023412953380412004,LVG2
61.8230000000033,0.57177734375,-0.1142578125,0.1669921875,8.07214779047378,-1.03016994873812,-0.5693604572054671,LVG2
61.8440000000033,0.72265625,-0.494140625,0.4970703125,5.815990464725009,-0.634278191578427,-0.356515426474451,LVG2
61.8640000000033,0.4306640625,-1.115234375,-0.07275390625,3.52258525859831,-0.168147574277502,0.179854050967708,LVG2
61.8840000000033,0.48828125,-0.70263671875,-0.23828125,6.50347991398619,-0.988665167745568,0.459745266378994,LVG2
61.9080000000033,0.6279296875,0.16455078125,0.70068359375,5.63400796344999,-0.975894465901708,0.382056830162173,LVG2
61.9280000000033,0.40869140625,-0.84765625,0.28369140625,1.8889996477377702,-0.04150478099254799,-0.16601912397019197,LVG2
61.9490000000033,0.615234375,-0.9248046875,0.18310546875,4.09513839126474,-0.31288219517459304,-0.435268087844927,LVG2
61.9690000000034,0.79345703125,-0.17431640625,0.4423828125,4.91565598473281,-0.5906449602785689,-0.173468700045778,LVG2
61.989000000003394,0.5498046875,-0.20947265625,0.3408203125,2.59777360007205,-0.19156052765791398,-0.33735937370866,LVG2
62.0090000000034,0.7509765625,-0.7060546875,0.224609375,2.19017536622215,-0.19156052765791398,-1.1983175230156202,LVG2
62.02900000000339,1.17578125,-0.57080078125,0.37158203125,3.06922534314125,-0.568296232051812,-1.5090712678829,LVG2
62.049000000003396,0.8662109375,-0.32421875,0.3837890625,2.48709418409192,-0.48209399460575103,-1.3717862230613997,LVG2
62.06900000000339,0.52978515625,-0.73828125,0.25048828125,2.08375285085664,-0.42994696207665206,-1.530355770956,LVG2
62.089000000003395,0.97216796875,-0.76806640625,0.41064453125,2.1188722809272598,-0.8971418045312322,-1.42074058012953,LVG2
62.1090000000034,1.033203125,-0.5966796875,0.8505859375,1.32921721691519,-1.03655529966005,-0.80242576585593,LVG2
62.129000000003394,0.92724609375,-0.6689453125,1.27099609375,0.633213966424772,-1.16639076840597,-0.16389067366288199,LVG2
62.1490000000034,0.70068359375,-0.5439453125,1.712890625,0.999307419282119,-0.981215591669983,0.223487282267567,LVG2
62.16900000000339,0.82666015625,-0.2587890625,1.572265625,0.647048893422288,-0.5991587615078101,0.326717122172109,LVG2
62.1890000000034,0.8837890625,-0.25,1.56591796875,-0.121321667516679,-0.26179938779914896,0.355451201320796,LVG2
62.20900000000339,0.8193359375,-0.39990234375,1.451171875,0.8641508247679242,-0.20326700434811998,0.39269908169872403,LVG2
62.229000000003396,0.62548828125,-0.138671875,1.08935546875,1.64209941208979,-0.244771785340668,0.302239943638043,LVG2
62.250000000003396,0.66357421875,0.02197265625,0.69677734375,0.926940108833574,-0.18198250127501897,0.16389067366288199,LVG2
62.27000000000339,0.6591796875,-0.11572265625,0.1533203125,0.517213424676368,-0.12557856813129903,-0.06066083375833999,LVG2
62.290000000003396,0.63037109375,-0.52490234375,0.17724609375,1.1238217622597602,-0.390570631391414,-0.079816886524131,LVG2
62.3140000000034,0.6591796875,-0.53271484375,0.52587890625,1.5505760488754499,-0.550204404439676,0.20965235527005102,LVG2
62.33400000000339,0.654296875,-0.46337890625,0.3623046875,1.54525492310717,-0.549140179286021,0.5651035565908471,LVG2
62.35500000000339,0.7236328125,-0.54248046875,0.390625,2.0209635667909898,-0.537433702595815,0.7321869057146941,LVG2
62.375000000003396,0.71044921875,-0.41015625,0.60546875,2.64247105652556,-0.47038751791554495,0.740700706943935,LVG2
62.39500000000339,0.63134765625,-0.22509765625,0.8818359375,2.3976992711848903,-0.415047809925481,0.704517051719662,LVG2
62.415000000003396,0.68603515625,-0.07568359375,0.93701171875,1.66870504093116,-0.41398358477182595,0.5938376357395339,LVG2
62.43500000000339,0.74267578125,-0.0380859375,0.9267578125,1.09721613341839,-0.326717122172109,0.49380047129595706,LVG2
62.455000000003395,0.72998046875,0.02392578125,0.95556640625,0.825838719236341,-0.21603770619198104,0.5076353982934729,LVG2
62.4750000000034,0.8095703125,0.0546875,0.98095703125,0.20645967980908497,-0.18411095158232899,0.568296232051812,LVG2
62.495000000003394,0.77880859375,0.04150390625,0.83154296875,-0.7077097271806279,-0.10961519082647302,0.6247001651955311,LVG2
62.5150000000034,0.73828125,-0.14501953125,0.48681640625,-0.555525530207951,-0.080881111677786,0.474644418530165,LVG2
62.53500000000339,0.791015625,-0.11328125,0.74169921875,0.829031394697307,-0.116000541748404,0.26605628841377,LVG2
62.555000000003396,0.53857421875,0.11181640625,0.78662109375,0.9311970094481941,0.08300956198509599,0.367157678011002,LVG2
62.5760000000034,0.216796875,-0.18408203125,0.453125,0.620443264580911,0.097908714136267,0.5076353982934729,LVG2
62.59600000000339,0.2666015625,-0.111328125,0.5419921875,2.52753473993081,-0.157505322740952,0.34055204916962495,LVG2
62.620000000003394,0.51416015625,0.37255859375,1.13037109375,2.4402682773311,-0.141541945436126,0.27031318902839,LVG2
62.6400000000034,0.501953125,0.23876953125,1.0849609375,1.4526673347391799,-0.128771243592265,0.307561069406318,LVG2
62.6610000000034,0.4638671875,-0.1455078125,0.75537109375,2.5509476933112203,-0.21071658042370603,0.056403933143719005,LVG2
62.681000000003394,0.6494140625,-0.125,0.96337890625,2.4445251779457204,0.08726646259971699,-0.039376330685238,LVG2
62.7010000000035,0.544921875,0.2021484375,1.29833984375,1.62932871024593,0.150055746665366,-0.078752661370476,LVG2
62.7250000000034,0.34765625,0.38623046875,0.92919921875,-0.9673806646724671,-0.141541945436126,-0.407598233849895,LVG2
62.7450000000035,0.6728515625,0.73876953125,1.009765625,-2.04863342078603,-0.27137741418204503,-0.690682124722146,LVG2
62.7660000000035,0.53125,0.82177734375,0.73193359375,-4.60170956440456,-0.035119430070618,-1.16106964263769,LVG2
62.7860000000035,0.47900390625,-0.08056640625,0.29541015625,-5.107216512390719,-0.08194533683144099,-1.53248422126331,LVG2
62.8060000000035,1.0556640625,0.62939453125,0.52880859375,-3.04049126399256,-0.18091827612136302,-1.4792729635805602,LVG2
62.8260000000035,1.41064453125,0.84375,0.39208984375,-4.78369206567958,0.424625836308377,-1.02059192235522,LVG2
62.8450000000035,1.353515625,-0.54736328125,-0.0771484375,-6.75357282509513,0.87160040084351,-0.7236731044854541,LVG2
62.8660000000035,1.66845703125,-1.26904296875,-0.19482421875,-4.7826278405259295,0.666204946188079,-0.6885536744148361,LVG2
62.8860000000035,1.35546875,-1.21923828125,-0.404296875,-1.9911652624886498,0.8779857517654399,-0.5608466559762271,LVG2
62.9060000000035,1.0009765625,-0.81494140625,-0.45068359375,-0.46506639214726997,0.38099260500851795,0.101101389597233,LVG2
62.9260000000035,1.0380859375,-0.35693359375,0.07763671875,-0.10535829021185301,-0.713030852948903,0.9067198309141271,LVG2
62.9460000000035,1.0771484375,-0.4248046875,0.61767578125,-0.192624752811569,-1.2057670990912,1.2472718800837501,LVG2
62.9670000000035,1.0517578125,-0.85009765625,0.37451171875,0.7768843621682081,-0.683232548646561,1.07167472973066,LVG2
62.9870000000035,1.19140625,-0.68310546875,0.40771484375,3.79821957339498,-0.135156594514195,1.1759687947888602,LVG2
63.0110000000035,1.09814453125,0.10888671875,1.103515625,6.343846140937929,0.036183655224273,2.0624683477835397,LVG2
63.0310000000035,0.751953125,0.46337890625,1.12939453125,5.57228290453799,0.26392783810646,2.13270720792478,LVG2
63.0510000000035,0.78857421875,0.33740234375,0.84814453125,5.12105143938824,0.6864252241075259,2.0709821490127798,LVG2
63.0720000000035,0.69873046875,0.3193359375,0.8994140625,3.5055576561398305,1.15042739110114,2.3242677355826897,LVG2
63.0920000000035,0.49951171875,0.3720703125,1.0673828125,0.955674187982261,0.992922068360189,2.3476806889631097,LVG2
63.1120000000035,0.7197265625,-0.3642578125,0.947265625,0.295854592716112,0.516149199522713,2.32746041104366,LVG2
63.1320000000035,0.62890625,-0.19287109375,1.017578125,1.3909422758271899,0.60128721181512,2.7137741418204504,LVG2
63.1520000000035,0.3740234375,0.048828125,1.09423828125,0.7343153560220049,0.457616816071684,3.33847430701598,LVG2
63.1720000000035,0.00390625,0.56591796875,1.09228515625,-1.4537315598928402,0.247964460801633,1.95604583241804,LVG2
63.1920000000035,0.171875,1.322265625,1.09814453125,-3.52897060952024,-0.015963377304826,0.29372614240880196,LVG2
63.2170000000035,0.40869140625,-0.6513671875,0.482421875,-5.2594007093634,0.33310247309403995,-1.8666509195110101,LVG2
63.2370000000035,0.63427734375,-0.83251953125,0.8173828125,-2.5775533221526,0.377799929547553,-2.8691510142540895,LVG2
63.2570000000035,0.8212890625,-0.6064453125,0.8525390625,-1.132335563489,0.09684448898261201,-3.3129329033282597,LVG2
63.2780000000035,0.810546875,-0.42822265625,0.64208984375,-0.916297857297023,0.7524071836341409,-3.6630629788807796,LVG2
63.2980000000035,1.10986328125,-0.37451171875,0.93017578125,-1.46330958627573,1.07486740519163,-2.6445995068328703,LVG2
63.3180000000035,1.080078125,-0.65380859375,0.80517578125,-2.82126088233961,0.9780229162090179,-1.09828035857204,LVG2
63.3380000000035,0.6689453125,-1.33935546875,0.224609375,-2.8287104584152,0.4235616111547221,0.275634314796665,LVG2
63.3620000000035,0.25048828125,-0.89892578125,-0.1123046875,-0.650241568883253,-0.04150478099254799,1.16532654325231,LVG2
63.3830000000035,0.09912109375,-0.43505859375,0.23095703125,0.7513429584804859,-0.481029769452096,1.82727458882577,LVG2
63.4030000000035,0.0244140625,-0.294921875,0.46435546875,0.316074870635558,-1.03974797512101,2.06991792385913,LVG2
63.4230000000035,0.18798828125,-0.54638671875,0.16259765625,-0.48209399460575103,-1.5133281684975202,2.19762494229774,LVG2
63.4430000000035,0.28662109375,-1.02099609375,0.01416015625,0.121321667516679,-0.900334479992197,1.74852192745529,LVG2
63.4620000000035,0.43798828125,-0.92529296875,0.40966796875,1.04294065058198,-0.277762765103976,0.753471408787796,LVG2
63.4830000000035,0.3974609375,-0.08544921875,1.32177734375,2.1273860821565,0.42569006146203203,0.630021290963807,LVG2
63.5030000000035,-0.1298828125,0.46875,1.408203125,3.39168556469874,0.34161627432328,0.054275482836409004,LVG2
63.5230000000035,0.40966796875,-0.11376953125,0.90673828125,2.61905810314515,-1.3217676408396102,-0.252221361416254,LVG2
63.5430000000035,0.6669921875,-0.2470703125,0.69482421875,2.4402682773311,-2.06140412262989,-0.311817970020938,LVG2
63.5630000000035,0.546875,-0.21435546875,0.6982421875,2.97450930446595,-1.27813440953975,-1.26642793284954,LVG2
63.5830000000035,0.82666015625,-0.56591796875,0.74609375,2.89469241794181,-0.870536175689855,-1.31218961445671,LVG2
63.603000000003604,0.81298828125,-0.501953125,1.03173828125,2.79678370380555,-0.698131700797732,-1.09295923280377,LVG2
63.62300000000361,0.23681640625,0.4111328125,0.830078125,1.77725600660398,-0.326717122172109,-1.05464712727218,LVG2
63.6430000000036,0.341796875,0.5126953125,0.4365234375,0.6129936885053261,-0.554461305054296,-1.03868374996736,LVG2
63.663000000003606,1.06787109375,0.25732421875,0.92529296875,1.32496031630057,-0.736443806329315,-0.9950505186674989,LVG2
63.68400000000361,1.03955078125,0.55322265625,1.10498046875,0.488479345527681,-0.373543028932933,-1.54525492310717,LVG2
63.7040000000036,1.2021484375,0.4658203125,0.76171875,-2.66907668536694,-0.5012500473715421,-2.04969764593968,LVG2
63.724000000003606,1.40771484375,-0.61328125,0.1328125,-4.4729383208122995,-0.35332275101348604,-2.07204637416644,LVG2
63.74800000000361,1.32666015625,-0.99853515625,0.2119140625,-2.7754992007324506,0.077688436216821,-1.26536370769589,LVG2
63.7680000000036,1.265625,0.06982421875,0.65087890625,-1.622943359324,0.580002708742018,-0.259670937491839,LVG2
63.789000000003604,1.10107421875,0.0400390625,0.63916015625,-5.09870271116149,1.06954627942335,0.860958149306959,LVG2
63.80900000000361,0.99462890625,-0.267578125,0.83935546875,-5.588246281842821,0.87160040084351,0.970573340133432,LVG2
63.8290000000036,0.8359375,0.03369140625,1.05029296875,-6.13312956051422,0.6278928406564971,0.7843339382437929,LVG2
63.849000000003606,0.8271484375,-0.23876953125,0.9287109375,-6.58861792627859,0.428882736922997,0.640663542500358,LVG2
63.8690000000036,1.0595703125,-0.37451171875,0.900390625,-7.393172142441831,0.244771785340668,0.5991587615078101,LVG2
63.889000000003605,0.75537109375,-0.7958984375,0.38037109375,-7.264400898849571,0.4235616111547221,1.05358290211853,LVG2
63.910000000003606,0.63330078125,-1.83935546875,0.111328125,-4.9869590700277,0.38312105531582796,1.4047772028246999,LVG2
63.93400000000361,0.61669921875,-0.92333984375,0.19775390625,3.8077975997778704,0.22135883196025602,0.052147032529099004,LVG2
63.9540000000036,1.11767578125,-0.48681640625,0.20751953125,4.09513839126474,-0.21390925588467102,-0.10748674051916302,LVG2
63.974000000003606,1.33984375,-1.29443359375,-0.1552734375,3.79928379854863,1.0056927702040501,0.16282644850922698,LVG2
63.99500000000361,0.54052734375,-0.5634765625,0.29931640625,5.33815337073388,2.7403797706618302,-0.28840501664052604,LVG2
64.01500000000361,0.43310546875,0.1123046875,0.80712890625,3.7460725408658795,1.9794587857984498,0.055339707990064005,LVG2
64.0350000000036,0.30419921875,-0.29150390625,0.849609375,0.7524071836341409,1.43989663289532,0.254349811723564,LVG2
64.0590000000036,-0.23486328125,-0.8359375,0.36767578125,0.09684448898261201,1.56760365133393,-0.332038247940385,LVG2
64.0790000000036,-0.05712890625,-0.7705078125,0.1826171875,0.8928849039166109,0.7577283094024159,-0.19794587857984502,LVG2
64.1000000000036,0.2060546875,-0.052734375,0.45751953125,1.2451434297764399,0.117064766902059,0.666204946188079,LVG2
64.1200000000036,0.10693359375,0.03466796875,0.73486328125,-0.93864658552378,-0.036183655224273,0.884371102687371,LVG2
64.14000000000361,0.03125,-0.75341796875,0.5986328125,-3.0543261909900803,-0.323524446711144,0.582131159049328,LVG2
64.1600000000036,0.45947265625,-1.0166015625,0.31591796875,-3.3182540290965403,-0.675782972570975,0.300111493330732,LVG2
64.17900000000361,0.58642578125,-1.16259765625,-0.236328125,-3.6768979058783002,-0.981215591669983,1.10679415980128,LVG2
64.2000000000036,0.5537109375,-1.35546875,0.98583984375,-2.91597692101492,-0.47570864368382,1.31431806476402,LVG2
64.22000000000361,0.41748046875,-1.76171875,0.94140625,-0.9365181352164699,0.7619852100170369,1.41116255374663,LVG2
64.2400000000036,0.13330078125,-0.67626953125,0.42041015625,1.62187913417034,0.8598939241533041,1.7357512256114298,LVG2
64.2600000000036,0.4521484375,-0.80126953125,0.16259765625,1.10892261010859,0.192624752811569,1.80173318513805,LVG2
64.28000000000361,-0.0693359375,-0.8984375,0.36962890625,1.58569547894607,0.67684719772463,1.93156865388397,LVG2
64.30100000000361,-0.216796875,-0.5859375,0.671875,3.1469137793580697,0.41079090931086,1.64316363724344,LVG2
64.32100000000361,-0.0068359375,-0.19970703125,0.56982421875,3.57898919174203,-0.230936858343152,1.4047772028246999,LVG2
64.3410000000036,-0.0703125,-0.125,0.60205078125,3.1735194081994504,-0.5661677817445021,1.28984088622996,LVG2
64.3650000000036,-0.1982421875,-0.09521484375,0.6298828125,3.8301463280046297,-1.33773101814443,0.313946420328248,LVG2
64.3850000000036,-0.02685546875,0.27294921875,0.4609375,3.9706240482871,-1.9326328790376202,-0.26924896387473496,LVG2
64.4060000000036,0.67529296875,0.1494140625,0.87255859375,4.766664463221099,-2.19549649199043,-0.32778134732576397,LVG2
64.42600000000361,0.73681640625,0.24658203125,1.1103515625,4.66769152393118,-1.55164027402911,-0.117064766902059,LVG2
64.44600000000361,0.50927734375,0.4541015625,1.18115234375,2.4381398270237904,-0.733251130868349,-0.459745266378994,LVG2
64.4660000000035,0.55078125,0.01953125,0.7626953125,1.64209941208979,-0.520406100137334,-0.606608337583395,LVG2
64.48500000000361,1.00439453125,-0.0498046875,0.80224609375,1.48991521511711,-0.336295148555005,-0.36928612831831203,LVG2
64.50600000000361,0.99169921875,-0.146484375,0.61767578125,-0.47783709399113106,-0.21284503073101602,-0.5778742584347081,LVG2
64.5260000000036,1.04052734375,-1.005859375,0.296875,-0.966316439518812,-0.7768843621682081,-0.867343500228889,LVG2
64.5460000000035,1.28076171875,-1.1533203125,-0.033203125,-1.15681274202307,-1.06741782911604,-0.454424140610719,LVG2
64.5660000000035,1.1181640625,-1.15771484375,-0.04248046875,-1.7155309476919902,-0.7864623885511031,0.242643335033358,LVG2
64.5860000000035,0.79638671875,-0.810546875,0.47607421875,-1.01314234627964,-0.941839260984745,0.867343500228889,LVG2
64.6060000000035,0.6533203125,-0.626953125,0.77490234375,-0.326717122172109,-1.41541945436126,1.1844825960181,LVG2
64.6260000000035,0.90234375,-1.1162109375,0.65380859375,0.7524071836341409,-1.8900638728914199,1.04826177635025,LVG2
64.6460000000035,1.25390625,-0.45751953125,0.90380859375,1.37285044821505,-1.60165885625089,1.0280414984308102,LVG2
64.6660000000035,1.1982421875,0.03369140625,1.0009765625,0.21923038165294603,-1.3441163690663702,1.46543803658304,LVG2
64.6860000000035,1.42919921875,-0.14697265625,1.58447265625,-0.736443806329315,-1.2345011782398898,1.80173318513805,LVG2
64.7060000000035,1.00927734375,-0.16650390625,1.67724609375,-0.595966086046844,-1.224923151857,1.6995675703871598,LVG2
64.7270000000035,0.93896484375,-0.55859375,1.11962890625,0.701324376258697,-1.0376195248137001,1.57186055194855,LVG2
64.7510000000035,0.98828125,-0.08349609375,1.56298828125,1.3909422758271899,-1.17171189417424,1.9007061244279702,LVG2
64.7710000000035,1.02392578125,0.4921875,1.552734375,-1.0195276972015699,-0.640663542500358,2.21252409444891,LVG2
64.7910000000035,0.5439453125,-0.33203125,0.60107421875,-1.3898780506735302,0.173468700045778,1.9858441367203798,LVG2
64.8120000000035,0.578125,-0.1474609375,0.427734375,-1.05039022665756,0.08194533683144099,1.5186492942658,LVG2
64.8320000000035,0.39404296875,-0.22998046875,0.2587890625,-1.3845569249052598,-0.22135883196025602,1.1951248475546499,LVG2
64.8520000000035,-0.03173828125,-0.68798828125,0.0478515625,-1.16532654325231,-0.6257643903491871,1.12169331195245,LVG2
64.8720000000035,0.05078125,-0.9013671875,0.2783203125,-0.035119430070618,-1.30261158807382,1.2696206083105102,LVG2
64.8960000000035,0.31591796875,-0.77734375,0.53076171875,0.5619108811298821,-1.87410049558659,1.11956486164514,LVG2
64.9170000000035,0.43359375,-0.7373046875,0.37451171875,1.0493260015039099,-2.1210007312345702,0.8056184413168951,LVG2
64.9370000000035,0.43310546875,-0.724609375,0.3466796875,2.20507451837332,-1.9517889318034198,0.643856217961323,LVG2
64.9570000000035,0.42529296875,-0.76318359375,0.37939453125,3.8642015329215895,-1.62720025993862,0.36928612831831203,LVG2
64.9770000000035,0.5498046875,-0.2177734375,0.486328125,5.173198471917339,-1.31751074022499,-0.171340249738468,LVG2
64.9970000000035,0.60302734375,-0.15966796875,0.462890625,5.45628236278959,-1.08657388188184,-0.461873716686304,LVG2
65.0170000000035,0.52978515625,0.1787109375,0.41796875,6.40557119984992,-1.14617049048652,-0.5938376357395339,LVG2
65.0370000000035,0.82470703125,0.966796875,0.62255859375,6.4023785243889595,-1.28026285984706,-1.12169331195245,LVG2
65.0570000000035,1.82421875,0.6318359375,1.6396484375,4.497415499346361,-0.6268286155028421,-0.9918578432065341,LVG2
65.0770000000035,1.47900390625,0.43603515625,1.4384765625,4.11642289433785,0.7247373296391091,0.158569547894607,LVG2
65.0970000000035,0.62548828125,0.88427734375,0.49755859375,3.68754015741485,0.8971418045312322,-0.21816615649929103,LVG2
65.1180000000035,0.42333984375,0.90234375,0.626953125,2.06566102324451,0.072367310448545,-0.300111493330732,LVG2
65.1380000000035,0.4501953125,0.49658203125,0.82470703125,1.02378459781619,-0.7502787333268308,-0.9641879892115021,LVG2
65.1620000000035,0.67626953125,0.7197265625,1.25341796875,-0.844994772002133,-1.19618907270831,-1.21428090032045,LVG2
65.1820000000035,0.80810546875,0.62451171875,0.1845703125,-2.91065579524664,-0.488479345527681,-1.3068684886884399,LVG2
65.2020000000035,0.70703125,0.35546875,0.38330078125,-3.8333390034656,0.36609345285734707,-0.791783514319379,LVG2
65.2230000000035,0.74560546875,0.212890625,0.919921875,-4.47400254596595,0.33310247309403995,0.20858813011639601,LVG2
65.2430000000035,0.9677734375,0.43310546875,1.044921875,-5.76384343219591,-0.145798846050746,0.329909797633074,LVG2
65.2630000000034,0.89453125,0.1376953125,0.61181640625,-7.21757499208875,-0.29372614240880196,0.46719484245458,LVG2
65.28700000000339,0.8173828125,-0.1396484375,0.287109375,-6.96961053128711,-0.00212845030731,0.481029769452096,LVG2
65.3070000000034,0.6865234375,-0.1435546875,0.68505859375,-5.6669989432133,0.415047809925481,0.171340249738468,LVG2
65.3280000000034,0.6650390625,0.1728515625,0.60400390625,-5.03165652648121,0.456552590918029,-0.20645967980908497,LVG2
65.3480000000034,0.67578125,-0.3046875,0.10595703125,-4.89862838227433,0.389506406237759,-0.11174364113378302,LVG2
65.36800000000339,0.6650390625,-0.73193359375,0.0859375,-4.00467925320406,0.46080949153264894,-0.33735937370866,LVG2
65.39200000000339,0.806640625,-0.8935546875,0.34423828125,-3.1671340572775097,0.7768843621682081,-0.19156052765791398,LVG2
65.4130000000034,0.15966796875,-2.212890625,-0.44921875,-1.1536200665621101,0.93864658552378,-0.11067941598012801,LVG2
65.43300000000339,0.28857421875,-1.38330078125,0.27099609375,2.7978479289592,-0.39482753200603404,-0.16708334912384698,LVG2
65.4530000000034,0.52392578125,-1.3212890625,0.3115234375,4.24945103854473,-1.42074058012953,0.230936858343152,LVG2
65.4730000000034,0.7734375,-2.14794921875,-0.5673828125,8.95651889316115,-0.791783514319379,-0.026605628841377002,LVG2
65.49300000000339,0.6591796875,-0.50732421875,-0.56884765625,13.196391905323,-0.20752390496273998,-0.702388601412352,LVG2
65.5130000000034,0.67822265625,1.65869140625,0.1083984375,11.117960180234599,-0.6310855161174621,-1.26642793284954,LVG2
65.5330000000034,0.888671875,1.5400390625,0.4990234375,7.86143121005007,0.037247880377928,-1.9975506134105803,LVG2
65.55800000000339,1.0107421875,0.865234375,1.2373046875,4.35055242814196,0.076624211063166,-1.5750532274095201,LVG2
65.5780000000034,0.35546875,0.19384765625,0.822265625,1.2887766610763,-0.258606712338184,-0.9450319364457099,LVG2
65.5980000000034,0.75830078125,-0.17236328125,0.1162109375,1.07380318003797,-0.9365181352164699,-1.50587859242194,LVG2
65.6190000000034,0.85791015625,0.12548828125,0.45263671875,2.4807088331699902,-0.453359915457064,-1.4931078905780801,LVG2
65.63900000000339,0.53369140625,0.5654296875,0.90625,2.85212341179561,-0.389506406237759,-0.7981688652413091,LVG2
65.6630000000034,0.56201171875,0.521484375,0.6552734375,1.04826177635025,-0.7183519787171779,-1.0216561475088801,LVG2
65.68300000000339,0.591796875,0.4658203125,0.396484375,0.764113660324347,-1.01207812112598,-1.3409236936053999,LVG2
65.7030000000034,0.68359375,0.48095703125,0.48974609375,0.6864252241075259,-1.3973276267491201,-1.1110510604158998,LVG2
65.7240000000034,0.87060546875,0.2412109375,0.62841796875,-0.582131159049328,-1.09615190826473,-0.664076495880769,LVG2
65.7440000000034,0.75048828125,0.08349609375,0.58935546875,-0.9939862935138442,-0.669397621649045,-0.661948045573459,LVG2
65.76400000000339,0.7548828125,0.47021484375,0.43505859375,-1.3207034156859498,-0.639599317346702,-0.578938483588363,LVG2
65.78400000000339,0.82373046875,0.49267578125,0.38671875,-1.5271630954950401,-0.693874800183112,-0.244771785340668,LVG2
65.8040000000034,0.82275390625,0.2265625,0.46484375,-0.9897293928992241,-0.661948045573459,-0.055339707990064005,LVG2
65.8240000000034,0.921875,0.27294921875,0.82861328125,-0.788590838858414,-0.632149741271117,-0.254349811723564,LVG2
65.8450000000034,1.03759765625,0.18505859375,0.830078125,-1.03336262419908,-0.385249505623139,-0.120257442363024,LVG2
65.86500000000339,0.98779296875,0.14404296875,0.708984375,-0.715159303256213,-0.078752661370476,0.117064766902059,LVG2
65.88900000000339,0.8486328125,-0.13720703125,0.4248046875,0.36183655224272704,0.011706476690206002,0.18623940188963897,LVG2
65.90900000000339,0.93017578125,0.11962890625,0.77978515625,2.18485424045388,0.27244163933570004,0.27457008964301,LVG2
65.93000000000339,0.83349609375,0.7001953125,0.98876953125,2.79678370380555,0.41824048538644604,0.42249738600106607,LVG2
65.9500000000034,0.70654296875,0.71484375,0.716796875,1.57292477710221,0.259670937491839,0.582131159049328,LVG2
65.9700000000034,0.88671875,0.3408203125,0.484375,0.637470867039392,0.33523092340134997,0.644920443114978,LVG2
65.99000000000339,0.8623046875,0.55078125,0.783203125,0.883306877533716,0.666204946188079,0.6257643903491871,LVG2
66.0100000000034,0.783203125,0.60009765625,0.63818359375,0.21178080557736104,0.642791992807668,0.6970674756440771,LVG2
66.0300000000034,0.73486328125,0.41650390625,0.37841796875,-0.393763306852379,0.6704618468026999,0.6917463498758011,LVG2
66.0510000000034,0.75,0.37109375,0.4677734375,-0.42781851176934205,0.622571714888221,0.7247373296391091,LVG2
66.0710000000034,0.68603515625,0.19091796875,0.38427734375,-0.5235987755982989,0.5076353982934729,0.753471408787796,LVG2
66.0910000000033,0.6591796875,0.095703125,0.3681640625,-0.43313963753761703,0.313946420328248,0.88011420207275,LVG2
66.1110000000033,0.70654296875,0.19775390625,0.41064453125,-0.225615732574877,0.25541403687721903,0.974830240748052,LVG2
66.1310000000033,0.85302734375,0.1552734375,0.64404296875,-0.225615732574877,0.264992063260115,1.14297781502556,LVG2
66.1520000000033,0.84423828125,0.0322265625,0.60986328125,-0.300111493330732,0.511892298908093,1.27600595923244,LVG2
66.1720000000033,0.693359375,0.20458984375,0.4189453125,0.08300956198509599,0.722608879331799,1.01207812112598,LVG2
66.1960000000033,0.78857421875,0.24560546875,0.50146484375,0.356515426474451,0.5427548283640901,1.0259130481235001,LVG2
66.2160000000033,0.83837890625,0.537109375,0.47119140625,0.07130308529489,0.650241568883253,1.1951248475546499,LVG2
66.2370000000033,0.82568359375,0.67626953125,0.3486328125,-1.02697727327715,1.05571135242584,1.41329100405395,LVG2
66.2570000000033,0.5009765625,0.98583984375,0.25634765625,-1.84430219128425,0.9578026382895709,1.37391467336871,LVG2
66.2770000000033,0.3115234375,0.3671875,0.2724609375,-2.0528903214006498,0.768370560938967,1.28451976046168,LVG2
66.2970000000033,0.38134765625,0.14013671875,0.61767578125,-1.29622623715189,0.313946420328248,0.8822426523800608,LVG2
66.3170000000033,0.50146484375,0.46484375,0.62890625,-0.4320754123839621,-0.120257442363024,0.33097402278673,LVG2
66.3380000000033,0.53662109375,0.6123046875,0.5498046875,-0.6055441124297399,-0.127707018438609,-0.20539545465543,LVG2
66.3580000000033,0.45361328125,0.52197265625,0.47314453125,-0.412919359618171,-0.194753203118879,-0.628957065810152,LVG2
66.3770000000033,0.478515625,0.5625,0.79248046875,-0.32565289701845396,-0.44803878968878796,-0.842866321694823,LVG2
66.4020000000033,0.2666015625,0.5859375,1.06298828125,-2.30830435827787,-0.702388601412352,-1.4931078905780801,LVG2
66.4220000000033,0.66796875,0.10302734375,0.52978515625,-3.54706243713238,-0.247964460801633,-1.32496031630057,LVG2
66.4430000000033,1.19091796875,-0.0166015625,0.6591796875,-2.7808203265007205,0.00212845030731,-1.05677557757949,LVG2
66.4630000000033,1.28173828125,0.0576171875,1.01416015625,-2.29340520612669,0.124514342977644,-0.774755911860898,LVG2
66.4830000000033,1.513671875,-0.49658203125,0.93896484375,-2.52966319023812,0.581066933895673,-0.527855676212919,LVG2
66.5030000000033,1.56640625,-0.783203125,0.67626953125,-1.7155309476919902,0.9982431941284642,-0.124514342977644,LVG2
66.5230000000033,1.4443359375,-0.681640625,0.6201171875,-0.87372885115082,0.8641508247679242,0.034055204916963,LVG2
66.5440000000033,1.20263671875,-0.591796875,0.6533203125,-0.764113660324347,0.457616816071684,0.075559985909511,LVG2
66.5640000000033,1.08203125,-0.1943359375,0.80517578125,-0.5565897553616059,0.09471603867530198,0.21923038165294603,LVG2
66.5840000000033,1.08056640625,-0.00830078125,0.95361328125,-0.6970674756440771,0.101101389597233,0.529984126520229,LVG2
66.6040000000033,0.9560546875,0.16748046875,0.73095703125,-1.2568499064666498,0.29479036756245697,0.6821683234929059,LVG2
66.6240000000033,0.935546875,0.1083984375,0.55810546875,-2.31681815950711,0.247964460801633,0.571488907512777,LVG2
66.6440000000033,0.681640625,-0.12109375,0.494140625,-2.66588400990597,0.135156594514195,0.407598233849895,LVG2
66.6640000000033,0.7197265625,-0.65380859375,0.2509765625,-1.61549378324841,-0.415047809925481,0.229872633189497,LVG2
66.6840000000033,0.7685546875,-0.283203125,0.826171875,-0.47358019337651,-0.9609953137505358,0.309689519713628,LVG2
66.7040000000033,0.4814453125,0.1259765625,0.453125,-1.0099496708186702,-1.1898037217863797,0.09365181352164699,LVG2
66.7240000000033,0.45458984375,0.09130859375,0.62548828125,0.195817428272535,-1.47608028811959,-0.056403933143719005,LVG2
66.7450000000033,0.5380859375,-0.001953125,0.6533203125,-0.18091827612136302,-1.66125546485558,-0.22455150742122199,LVG2
66.7650000000033,0.81787109375,-0.4404296875,0.21484375,-0.7609209848633821,-1.77938445691129,-0.42994696207665206,LVG2
66.7850000000033,0.896484375,-0.8369140625,0.0517578125,-0.116000541748404,-1.5420622476462098,-0.06066083375833999,LVG2
66.8090000000033,0.80810546875,-0.7197265625,0.26806640625,1.51119971819021,-0.675782972570975,0.168147574277502,LVG2
66.8290000000033,0.6689453125,-0.2216796875,0.7939453125,2.88937129217354,-0.009578026382896,-0.147927296358056,LVG2
66.8500000000033,0.720703125,-0.4677734375,0.673828125,3.06603266768028,-0.16389067366288199,-0.44803878968878796,LVG2
66.8700000000033,0.80029296875,-0.2919921875,0.24365234375,3.88548603599469,-0.275634314796665,-0.7492145081731759,LVG2
66.8900000000033,0.720703125,0.15234375,-0.0322265625,5.09231736023955,0.46080949153264894,-1.4260617058978102,LVG2
66.9100000000033,0.62353515625,0.68603515625,0.29150390625,6.29914868448441,1.14404204017921,-1.8123754366746003,LVG2
66.9290000000033,0.86279296875,1.1064453125,0.8134765625,6.284249532333241,1.06316092850142,-1.1376566892572801,LVG2
66.9500000000033,0.95751953125,0.47900390625,0.541015625,4.43143353981975,1.22598737701065,-0.5416906032104349,LVG2
66.9700000000033,0.86181640625,0.26904296875,0.69091796875,3.0021791584609803,1.28026285984706,-0.316074870635558,LVG2
66.9950000000033,0.69091796875,0.22314453125,0.5927734375,2.76060004858127,0.7162235284098679,-0.18943207735060397,LVG2
67.0150000000033,0.755859375,0.2265625,0.81201171875,2.7627284988885896,0.300111493330732,0.11280786628743801,LVG2
67.0350000000033,0.7158203125,0.35205078125,0.8916015625,2.3625798411142798,0.238386434418738,0.311817970020938,LVG2
67.0560000000033,0.66796875,0.74560546875,1.01171875,1.26536370769589,0.178789825814053,0.354386976167141,LVG2
67.0760000000032,0.78173828125,0.41943359375,0.767578125,-0.05959660860468499,0.226679957728532,0.292661917255147,LVG2
67.1000000000033,0.90234375,0.25927734375,0.77880859375,0.017027602458481002,0.527855676212919,0.286276566333216,LVG2
67.1200000000033,0.8046875,0.54345703125,0.79541015625,0.319267546096524,0.6885536744148361,0.508699623447128,LVG2
67.1400000000032,0.7734375,0.81396484375,0.89453125,-0.7768843621682081,0.822646043775376,0.38099260500851795,LVG2
67.1610000000032,0.8427734375,0.537109375,0.91650390625,-2.29659788158766,1.0471975511966,0.076624211063166,LVG2
67.18100000000321,0.85302734375,0.22216796875,1.02099609375,-2.97983043023422,1.09083078249646,0.161762223355572,LVG2
67.2010000000032,0.70556640625,0.30712890625,0.8115234375,-2.9585459271611203,0.731122680561039,0.7524071836341409,LVG2
67.2250000000032,0.72998046875,0.1630859375,0.64794921875,-3.97381672374807,-0.27137741418204503,1.31751074022499,LVG2
67.2450000000032,0.9306640625,-0.07275390625,0.64111328125,-3.7364945144829798,-0.580002708742018,1.27387750892513,LVG2
67.2660000000032,0.91552734375,-0.13525390625,0.35205078125,-3.18948278550427,-0.853508573231373,1.75490727837723,LVG2
67.2860000000032,0.984375,-0.291015625,0.3310546875,-3.06603266768028,-0.928004333987229,2.30191900735594,LVG2
67.30600000000321,1.04931640625,-0.03515625,0.73876953125,-3.05006929037546,-0.742829157251245,2.4232406748726203,LVG2
67.3260000000032,0.7724609375,-0.11181640625,0.4912109375,-2.42643335033358,-1.0769958554989398,1.69531066977254,LVG2
67.3460000000032,0.73779296875,-0.2177734375,0.12744140625,-1.67296194154578,-1.48140141388787,1.29090511138361,LVG2
67.3670000000032,0.65185546875,-0.4365234375,0.23388671875,-0.3597081019354171,-1.99542216310327,1.04081220027467,LVG2
67.3870000000032,0.71435546875,-0.18896484375,0.5263671875,-0.078752661370476,-2.29766210674132,0.8247744940826859,LVG2
67.4110000000032,0.81884765625,-0.2109375,-0.01318359375,-0.47783709399113106,-2.0443765201714097,0.7481502830195209,LVG2
67.43100000000321,0.47216796875,-0.17236328125,0.00244140625,-0.7768843621682081,-1.43031860651243,0.576810033281053,LVG2
67.4510000000032,0.38916015625,-0.1875,0.27490234375,-0.5076353982934729,-1.4824656390415298,0.074495760755856,LVG2
67.4720000000032,0.5390625,0.06201171875,0.26318359375,0.015963377304826,-1.1898037217863797,-0.514020749215403,LVG2
67.4920000000032,0.330078125,0.201171875,0.212890625,0.862022374460614,-0.056403933143719005,-1.03016994873812,LVG2
67.5120000000032,0.31005859375,0.73876953125,0.7431640625,1.74320080168702,0.49486469644961206,-1.35688707091023,LVG2
67.53200000000321,0.578125,0.32421875,0.775390625,0.8694719505362,0.20433122950177499,-1.36007974637119,LVG2
67.5520000000032,0.8994140625,0.0068359375,0.47216796875,0.26605628841377,0.220294606806601,-1.50481436726828,LVG2
67.5730000000032,1.24951171875,0.0078125,0.44580078125,0.620443264580911,0.49486469644961206,-1.40052030221008,LVG2
67.5930000000032,1.62939453125,-0.23876953125,0.72412109375,0.8396736462338571,0.8205175934680659,-1.224923151857,LVG2
67.61300000000321,1.509765625,-0.25390625,1.15771484375,0.5980945363541539,0.681104098339251,-1.16532654325231,LVG2
67.63300000000321,1.39697265625,-0.56982421875,0.95458984375,-0.19688165342619002,0.41824048538644604,-0.6736545222636651,LVG2
67.65700000000321,1.23876953125,-0.75,0.75537109375,-0.7736916867072429,0.229872633189497,0.20858813011639601,LVG2
67.67800000000321,1.099609375,-0.38134765625,0.671875,-0.385249505623139,0.20007432888715498,0.41079090931086,LVG2
67.6980000000032,0.87841796875,-0.0380859375,0.76513671875,-0.175597150353088,0.273505864489355,0.34055204916962495,LVG2
67.7180000000032,0.84130859375,-0.0341796875,0.74755859375,-0.8971418045312322,-0.101101389597233,0.7949761897803441,LVG2
67.73800000000321,0.68896484375,0.06689453125,0.29150390625,-1.77406333114302,-0.28946924179418104,1.02378459781619,LVG2
67.75800000000321,0.44384765625,0.11328125,0.1513671875,-2.91916959647588,-0.20965235527005102,0.9226832082189541,LVG2
67.7780000000032,0.3330078125,-0.06494140625,0.27294921875,-0.553397079900641,0.2788269902576311,-0.145798846050746,LVG2
67.7980000000032,0.59716796875,-0.06396484375,0.33154296875,-0.5235987755982989,0.267120513567425,-0.237322209265083,LVG2
67.81800000000321,0.8681640625,-0.197265625,0.20361328125,-0.822646043775376,0.230936858343152,-0.228808408035842,LVG2
67.8380000000032,0.8203125,-0.25537109375,0.16552734375,-0.7162235284098679,0.36290077739638205,-0.334166698247695,LVG2
67.8580000000031,0.80517578125,-0.078125,0.3388671875,-0.264992063260115,0.5597824308225721,-0.5980945363541539,LVG2
67.8790000000032,0.88916015625,-0.11279296875,0.56005859375,-0.11387209144109299,0.7651778854780021,-0.775820137014553,LVG2
67.8990000000031,1.01611328125,-0.125,0.63134765625,-0.29372614240880196,0.982279816823638,-0.9226832082189541,LVG2
67.9190000000031,0.84326171875,-0.0830078125,0.85693359375,-0.7736916867072429,1.60910843232648,-1.17064766902059,LVG2
67.9390000000031,0.763671875,-0.01025390625,1.00830078125,-1.35369439544926,1.78896248329419,-1.16639076840597,LVG2
67.9590000000031,0.78076171875,-0.08935546875,0.92041015625,-1.73787967591874,1.35263017029561,-0.829031394697307,LVG2
67.9790000000031,0.79150390625,-0.13720703125,0.6552734375,-1.530355770956,0.9429034861384,-0.623635940041876,LVG2
67.9990000000031,0.6328125,-0.16455078125,0.31640625,-0.870536175689855,1.08657388188184,-0.620443264580911,LVG2
68.0190000000031,0.37841796875,-0.30712890625,0.626953125,0.636406641885737,1.2238589267033402,-0.8790499769190949,LVG2
68.0390000000031,0.47607421875,0.2080078125,0.92919921875,1.66338391516289,0.738572256636625,-1.3781715739833302,LVG2
68.0590000000031,0.380859375,0.06689453125,0.81298828125,0.6949390253367671,0.40653400869623996,-1.6963748949261999,LVG2
68.0790000000031,0.82568359375,-0.6689453125,0.64892578125,-0.124514342977644,0.18304672642867398,-1.6846684182359901,LVG2
68.1000000000031,1.38720703125,-0.8955078125,0.8076171875,0.19794587857984502,0.267120513567425,-0.974830240748052,LVG2
68.1200000000031,1.52587890625,-0.81591796875,0.56787109375,0.18623940188963897,0.4320754123839621,-0.21603770619198104,LVG2
68.1390000000031,1.4365234375,-0.34033203125,0.1982421875,0.7939119646266891,0.4714517430692,-0.076624211063166,LVG2
68.1600000000031,1.2783203125,-0.09716796875,0.48681640625,2.0443765201714097,0.483158219759406,-0.346937400091556,LVG2
68.1800000000031,1.0400390625,-0.0576171875,0.6962890625,2.72548061851066,0.328845572479419,-0.382056830162173,LVG2
68.2000000000031,0.79052734375,-0.15576171875,0.69970703125,3.17564785850676,-0.515084974369058,0.156441097587297,LVG2
68.2200000000031,0.845703125,0.1748046875,0.6982421875,4.08023923911357,-1.0142065714332902,0.689617899568491,LVG2
68.24000000000309,0.947265625,0.6318359375,0.58447265625,4.09300994095743,-0.28201966571859605,0.297983043023422,LVG2
68.2600000000031,0.7802734375,0.56640625,0.2548828125,3.18203320942869,0.40653400869623996,0.10429406505819801,LVG2
68.2800000000031,0.791015625,0.26953125,0.1611328125,3.00005070815367,0.355451201320796,0.37886415470120793,LVG2
68.3000000000031,0.79345703125,0.228515625,0.59423828125,3.57366806597376,0.323524446711144,0.23200108349680698,LVG2
68.3200000000031,0.81298828125,0.2919921875,0.76708984375,2.4913510847065403,0.555525530207951,0.240514884726048,LVG2
68.3400000000031,0.763671875,0.3818359375,0.80615234375,1.2791986346934099,0.744957607558555,0.5523328547469859,LVG2
68.3600000000031,0.75830078125,0.3837890625,0.68798828125,0.169211799431158,0.446974564535133,0.850315897770408,LVG2
68.3800000000031,0.8310546875,0.47900390625,0.91064453125,-1.6825399679286799,0.037247880377928,1.00782122051136,LVG2
68.4010000000031,0.77197265625,0.90283203125,1.02978515625,-3.4725666763765197,-0.13622081966785002,0.8396736462338571,LVG2
68.4250000000031,0.97998046875,0.427734375,0.232421875,-5.872394397868731,-0.19688165342619002,0.857765473845994,LVG2
68.4450000000031,1.02392578125,0.28271484375,0.2314453125,-4.74963686076262,0.42675428661568704,0.30436839394535303,LVG2
68.4650000000031,1.01416015625,0.07421875,0.6298828125,-4.050440934811229,0.639599317346702,-0.011706476690206002,LVG2
68.4860000000031,0.6806640625,-0.16650390625,0.66748046875,-4.50805775088292,-0.19049630250425897,0.10322983990454301,LVG2
68.5060000000031,0.6025390625,-0.7021484375,0.50390625,-3.9067705390678,-0.862022374460614,0.5076353982934729,LVG2
68.5260000000031,0.634765625,-0.73681640625,0.5927734375,-1.9273117532693502,-1.3217676408396102,0.8056184413168951,LVG2
68.5460000000031,0.75244140625,-0.3291015625,0.55322265625,-0.608736787890705,-1.21640935062776,0.6119294633516701,LVG2
68.566000000003,0.76904296875,-0.1484375,0.60546875,-0.20858813011639601,-0.7236731044854541,0.6257643903491871,LVG2
68.586000000003,0.70947265625,-0.12353515625,0.5673828125,-0.492736246142302,-0.8556370235386841,0.8237102689290309,LVG2
68.60600000000301,0.63134765625,-0.23291015625,0.4501953125,-0.377799929547553,-0.919490532757988,0.7002601511050419,LVG2
68.631000000003,0.708984375,-0.234375,0.44970703125,-0.354386976167141,-1.2579141316203002,0.8364809707728921,LVG2
68.65100000000301,0.71826171875,-0.3828125,0.21875,-0.8194533683144108,-1.8038616354453603,0.969509114979777,LVG2
68.671000000003,0.82861328125,-0.46923828125,0.3310546875,-0.818389143160756,-2.0081928649471297,1.05996825304046,LVG2
68.692000000003,0.8525390625,-0.38623046875,0.4560546875,-0.5012500473715421,-1.56334675071931,1.01101389597233,LVG2
68.712000000003,0.673828125,-0.37548828125,0.35009765625,-0.516149199522713,-0.907784056067782,0.779012812475518,LVG2
68.73100000000301,0.66845703125,-0.28564453125,0.20849609375,-0.17666137550674302,-0.017027602458481002,0.334166698247695,LVG2
68.75200000000301,0.76171875,-0.42138671875,0.2421875,0.60128721181512,0.908848281221438,-0.20220277919446497,LVG2
68.772000000003,0.87841796875,-0.70947265625,0.3203125,1.66125546485558,1.82408191336481,-0.893949129070266,LVG2
68.79100000000301,0.80517578125,-0.42822265625,0.76123046875,3.03623436337794,2.5360485411600497,-1.4441535335099398,LVG2
68.81200000000301,0.48779296875,0.26220703125,1.142578125,3.2905841751015004,2.43281870125551,-1.20363864878389,LVG2
68.832000000003,0.37890625,0.19384765625,0.8603515625,2.2550931005951096,1.3068684886884399,-0.435268087844927,LVG2
68.852000000003,0.84619140625,-0.177734375,0.3916015625,2.07417482447375,0.683232548646561,-0.239450659572393,LVG2
68.872000000003,0.84423828125,-0.16552734375,0.400390625,2.28808408035842,1.1142437358768702,-0.4714517430692,LVG2
68.89200000000301,0.6845703125,0.04833984375,0.8662109375,1.6750903918530902,0.974830240748052,-0.636406641885737,LVG2
68.91300000000301,0.6728515625,-0.2646484375,0.728515625,0.8173249180071009,0.42781851176934205,-0.5565897553616059,LVG2
68.933000000003,0.7548828125,-0.064453125,0.6162109375,1.06209670334777,0.137285044821505,-0.548075954132366,LVG2
68.953000000003,0.78173828125,0.06640625,0.78564453125,1.10466570949397,0.06385350921930501,-0.27457008964301,LVG2
68.977000000003,0.76025390625,-0.037109375,0.8515625,0.242643335033358,0.029798304302342003,-0.065981959526615,LVG2
68.998000000003,0.8564453125,-0.1787109375,0.81787109375,0.253285586569909,0.04150478099254799,0.010642251536551002,LVG2
69.018000000003,0.8759765625,-0.0341796875,0.875,0.005321125768275,0.034055204916963,0.029798304302342003,LVG2
69.03800000000301,0.84765625,-0.14404296875,0.517578125,-0.20858813011639601,0.061725058911995,-0.10961519082647302,LVG2
69.058000000003,0.7568359375,-0.04541015625,0.43896484375,0.309689519713628,-0.042569006146202994,-0.12983546874592,LVG2
69.078000000003,0.80859375,-0.0146484375,0.794921875,0.580002708742018,-0.10855096567281801,-0.09897293928992199,LVG2
69.097000000003,0.75,0.107421875,0.845703125,0.642791992807668,-0.043633231299858,-0.08513801229240599,LVG2
69.11800000000301,0.64404296875,0.07421875,0.60546875,0.238386434418738,0.09684448898261201,-0.20752390496273998,LVG2
69.138000000003,0.685546875,-0.0654296875,0.53466796875,0.29372614240880196,0.164954898816537,-0.267120513567425,LVG2
69.158000000003,0.7275390625,-0.08935546875,0.68310546875,0.6513057940369079,0.20007432888715498,-0.329909797633074,LVG2
69.17800000000301,0.78076171875,0.0517578125,0.833984375,0.690682124722146,-0.235193758957772,-0.19049630250425897,LVG2
69.198000000003,0.9755859375,-0.04736328125,0.43017578125,0.74602183271221,-0.235193758957772,-0.032990979763308,LVG2
69.218000000003,1.01416015625,-0.123046875,0.35009765625,1.8858069722768,0.26179938779914896,0.174532925199433,LVG2
69.238000000003,0.85791015625,0.15087890625,0.72509765625,2.5424338920819802,0.43846076330589295,0.367157678011002,LVG2
69.25800000000301,0.7509765625,0.32080078125,0.90576171875,1.60485153171186,0.346937400091556,0.320331771250179,LVG2
69.278000000003,0.74365234375,0.4990234375,1.04931640625,0.7055812768733171,0.260735162645494,0.20645967980908497,LVG2
69.298000000003,0.748046875,0.85009765625,1.08740234375,-0.04895435706813401,0.056403933143719005,0.09578026382895699,LVG2
69.319000000003,0.84814453125,0.4658203125,0.72265625,-2.1614412870734703,-0.324588671864799,0.152184196972676,LVG2
69.339000000003,0.96826171875,0.09912109375,0.8427734375,-3.45766752422535,-0.401212882927965,0.101101389597233,LVG2
69.35900000000301,0.9931640625,-0.0546875,0.77392578125,-3.4715024512228703,0.12983546874592,0.04789013191447901,LVG2
69.379000000003,1.00341796875,-0.24169921875,0.66259765625,-3.7503294414805,0.807746891624205,0.07023886014123501,LVG2
69.403000000003,0.62646484375,-0.45263671875,0.38623046875,-3.9067705390678,0.639599317346702,0.53211257682754,LVG2
69.424000000003,0.6611328125,-0.3515625,0.677734375,-2.40302039695317,0.308625294559973,0.4991215970642321,LVG2
69.444000000003,0.759765625,-0.109375,0.94580078125,-1.68573264338965,0.20539545465543,0.27669853995032107,LVG2
69.464000000003,0.86865234375,-0.2158203125,0.6923828125,-2.57436064669164,-0.124514342977644,0.39695598231334395,LVG2
69.48400000000301,0.72802734375,-0.2841796875,0.466796875,-2.86808678910044,-0.141541945436126,0.9035271554531621,LVG2
69.504000000003,0.60546875,-0.21630859375,0.76708984375,-2.3189466098144202,-0.291597692101492,1.1376566892572801,LVG2
69.5240000000029,0.8720703125,-0.1982421875,0.8125,-2.47645193255537,-0.575745808127398,1.11530796103052,LVG2
69.5440000000029,0.66357421875,-0.46337890625,0.36083984375,-2.84148116025906,-0.377799929547553,1.28239131015437,LVG2
69.5650000000029,0.537109375,-0.494140625,0.27783203125,-2.0050001894861698,-0.28308389087225105,0.920554757911643,LVG2
69.58500000000289,0.767578125,-0.4052734375,0.6103515625,-1.1248859874134198,-0.7109024026415931,1.1036014843403201,LVG2
69.6090000000029,0.634765625,-0.58056640625,0.5654296875,-1.6655123654702,-0.7736916867072429,1.3845569249052598,LVG2
69.6300000000029,0.4111328125,-0.78271484375,0.20751953125,-1.6484847630117199,-0.628957065810152,1.0163350217406,LVG2
69.6500000000029,0.53125,-1.02734375,-0.0791015625,-0.058532383451029006,-0.348001625245211,0.683232548646561,LVG2
69.6700000000029,0.294921875,-0.78662109375,0.2734375,2.05076187109334,0.6002229866614649,0.20326700434811998,LVG2
69.6900000000029,0.56005859375,-0.728515625,0.5166015625,3.23311601680413,0.744957607558555,-0.543819053517745,LVG2
69.71000000000289,0.58544921875,-0.771484375,0.20068359375,4.32288257414693,0.860958149306959,-0.881178427226405,LVG2
69.7300000000029,0.48486328125,-0.43359375,0.09765625,6.07353295190954,0.9120409566824029,-0.8396736462338571,LVG2
69.7500000000029,0.30224609375,0.19482421875,0.94384765625,6.5162506158300495,0.915233632143368,-0.648113118575943,LVG2
69.7700000000029,0.48828125,0.14599609375,1.09130859375,5.115730313619969,0.562975106283537,-0.38312105531582796,LVG2
69.7900000000029,0.66552734375,-0.0556640625,1.03466796875,4.19411133055467,0.28308389087225105,-0.06278928406565,LVG2
69.8100000000029,0.6572265625,0.17333984375,0.9853515625,3.8450454801558,0.26392783810646,-0.037247880377928,LVG2
69.8300000000029,0.53759765625,0.47509765625,0.89208984375,2.91491269586126,0.38844218108410405,-0.014899152151171002,LVG2
69.8500000000029,0.64111328125,0.205078125,0.69921875,1.2696206083105102,0.19156052765791398,0.075559985909511,LVG2
69.8710000000029,0.7744140625,0.09765625,0.89013671875,0.33948782401597,0.040440555838893,-0.036183655224273,LVG2
69.8950000000029,0.71728515625,0.140625,1.0419921875,0.08513801229240599,0.18943207735060397,-0.19368897796522402,LVG2
69.9150000000029,0.64794921875,0.16943359375,1.119140625,-0.11280786628743801,0.290533466947837,-0.37035035347196704,LVG2
69.9360000000029,0.75048828125,-0.1142578125,0.9052734375,-0.53424102713485,0.332038247940385,-0.562975106283537,LVG2
69.9560000000029,0.87451171875,-0.2177734375,0.75830078125,-0.692810575029456,0.329909797633074,-0.48209399460575103,LVG2
69.9760000000029,0.8486328125,0.27392578125,0.97119140625,-1.33028144206885,0.571488907512777,-0.403341333235275,LVG2
69.9960000000029,0.783203125,0.41455078125,0.974609375,-3.12988617689959,0.829031394697307,-0.5831953842029829,LVG2
70.0150000000029,0.7998046875,-0.39453125,0.36083984375,-3.10328054805821,0.5384979277494699,-0.40866245900354997,LVG2
70.0360000000029,0.55615234375,-0.525390625,0.51708984375,-0.7843339382437929,0.20326700434811998,-0.022348728226757004,LVG2
70.0560000000029,0.39599609375,0.36083984375,1.2451171875,-1.99542216310327,-0.18730362704329398,0.22135883196025602,LVG2
70.07600000000289,0.61669921875,0.0712890625,0.98291015625,-4.08768881518916,-0.27244163933570004,0.10748674051916302,LVG2
70.0960000000029,0.68310546875,-0.35986328125,0.53662109375,-4.1387716225646,-0.34161627432328,0.10855096567281801,LVG2
70.1160000000029,0.6484375,-0.4228515625,0.55712890625,-2.5254062896235,-0.229872633189497,0.36077232708907203,LVG2
70.1370000000029,0.57666015625,-0.06884765625,1.02392578125,-2.8691510142540895,-0.13834926997516,0.376735704393898,LVG2
70.1570000000029,0.81884765625,-0.26416015625,0.82373046875,-4.1792121784035,-0.042569006146202994,0.763049435170692,LVG2
70.1770000000029,0.5703125,-0.57177734375,0.33154296875,-3.74926521632684,0.124514342977644,0.7513429584804859,LVG2
70.1970000000029,0.41162109375,-0.759765625,0.43896484375,-1.9826514612594097,0.222423057113912,0.42781851176934205,LVG2
70.2210000000029,0.51025390625,-0.51904296875,0.9150390625,-1.80173318513805,0.168147574277502,0.36928612831831203,LVG2
70.2420000000029,0.62060546875,-0.61474609375,0.63037109375,-2.56903952092336,0.126642793284954,0.444846114227823,LVG2
70.2620000000029,0.56787109375,-0.7626953125,0.39404296875,-2.26360690182435,0.21603770619198104,0.7215446541781441,LVG2
70.2820000000029,0.576171875,-0.53955078125,0.64306640625,-1.40158452736374,0.118128992055714,0.6247001651955311,LVG2
70.3020000000029,0.7451171875,-0.634765625,0.75390625,-1.76129262929916,-0.053211257682754004,0.7279300051000741,LVG2
70.3260000000028,0.92529296875,-0.814453125,0.53076171875,-2.32320351042904,0.10429406505819801,1.04081220027467,LVG2
70.3470000000029,0.5087890625,-0.7421875,0.42822265625,-2.21571676990987,0.576810033281053,1.1004088088793502,LVG2
70.3670000000029,0.60595703125,-0.68017578125,0.5810546875,-2.40727729756779,0.46400216699361496,1.4377681825880102,LVG2
70.3870000000028,0.64892578125,-1.0703125,0.62744140625,-2.36470829142159,0.7002601511050419,1.74852192745529,LVG2
70.4070000000028,0.50634765625,-1.05029296875,0.60693359375,-1.42819015620512,1.30154736292016,2.2082671938342897,LVG2
70.42700000000279,0.3056640625,-0.7646484375,0.60888671875,-1.13552823894997,1.66764081577751,2.24445084905856,LVG2
70.44700000000279,0.33251953125,-0.90185546875,0.55078125,-1.76661375506743,1.62400758447765,1.6452920875507502,LVG2
70.46800000000279,0.42529296875,-1.3466796875,0.0751953125,-1.8325957145940501,1.44734620897091,1.6346498360141999,LVG2
70.4880000000028,0.2060546875,-1.34228515625,-0.234375,-0.594901860893189,1.46330958627573,1.9581742827253499,LVG2
70.5120000000028,-0.3203125,-0.89111328125,-0.0498046875,0.8130680173924799,1.2238589267033402,1.7815129072186002,LVG2
70.5330000000028,-0.578125,-0.73876953125,0.2060546875,1.07593163034528,0.9290685591408839,1.43883240774167,LVG2
70.5530000000028,-0.5869140625,-0.7041015625,0.193359375,1.37391467336871,0.367157678011002,1.05996825304046,LVG2
70.57300000000279,-0.58740234375,-0.6240234375,0.04638671875,1.93901822995955,0.044697456453513,0.8950133542239208,LVG2
70.59300000000279,-0.4658203125,-0.6044921875,-0.00927734375,2.51157136262599,-0.286276566333216,0.6129936885053261,LVG2
70.6130000000028,-0.296875,-0.486328125,0.23486328125,3.1618129315092403,-0.582131159049328,0.35757965162810706,LVG2
70.6330000000028,-0.1640625,-0.6337890625,0.41455078125,2.94151832470264,-0.8194533683144108,0.36396500255003705,LVG2
70.65300000000279,-0.068359375,-0.759765625,0.5361328125,2.7339944197398998,-0.9322612346018492,0.311817970020938,LVG2
70.6730000000028,-0.04931640625,-1.0087890625,0.51708984375,2.63289303014267,-0.876921526611785,0.31820332094286896,LVG2
70.6930000000028,0.0576171875,-1.07666015625,0.60205078125,2.92768339770512,-0.941839260984745,0.401212882927965,LVG2
70.7130000000028,0.3037109375,-0.6923828125,0.85009765625,3.03836281368525,-1.02697727327715,0.5076353982934729,LVG2
70.73300000000279,0.302734375,-0.46435546875,0.97607421875,2.58925979884281,-0.8130680173924799,0.788590838858414,LVG2
70.7530000000028,0.13525390625,-0.681640625,0.73779296875,1.85813711828177,-0.660883820419804,1.08018853095991,LVG2
70.7730000000028,-0.01318359375,-0.4853515625,0.5322265625,1.8325957145940501,-0.709838177487938,1.02378459781619,LVG2
70.79300000000279,-0.03369140625,-0.185546875,0.5302734375,1.87729317104756,-0.867343500228889,0.6949390253367671,LVG2
70.81400000000279,-0.18212890625,-0.3076171875,0.34130859375,1.8570728931281102,-0.9429034861384,0.558718205668917,LVG2
70.8380000000028,-0.28369140625,0.08251953125,0.29296875,2.77337075042514,-1.07486740519163,0.21923038165294603,LVG2
70.8590000000028,-0.12744140625,0.1865234375,0.388671875,3.091574071368,-1.4516031095855302,-0.013834926997516001,LVG2
70.87900000000279,0.048828125,0.119140625,0.37890625,3.4640528751472797,-1.93476132934493,-0.21497348103832603,LVG2
70.8990000000028,0.22412109375,0.3837890625,0.6796875,3.47363090153018,-2.31043280858518,-0.681104098339251,LVG2
70.9190000000028,0.50537109375,0.43505859375,0.9716796875,2.33703843742655,-2.53392009085274,-1.1004088088793502,LVG2
70.93900000000279,0.642578125,-0.017578125,0.9775390625,1.07167472973066,-2.418983774258,-1.17171189417424,LVG2
70.9600000000028,0.59521484375,-0.259765625,0.87548828125,0.973766015594397,-2.0358627189421696,-1.06635360396239,LVG2
70.98000000000279,0.58642578125,-0.10595703125,1.05810546875,1.2451434297764399,-1.66444814031654,-1.15681274202307,LVG2
71.0000000000028,0.6357421875,-0.46044921875,1.32763671875,0.6949390253367671,-1.63039293539958,-0.838609421080202,LVG2
71.0240000000028,0.677734375,-0.45263671875,1.4638671875,-0.630021290963807,-1.37391467336871,-0.621507489734566,LVG2
71.0450000000028,0.73193359375,-0.19970703125,1.05712890625,-1.6346498360141999,-0.9524815125212959,-0.5459475038250561,LVG2
71.0650000000028,0.88134765625,-0.49267578125,0.9443359375,-1.90815570050356,-0.4969931467569221,-0.571488907512777,LVG2
71.0850000000028,0.89990234375,-0.59814453125,0.998046875,-1.59420928017531,-0.254349811723564,-0.533176801981195,LVG2
71.1050000000027,0.86181640625,-0.5556640625,1.10888671875,-1.17916147024983,-0.025541403687721998,-0.28734079148687103,LVG2
71.1250000000027,0.87548828125,-0.48291015625,1.31103515625,-1.2887766610763,0.20113855404081,0.007449576075585999,LVG2
71.14400000000279,0.85107421875,-0.31591796875,1.2880859375,-1.69211799431158,0.297983043023422,0.18198250127501897,LVG2
71.16500000000279,0.7080078125,-0.228515625,1.14599609375,-2.09652355270051,0.349065850398866,0.27457008964301,LVG2
71.1850000000027,0.55419921875,-0.31494140625,1.08447265625,-1.56228252556566,0.336295148555005,0.27244163933570004,LVG2
71.2050000000027,0.47509765625,-0.30517578125,1.083984375,-0.830095619850962,0.18304672642867398,0.26392783810646,LVG2
71.2250000000027,0.45458984375,-0.29638671875,1.08935546875,-0.999307419282119,-0.009578026382896,0.290533466947837,LVG2
71.2450000000027,0.47705078125,-0.48388671875,1.00390625,-1.03016994873812,-0.26179938779914896,0.407598233849895,LVG2
71.2660000000027,0.51953125,-0.67236328125,0.92578125,0.20858813011639601,-0.529984126520229,0.768370560938967,LVG2
71.2860000000027,0.6640625,-0.79931640625,0.89990234375,2.31681815950711,-0.445910339381478,1.22598737701065,LVG2
71.3060000000027,0.64111328125,-0.6796875,0.55615234375,3.8546235065387005,-0.37460725408658796,1.75490727837723,LVG2
71.3260000000027,0.5595703125,-0.26171875,0.474609375,3.64071425065403,-0.7949761897803441,2.38599279449469,LVG2
71.3460000000027,0.54833984375,0.05078125,0.60400390625,3.42361231930839,-1.0684820542697,2.57436064669164,LVG2
71.3660000000027,0.39111328125,0.6162109375,0.763671875,3.60453059542975,-0.8747930763044749,2.18804691591484,LVG2
71.3860000000027,0.12646484375,0.6884765625,0.7255859375,3.1064732235191803,-0.9397108106774351,1.91134837596452,LVG2
71.4060000000027,-0.0078125,0.08251953125,0.3740234375,3.43106189538397,-1.87410049558659,1.94540358088148,LVG2
71.4260000000027,0.25634765625,0.15869140625,0.658203125,3.32038247940385,-2.58925979884281,2.24232239875125,LVG2
71.4460000000027,0.44140625,-0.45068359375,0.7431640625,3.3523092340135,-2.6648197847523196,1.9134768262718302,LVG2
71.4670000000027,0.4150390625,0.23291015625,0.79541015625,2.70845301605218,-2.5445623423892902,1.02910572358446,LVG2
71.4870000000027,0.6435546875,0.1611328125,0.94873046875,1.4239332555905,-2.1092942545443703,0.474644418530165,LVG2
71.5070000000027,0.90625,-0.21044921875,1.32421875,1.6580627893946103,-1.3270887666078799,0.011706476690206002,LVG2
71.5270000000027,0.84326171875,-0.34033203125,1.3525390625,0.893949129070266,-0.814132242546135,-0.08833068775337198,LVG2
71.5470000000027,0.7958984375,-0.4169921875,0.9423828125,0.34161627432328,-0.391634856545069,-0.145798846050746,LVG2
71.5670000000027,0.7578125,-0.3212890625,0.77685546875,-0.08300956198509599,-0.051082807375443996,-0.014899152151171002,LVG2
71.5870000000027,0.6845703125,-0.515625,0.99267578125,0.21816615649929103,0.18091827612136302,-0.06385350921930501,LVG2
71.6120000000027,0.265625,-0.12646484375,0.5068359375,0.570424682359122,0.46293794183995896,-0.258606712338184,LVG2
71.6320000000027,-0.0341796875,0.10595703125,0.4150390625,0.11174364113378302,0.41079090931086,-0.324588671864799,LVG2
71.6520000000027,0.19775390625,-0.033203125,1.08935546875,-0.122385892670334,0.027669853995032002,-0.47677286883747494,LVG2
71.6730000000027,0.38720703125,0.419921875,1.46484375,0.254349811723564,0.06491773437296,-0.870536175689855,LVG2
71.6930000000027,0.37890625,1.47314453125,1.17578125,-0.045761681607168,0.322460221557489,-1.5282273206486898,LVG2
71.7130000000027,0.6083984375,1.56787109375,1.1640625,-1.46543803658304,0.20858813011639601,-2.13909255884671,LVG2
71.7330000000027,1.4638671875,0.55126953125,1.05908203125,-3.6173012972736096,-0.036183655224273,-2.40302039695317,LVG2
71.7530000000027,1.802734375,-0.60888671875,0.54833984375,-3.96317447221151,0.20645967980908497,-1.8315314894403898,LVG2
71.7730000000027,1.80810546875,-0.6044921875,0.49169921875,-2.40408462210682,0.479965544298441,-0.74602183271221,LVG2
71.79300000000269,1.7197265625,0.05322265625,0.45361328125,-1.80066895998439,0.689617899568491,0.11387209144109299,LVG2
71.8130000000027,1.3330078125,0.3798828125,0.21533203125,-2.1210007312345702,1.0354910745063899,0.7577283094024159,LVG2
71.8330000000026,0.9091796875,0.009765625,-0.0068359375,-2.55520459392584,1.1951248475546499,1.0354910745063899,LVG2
71.8530000000026,0.65966796875,-0.193359375,-0.09375,-2.31043280858518,1.0833812064208699,0.818389143160756,LVG2
71.8740000000026,0.6416015625,-0.2841796875,0.18408203125,-1.46969493719766,0.7236731044854541,0.667269171341735,LVG2
71.89400000000259,0.6396484375,-0.3798828125,0.490234375,-0.7055812768733171,0.549140179286021,0.714095078102558,LVG2
71.91400000000259,0.271484375,-0.19287109375,0.5830078125,-0.126642793284954,0.47570864368382,0.684296773800216,LVG2
71.9340000000026,0.2119140625,-0.08544921875,0.798828125,-0.009578026382896,0.160697998201917,0.349065850398866,LVG2
71.9580000000026,0.3193359375,-0.1962890625,0.89453125,-0.307561069406318,0.065981959526615,-0.012770701843860999,LVG2
71.9790000000026,0.4423828125,-0.46240234375,1.041015625,-0.34374472463059,0.119193217209369,-0.21710193134563602,LVG2
71.9990000000026,0.48779296875,-0.51220703125,1.1953125,-0.09471603867530198,0.170276024584813,-0.28308389087225105,LVG2
72.01900000000259,0.55078125,-0.3505859375,1.189453125,-0.27244163933570004,0.236257984111428,-0.19368897796522402,LVG2
72.03900000000259,0.54345703125,-0.3369140625,1.0732421875,-0.7715632363999321,0.311817970020938,0.010642251536551002,LVG2
72.0590000000026,0.36572265625,-0.2314453125,0.92724609375,-0.5863880596639489,0.34161627432328,-0.055339707990064005,LVG2
72.0790000000026,0.31787109375,-0.24755859375,0.8408203125,0.039376330685238,0.356515426474451,-0.30117571848438696,LVG2
72.09900000000259,0.25732421875,0.0029296875,0.84130859375,0.645984668268633,0.38844218108410405,-0.570424682359122,LVG2
72.1190000000026,0.22705078125,0.052734375,0.93408203125,0.46719484245458,0.20965235527005102,-0.722608879331799,LVG2
72.1390000000026,0.1884765625,0.400390625,1.0361328125,0.46719484245458,0.18091827612136302,-1.06635360396239,LVG2
72.15900000000259,0.10693359375,0.54052734375,0.73486328125,-0.077688436216821,0.300111493330732,-1.69743912007985,LVG2
72.17900000000259,0.18505859375,0.06884765625,0.3447265625,-1.0684820542697,0.09684448898261201,-2.08800975147126,LVG2
72.20000000000259,0.30419921875,-0.1220703125,0.083984375,-0.5874522848176039,-0.42994696207665206,-2.19017536622215,LVG2
72.22400000000259,0.5244140625,-0.1650390625,0.20361328125,0.6310855161174621,-1.38668537521257,-2.19868916745139,LVG2
72.2440000000026,0.85693359375,-0.57958984375,0.76416015625,0.42781851176934205,-1.56653942618028,-2.11142270485168,LVG2
72.2640000000026,0.92578125,-0.9404296875,1.31787109375,0.515084974369058,-1.42180480528319,-1.81876078759653,LVG2
72.2850000000026,0.75537109375,-0.48828125,1.71875,0.970573340133432,-1.28771243592265,-1.42819015620512,LVG2
72.3050000000026,0.87939453125,-0.3046875,1.9140625,-0.001064225153655,-1.06635360396239,-1.21640935062776,LVG2
72.32500000000259,1.09521484375,-0.5947265625,1.83837890625,-0.731122680561039,-0.7853981633974481,-0.7183519787171779,LVG2
72.3450000000026,1.30615234375,-0.42724609375,1.7646484375,-0.664076495880769,-0.38099260500851795,0.086202237446062,LVG2
72.3650000000026,1.427734375,0.40869140625,1.51806640625,-1.2206662512423798,0.449103014842443,0.514020749215403,LVG2
72.38500000000259,1.134765625,0.72314453125,0.82568359375,-3.45341062361073,1.4292543813587701,0.9365181352164699,LVG2
72.40500000000259,1.07080078125,-0.02099609375,0.41455078125,-4.28669891892266,1.46756648689035,1.37497889852236,LVG2
72.4250000000026,1.15478515625,-0.36328125,0.49365234375,-1.7272374243821897,1.1110510604158998,1.8304672642867401,LVG2
72.4450000000026,1.4609375,-0.375,0.55078125,0.9833440419772929,0.515084974369058,2.09013820177858,LVG2
72.46500000000259,1.623046875,-0.404296875,0.54150390625,2.71058146635949,0.292661917255147,2.09545932754685,LVG2
72.4860000000025,1.50146484375,-0.39990234375,0.39501953125,3.49704385491059,0.959931088596881,2.3178823846607597,LVG2
72.5060000000025,1.18212890625,-0.67138671875,0.0126953125,3.11817970020938,1.6250718096313101,2.70206766513025,LVG2
72.5300000000025,0.9443359375,0.07275390625,0.126953125,3.85036660592408,1.9485962563424502,2.65737020867673,LVG2
72.5500000000025,0.58447265625,0.24658203125,0.1669921875,2.8574445375638904,2.09971622816147,2.7510220221983794,LVG2
72.5700000000025,0.19921875,0.1044921875,0.18408203125,2.01351399071541,2.06991792385913,2.80210482957382,LVG2
72.5910000000025,-0.2001953125,0.302734375,0.09814453125,2.19017536622215,1.49630056603904,2.8255177829542406,LVG2
72.6110000000025,-0.6162109375,0.65625,0.19873046875,2.46261700555785,0.435268087844927,2.87234368971506,LVG2
72.6310000000025,-1.12451171875,0.16748046875,0.2861328125,0.06278928406565,-0.715159303256213,2.9521605762391903,LVG2
72.6510000000025,-0.89794921875,-1.0087890625,0.12548828125,-1.52290619488042,-2.08588130116396,2.4211122245652996,LVG2
72.6710000000025,-0.4521484375,0.17626953125,0.166015625,1.4537315598928402,-2.8702152394077496,0.8641508247679242,LVG2
72.6910000000025,-0.20703125,0.80517578125,-0.2666015625,3.06390421737297,-3.1841616597359996,0.042569006146202994,LVG2
72.7120000000025,0.37451171875,0.96044921875,0.10693359375,4.01638572989427,-3.54067708621045,-0.27137741418204503,LVG2
72.7360000000025,0.8662109375,1.6181640625,1.55908203125,1.91986217719376,-2.71058146635949,-1.31431806476402,LVG2
72.7560000000025,1.36962890625,0.4541015625,2.3193359375,0.2788269902576311,-1.44202508320263,-1.3781715739833302,LVG2
72.7760000000025,1.21875,0.09326171875,2.01806640625,-0.7694347860926222,-0.348001625245211,-1.26536370769589,LVG2
72.7970000000025,1.07958984375,-0.25732421875,1.7021484375,-2.43175447610186,0.46506639214726997,-0.8864995529946809,LVG2
72.8170000000025,1.18408203125,-0.294921875,1.86474609375,-2.38492856934103,1.24195075431548,-0.838609421080202,LVG2
72.8370000000025,0.96044921875,-0.08837890625,1.40283203125,-2.07417482447375,1.39945607705643,-0.7258015547927641,LVG2
72.8560000000025,0.7568359375,-0.04150390625,0.5693359375,-1.70595292130909,1.06741782911604,-0.41611203507913597,LVG2
72.87600000000249,0.64013671875,0.03466796875,0.18505859375,-1.0322983990454302,0.46080949153264894,-0.09578026382895699,LVG2
72.89700000000249,0.7509765625,-0.115234375,0.376953125,0.025541403687721998,-0.18943207735060397,0.251157136262599,LVG2
72.9170000000025,0.77587890625,-0.1201171875,0.63134765625,0.5427548283640901,-0.543819053517745,0.5512686295933311,LVG2
72.9370000000025,0.7705078125,0.03466796875,0.68994140625,0.656626919805184,-0.620443264580911,0.689617899568491,LVG2
72.9570000000025,0.7958984375,0.01708984375,0.7041015625,0.6598195952661489,-0.602351436968775,0.930132784294539,LVG2
72.9770000000025,0.6640625,0.19189453125,0.67578125,0.80455421616324,-0.81093956708517,0.9429034861384,LVG2
72.9970000000025,0.36328125,0.06689453125,0.44287109375,0.981215591669983,-1.4430893083562901,0.575745808127398,LVG2
73.0170000000025,0.40478515625,0.03125,0.73828125,0.850315897770408,-1.6527416636263401,0.21071658042370603,LVG2
73.0370000000025,0.64404296875,-0.0537109375,1.34130859375,-0.06066083375833999,-1.18554682117176,0.117064766902059,LVG2
73.0570000000025,0.6474609375,-0.4951171875,1.35302734375,0.290533466947837,-0.53424102713485,0.28201966571859605,LVG2
73.0770000000025,0.44677734375,-0.24169921875,1.04296875,0.636406641885737,-0.31820332094286896,0.34161627432328,LVG2
73.0980000000025,0.560546875,0.2021484375,0.625,0.437396538152238,-0.40014865777430997,0.178789825814053,LVG2
73.1180000000025,0.71240234375,0.05322265625,0.44677734375,0.572553132666432,-0.5831953842029829,0.254349811723564,LVG2
73.13800000000249,0.3583984375,-0.0224609375,0.37646484375,1.34198791875905,-0.6715260719563549,-0.023412953380412004,LVG2
73.1580000000025,0.17578125,0.35107421875,0.40869140625,1.41329100405395,-0.8779857517654399,-0.27137741418204503,LVG2
73.1770000000025,0.4150390625,0.3662109375,0.48681640625,0.9354539100628141,-1.23875807885451,-0.619379039427256,LVG2
73.1980000000025,0.068359375,0.27880859375,0.3505859375,1.42180480528319,-1.60804420717282,-0.683232548646561,LVG2
73.2180000000025,0.09521484375,0.876953125,1.18408203125,1.08763810703549,-2.2625426766707,-1.22173047639603,LVG2
73.2380000000025,1.17236328125,0.94189453125,1.998046875,0.017027602458481002,-2.27105647789994,-1.63784251147517,LVG2
73.2580000000025,1.6240234375,-0.5029296875,1.0419921875,-1.95604583241804,-1.43989663289532,-1.81024698636729,LVG2
73.27800000000249,1.94287109375,0.23095703125,1.02294921875,-0.7524071836341409,-0.669397621649045,-0.5001858222178871,LVG2
73.2980000000025,2.1650390625,0.744140625,1.40234375,-1.30154736292016,0.37567147924024297,0.620443264580911,LVG2
73.3190000000024,1.62890625,0.333984375,0.60205078125,-2.64566373198653,1.5548329494900701,1.27813440953975,LVG2
73.3430000000025,1.41748046875,0.6123046875,0.6005859375,-1.42286903043684,1.8315314894403898,1.98477991156672,LVG2
73.3630000000025,1.392578125,0.92333984375,0.6474609375,-1.65380588877999,1.9475320311887898,2.06991792385913,LVG2
73.3830000000024,1.14990234375,0.63134765625,0.47412109375,-3.02346366153408,2.2316801472147003,2.05608299686161,LVG2
73.4040000000024,0.89306640625,0.1318359375,0.22509765625,-3.9993581274357903,2.41685532395068,1.69105376915792,LVG2
73.42400000000241,0.72021484375,-0.06689453125,0.06201171875,-3.43425457084494,2.53711276631371,0.9897293928992241,LVG2
73.4440000000024,0.3056640625,-0.96728515625,-0.3583984375,-2.13164298277112,2.5871313485355,0.693874800183112,LVG2
73.4680000000024,-0.15234375,-1.22216796875,-0.26953125,1.1344640137963102,1.92092640234742,0.348001625245211,LVG2
73.4880000000024,-0.06103515625,-0.22265625,0.314453125,4.5857461870997405,0.7822054879364829,-0.284148116025906,LVG2
73.5090000000024,-0.03369140625,0.61083984375,0.63818359375,5.48395221678462,0.124514342977644,-0.702388601412352,LVG2
73.5290000000024,-0.17919921875,0.224609375,0.515625,3.70350353471967,-0.47783709399113106,-0.461873716686304,LVG2
73.54900000000241,0.05029296875,-0.43408203125,0.41552734375,2.0081928649471297,-1.31431806476402,-0.21816615649929103,LVG2
73.5690000000024,0.2373046875,-0.4375,0.57470703125,1.9305044287303101,-1.8506875422061797,0.08833068775337198,LVG2
73.5890000000024,0.40771484375,-0.341796875,0.79052734375,2.07204637416644,-2.05182609624699,0.291597692101492,LVG2
73.6090000000024,0.62890625,-0.06982421875,0.88671875,1.9145410514254901,-1.89325654835239,0.26818473872107995,LVG2
73.6290000000024,0.71923828125,0.06689453125,1.1484375,1.54419069795352,-1.27068483346416,0.078752661370476,LVG2
73.6490000000024,0.67431640625,0.1513671875,1.2890625,0.898206029684887,-0.60980101304436,0.10748674051916302,LVG2
73.6690000000024,0.666015625,-0.2607421875,0.9775390625,0.399084432620655,-0.256478262030874,0.18730362704329398,LVG2
73.68900000000241,0.64599609375,0.0595703125,0.83984375,1.0046285450504,-0.235193758957772,0.295854592716112,LVG2
73.71000000000241,0.8173828125,0.49169921875,0.71484375,0.322460221557489,-0.290533466947837,0.09152336321433699,LVG2
73.7300000000024,0.6376953125,-0.1650390625,0.3232421875,-0.6651407210344239,-0.228808408035842,-0.35332275101348604,LVG2
73.7500000000024,0.54833984375,-0.4384765625,0.2978515625,0.941839260984745,-0.7066455020269731,-0.152184196972676,LVG2
73.7700000000024,1.05419921875,0.67919921875,0.75634765625,2.26573535213166,-1.19618907270831,0.178789825814053,LVG2
73.7940000000024,0.73828125,0.8818359375,0.3525390625,-0.512956524061748,-0.768370560938967,-0.179854050967708,LVG2
73.8150000000024,0.08935546875,0.396484375,-0.052734375,-0.313946420328248,-1.46756648689035,-0.403341333235275,LVG2
73.83500000000241,0.4287109375,1.0087890625,0.5927734375,-0.09684448898261201,-2.16463396253443,-0.9024629302995071,LVG2
73.8550000000024,0.63037109375,0.859375,0.54052734375,-0.9971789689748091,-2.31043280858518,-1.28239131015437,LVG2
73.8750000000024,0.4970703125,0.84765625,0.61865234375,-1.1951248475546499,-2.9830231056951897,-1.28239131015437,LVG2
73.8950000000024,1.5498046875,0.53271484375,1.71630859375,-1.8570728931281102,-2.76060004858127,-1.75384305322357,LVG2
73.91500000000241,2.12548828125,-0.41748046875,1.388671875,-1.8251461385184602,-1.29622623715189,-1.27281328377147,LVG2
73.93600000000241,1.70703125,-0.3681640625,0.9228515625,-0.7492145081731759,-0.2788269902576311,-0.13409236936053998,LVG2
73.96000000000241,1.56787109375,0.896484375,0.4130859375,-0.514020749215403,0.858829698999649,0.346937400091556,LVG2
73.9800000000024,1.12255859375,1.52294921875,-0.12841796875,-2.1103584796980197,1.47288761265863,0.31501064548190305,LVG2
74.0000000000024,1.30859375,0.88916015625,0.23974609375,-4.3803507324443105,1.28451976046168,0.170276024584813,LVG2
74.0210000000024,1.5849609375,0.17919921875,0.6474609375,-5.40413533026049,1.5984661807899299,0.292661917255147,LVG2
74.0410000000024,1.71923828125,0.00537109375,0.79296875,-5.4818237664773095,2.38173589388007,0.870536175689855,LVG2
74.06100000000241,1.59912109375,-0.15478515625,0.376953125,-5.24875845782685,3.12137237567035,1.66231969000923,LVG2
74.08500000000241,1.3427734375,-0.55615234375,-0.08740234375,-3.6758336807246397,3.65454917765154,1.86984359497197,LVG2
74.1050000000024,1.0693359375,-0.84228515625,-0.15869140625,-1.5090712678829,3.8397243543875295,1.5080070427292498,LVG2
74.1260000000024,0.59716796875,-0.77001953125,-0.14208984375,0.713030852948903,3.6630629788807796,0.915233632143368,LVG2
74.1460000000023,-0.00439453125,-0.501953125,-0.15087890625,2.00074328887155,2.9447110001635997,0.143670395743436,LVG2
74.1660000000023,-0.40771484375,-0.0556640625,0.28564453125,1.5005574666536599,1.7719348808357098,-0.09897293928992199,LVG2
74.1860000000023,-0.4609375,-0.12744140625,0.58056640625,0.488479345527681,0.49592892160326707,0.075559985909511,LVG2
74.2060000000023,-0.35595703125,-0.46435546875,0.21240234375,1.23875807885451,-0.37886415470120793,0.09471603867530198,LVG2
74.2260000000023,-0.32275390625,-0.3095703125,0.169921875,1.8304672642867401,-1.0056927702040501,-0.020220277919447,LVG2
74.2460000000023,-0.18017578125,0.1484375,0.37939453125,1.4888509899634599,-1.60485153171186,-0.21497348103832603,LVG2
74.2660000000023,0.14697265625,0.3828125,0.66015625,0.158569547894607,-1.8666509195110101,-0.307561069406318,LVG2
74.2860000000023,0.4560546875,-0.1123046875,0.81689453125,0.74176493209759,-1.54419069795352,-0.4427176639205129,LVG2
74.3060000000023,0.5888671875,0.14013671875,1.50244140625,0.923747433372609,-0.959931088596881,-0.690682124722146,LVG2
74.3270000000023,0.6787109375,0.28662109375,1.6923828125,-1.19618907270831,-0.399084432620655,-0.8364809707728921,LVG2
74.3470000000023,0.79443359375,-0.4345703125,1.2568359375,-1.8134396618282602,-0.20539545465543,-0.634278191578427,LVG2
74.36700000000229,0.9736328125,-0.76806640625,1.0078125,-0.54062637805678,-0.119193217209369,-0.285212341179561,LVG2
74.3860000000023,0.955078125,-0.20166015625,1.07275390625,0.08939491290702699,0.034055204916963,-0.169211799431158,LVG2
74.4060000000023,0.73046875,0.38525390625,0.96240234375,-0.18517517673598397,0.379928379854863,-0.10961519082647302,LVG2
74.4270000000023,0.73779296875,0.00634765625,0.63134765625,-1.48140141388787,0.390570631391414,-0.04150478099254799,LVG2
74.4470000000023,0.67626953125,0.11376953125,0.595703125,-0.8322240701582719,0.27457008964301,0.053211257682754004,LVG2
74.4670000000023,0.24853515625,0.8994140625,0.4033203125,-0.13409236936053998,0.245836010494323,-0.120257442363024,LVG2
74.4870000000023,-0.1787109375,0.8330078125,-0.2841796875,-1.5037501421146298,-0.178789825814053,-0.365029227703692,LVG2
74.5070000000023,-0.0703125,-0.46826171875,-0.30810546875,-2.10397312877609,-1.42286903043684,-0.519341874983679,LVG2
74.5270000000023,0.16845703125,-1.04443359375,0.5888671875,-0.21071658042370603,-2.77337075042514,-0.7577283094024159,LVG2
74.5470000000023,0.48095703125,-0.24951171875,0.990234375,1.59101660471434,-3.48533737822038,-0.848187447463098,LVG2
74.5670000000023,1.2265625,-0.29296875,1.740234375,0.9365181352164699,-3.4470252726888,-1.00675699535771,LVG2
74.5870000000023,2.09619140625,-0.70361328125,2.32373046875,0.114936316594749,-2.4285618006408902,-0.867343500228889,LVG2
74.6070000000023,2.0341796875,-0.85302734375,2.28271484375,-0.46825906760823494,-0.508699623447128,-0.06385350921930501,LVG2
74.6270000000023,1.7314453125,0.009765625,1.4404296875,-0.390570631391414,1.09828035857204,0.984408267130948,LVG2
74.6480000000023,1.35693359375,0.40380859375,0.9853515625,-0.8992702548385421,1.9517889318034198,1.59740195563627,LVG2
74.6680000000023,1.29345703125,0.21337890625,0.9951171875,-1.36007974637119,2.2753133785145603,1.69531066977254,LVG2
74.6880000000023,1.12109375,0.23291015625,0.97900390625,-1.8506875422061797,2.6392783810646,1.69531066977254,LVG2
74.7080000000023,0.783203125,0.10302734375,0.73876953125,-2.84786651118099,2.97131662900498,1.60804420717282,LVG2
74.7280000000023,0.287109375,-0.291015625,0.4013671875,-3.17032673273848,3.1437211038971,1.3781715739833302,LVG2
74.74800000000229,0.07666015625,-0.4443359375,0.3125,-2.43494715156282,3.06709689283394,0.9450319364457099,LVG2
74.7680000000022,-0.00244140625,-0.6708984375,0.1259765625,-1.9326328790376202,2.81061863080306,0.74176493209759,LVG2
74.7880000000022,-0.3486328125,-0.74609375,-0.30859375,-0.8556370235386841,2.5264705147771602,0.623635940041876,LVG2
74.80800000000221,-0.67333984375,-0.67919921875,-0.2685546875,0.731122680561039,1.9326328790376202,0.249028685955288,LVG2
74.8280000000022,-0.4189453125,-0.4326171875,0.55224609375,2.63076457983536,0.8694719505362,-0.169211799431158,LVG2
74.8480000000022,0.02734375,-0.30859375,0.93896484375,3.52684215921293,0.057468158297374,-0.352258525859831,LVG2
74.8680000000022,0.078125,-0.109375,0.431640625,2.9638670529293996,-0.387377955930449,-0.5746815829737429,LVG2
74.88800000000221,0.17431640625,-0.087890625,0.263671875,1.85813711828177,-0.8407378713875121,-0.7779485873218629,LVG2
74.9080000000022,0.49365234375,0.05029296875,0.5107421875,1.2994189126128501,-1.43670395743436,-0.8513801229240631,LVG2
74.9280000000022,0.90478515625,-0.13134765625,0.7822265625,0.619379039427256,-1.7836413575259098,-1.01846347204791,LVG2
74.9670000000022,0.71240234375,-0.55126953125,0.7822265625,0.005321125768275,-0.9578026382895709,-0.47677286883747494,LVG2
74.9880000000022,0.7041015625,-0.470703125,0.8203125,0.310753744867283,-1.0099496708186702,-0.37567147924024297,LVG2
75.0080000000022,0.86328125,-0.14208984375,0.9306640625,0.640663542500358,-1.19193217209369,-0.148991521511711,LVG2
75.02800000000221,0.837890625,0.099609375,1.0087890625,0.10642251536550801,-0.9546099628286059,0.09258758836799198,LVG2
75.04900000000221,0.82421875,-0.0224609375,1.01611328125,-0.87585730145813,-0.5651035565908471,-0.10855096567281801,LVG2
75.0690000000022,0.73388671875,-0.287109375,1.0859375,-1.2994189126128501,-0.2788269902576311,-0.25541403687721903,LVG2
75.0890000000022,0.50244140625,-0.17919921875,0.86328125,-1.6037873065581998,-0.11067941598012801,-0.21816615649929103,LVG2
75.1090000000022,0.45947265625,-0.38427734375,0.73828125,-1.8677151446646598,-0.11280786628743801,0.032990979763308,LVG2
75.12900000000221,0.41259765625,-0.7294921875,0.62841796875,-1.0046285450504,-0.18943207735060397,0.240514884726048,LVG2
75.1490000000022,0.443359375,-0.5458984375,0.84765625,0.985472492284603,-0.40653400869623996,0.233065308650462,LVG2
75.1700000000022,0.4482421875,-0.0908203125,0.97607421875,2.02734891771293,-0.435268087844927,0.122385892670334,LVG2
75.1940000000022,0.412109375,0.48486328125,1.00830078125,1.10466570949397,-0.456552590918029,0.143670395743436,LVG2
75.2140000000022,0.251953125,0.90869140625,0.9013671875,-0.384185280469484,-0.5427548283640901,-0.028734079148687,LVG2
75.2340000000022,0.435546875,0.447265625,0.97998046875,-0.830095619850962,-0.610865238198015,-0.6278928406564971,LVG2
75.2550000000022,0.6376953125,0.42236328125,1.08447265625,-1.19193217209369,-0.37247880377927794,-1.28026285984706,LVG2
75.27500000000221,0.30810546875,0.45068359375,0.83544921875,-2.2199736705245,-0.45229569030340905,-1.6995675703871598,LVG2
75.2950000000022,0.484375,-0.177734375,0.90673828125,-2.6382141559109398,-0.8237102689290309,-2.0752390496274002,LVG2
75.3150000000022,1.08642578125,-0.9521484375,0.9599609375,-2.34023111288752,-0.742829157251245,-1.8858069722768,LVG2
75.3350000000022,1.1787109375,-1.20556640625,0.83984375,-1.8826142968158301,-0.377799929547553,-1.07486740519163,LVG2
75.3550000000022,1.10302734375,-0.97021484375,0.87109375,-1.33773101814443,-0.259670937491839,-0.313946420328248,LVG2
75.3800000000022,1.21337890625,-0.47509765625,1.0380859375,-1.25046455554472,0.010642251536551002,0.20433122950177499,LVG2
75.40000000000221,1.23876953125,-0.099609375,0.84033203125,-1.1514916162548001,0.155376872433642,0.437396538152238,LVG2
75.4200000000022,1.61181640625,-0.20751953125,1.02685546875,-2.00606441463982,0.643856217961323,0.872664625997165,LVG2
75.4400000000022,1.4716796875,-0.44580078125,0.9990234375,-2.6616271092913504,1.51545661880483,1.60591575686551,LVG2
75.4610000000022,1.41015625,-0.509765625,0.90625,-2.7478293467374106,2.03799116924948,2.1656981876880903,LVG2
75.4810000000022,1.330078125,-0.44921875,0.8955078125,-3.17671208366041,2.3934423705702703,2.6914254135936897,LVG2
75.5050000000022,0.9521484375,-0.7109375,0.5947265625,-3.9589175715968903,2.53285586569909,3.5161999076763797,LVG2
75.52500000000221,0.6728515625,-0.27587890625,0.52978515625,-3.45447484876439,2.50518601170406,3.4683097757619,LVG2
75.5450000000022,0.37158203125,0.05078125,0.38671875,-3.98445897528462,2.4902868595528798,3.4427683720741804,LVG2
75.56600000000209,0.087890625,-1.00830078125,-0.1318359375,-3.6247508733492007,2.1742119889173304,3.1969323615798597,LVG2
75.5860000000021,0.05224609375,-1.0849609375,-0.1748046875,0.667269171341735,2.20933141898794,1.9485962563424502,LVG2
75.6060000000021,-0.041015625,-0.2705078125,0.078125,2.9830231056951897,2.55201191846488,0.7864623885511031,LVG2
75.6260000000021,-0.2431640625,0.23876953125,0.38037109375,3.0149498603048395,2.57542487184529,-0.253285586569909,LVG2
75.6460000000021,-0.2890625,0.20263671875,0.48583984375,2.08056017539568,2.2274232466000803,-1.01846347204791,LVG2
75.6670000000021,-0.19921875,-0.2099609375,0.4228515625,1.54631914826083,1.90602725019625,-1.6261360347849598,LVG2
75.6870000000021,-0.115234375,-0.51513671875,0.48046875,1.9166695017328,1.6367782863215101,-2.2795702791291803,LVG2
75.70600000000209,-0.08056640625,-0.546875,0.53125,2.2455150742122205,1.4686307120440099,-2.5924524743037702,LVG2
75.72700000000209,0.09033203125,-0.61474609375,0.49365234375,2.5381769914673598,1.00143586958943,-2.93406874862705,LVG2
75.7510000000021,0.2373046875,-0.73779296875,0.4541015625,2.70100343997659,0.537433702595815,-2.86808678910044,LVG2
75.7720000000021,0.2802734375,-0.49658203125,0.72900390625,2.9330045234733997,0.320331771250179,-2.84148116025906,LVG2
75.7920000000021,0.39794921875,-0.60302734375,0.83203125,2.25935000120973,0.0,-2.47964460801633,LVG2
75.8120000000021,0.45751953125,-0.75439453125,0.8125,1.3930707261345,-0.174532925199433,-2.09013820177858,LVG2
75.8320000000021,0.31787109375,-0.84033203125,0.8076171875,0.8407378713875121,-0.12983546874592,-1.6516774384726798,LVG2
75.85200000000209,0.25048828125,-0.66845703125,0.8857421875,0.7258015547927641,-0.20752390496273998,-1.3047400383811298,LVG2
75.8720000000021,0.22802734375,-0.52783203125,0.931640625,0.42781851176934205,-0.35332275101348604,-1.01527079658695,LVG2
75.8920000000021,0.24169921875,-0.5283203125,0.8916015625,-0.133028144206885,-0.518277649830024,-0.7204804290244878,LVG2
75.9120000000021,0.19580078125,-0.6943359375,0.7822265625,-0.45229569030340905,-0.578938483588363,-0.43952498845954796,LVG2
75.93200000000209,0.1708984375,-0.8134765625,0.810546875,-0.007449576075585999,-0.5938376357395339,-0.21603770619198104,LVG2
75.9520000000021,0.263671875,-0.6533203125,1.173828125,0.33097402278673,-0.517213424676368,-0.13834926997516,LVG2
75.9730000000021,0.34326171875,-0.640625,1.20263671875,-0.04150478099254799,-0.29479036756245697,-0.08939491290702699,LVG2
75.9930000000021,0.23779296875,-0.57373046875,1.0595703125,-0.078752661370476,-0.008513801229241,-0.017027602458481002,LVG2
76.0130000000021,0.203125,-0.54052734375,0.884765625,-0.159633773048262,0.06704618468026999,-0.009578026382896,LVG2
76.0330000000021,0.2275390625,-0.42626953125,0.8251953125,-0.11174364113378302,0.050018582221788996,-0.039376330685238,LVG2
76.0520000000021,0.240234375,-0.36767578125,0.861328125,-0.079816886524131,0.011706476690206002,-0.037247880377928,LVG2
76.0730000000021,0.2490234375,-0.42236328125,0.84033203125,-0.159633773048262,-0.050018582221788996,-0.00212845030731,LVG2
76.09300000000209,0.275390625,-0.490234375,0.8173828125,-0.09258758836799198,-0.13622081966785002,0.04150478099254799,LVG2
76.1130000000021,0.287109375,-0.51025390625,0.8232421875,-0.001064225153655,-0.192624752811569,0.10535829021185301,LVG2
76.1330000000021,0.30224609375,-0.4775390625,0.85400390625,0.086202237446062,-0.229872633189497,0.121321667516679,LVG2
76.1530000000021,0.32666015625,-0.451171875,0.91015625,0.11387209144109299,-0.251157136262599,0.09471603867530198,LVG2
76.1730000000021,0.36279296875,-0.48583984375,0.9248046875,0.07023886014123501,-0.244771785340668,0.043633231299858,LVG2
76.1930000000021,0.3701171875,-0.5146484375,0.86181640625,0.079816886524131,-0.175597150353088,0.012770701843860999,LVG2
76.2130000000021,0.38427734375,-0.498046875,0.8291015625,0.164954898816537,-0.150055746665366,0.053211257682754004,LVG2
76.2330000000021,0.38916015625,-0.40771484375,0.857421875,0.29479036756245697,-0.169211799431158,0.10003716444357699,LVG2
76.2530000000021,0.373046875,-0.2822265625,0.8662109375,0.34161627432328,-0.159633773048262,0.10535829021185301,LVG2
76.2740000000021,0.36474609375,-0.30029296875,0.84375,0.077688436216821,-0.127707018438609,0.126642793284954,LVG2
76.2940000000021,0.322265625,-0.55615234375,0.7177734375,-0.174532925199433,-0.13196391905323,0.142606170589781,LVG2
76.3140000000021,0.26904296875,-0.62109375,0.71435546875,0.29372614240880196,-0.321395996403834,0.242643335033358,LVG2
76.33400000000209,0.3271484375,-0.3564453125,0.94482421875,0.9311970094481941,-0.557653980515261,0.345873174937901,LVG2
76.3580000000021,0.3701171875,-0.1826171875,1.1318359375,0.7907192891657241,-0.54062637805678,0.310753744867283,LVG2
76.3790000000021,0.4033203125,-0.23486328125,1.07958984375,0.11174364113378302,-0.377799929547553,0.194753203118879,LVG2
76.3990000000021,0.4013671875,-0.34716796875,0.97998046875,-0.336295148555005,-0.18623940188963897,0.051082807375443996,LVG2
76.419000000002,0.42236328125,-0.470703125,0.9140625,-0.457616816071684,-0.057468158297374,-0.04150478099254799,LVG2
76.439000000002,0.3935546875,-0.5205078125,0.86181640625,-0.391634856545069,0.031926754609652,-0.07023886014123501,LVG2
76.459000000002,0.3701171875,-0.58251953125,0.78369140625,-0.336295148555005,0.055339707990064005,-0.101101389597233,LVG2
76.48000000000201,0.34814453125,-0.48681640625,0.7255859375,-0.179854050967708,0.031926754609652,-0.133028144206885,LVG2
76.500000000002,0.298828125,-0.37353515625,0.765625,-0.06811040983392501,-0.026605628841377002,-0.141541945436126,LVG2
76.51900000000201,0.3330078125,-0.45556640625,0.85009765625,-0.114936316594749,-0.10855096567281801,-0.155376872433642,LVG2
76.540000000002,0.38525390625,-0.54833984375,0.8662109375,-0.027669853995032002,-0.11280786628743801,-0.169211799431158,LVG2
76.564000000002,0.37353515625,-0.525390625,0.82275390625,0.170276024584813,-0.026605628841377002,-0.14473462089709102,LVG2
76.585000000002,0.3701171875,-0.4716796875,0.7822265625,0.17666137550674302,-0.029798304302342003,-0.121321667516679,LVG2
76.60500000000201,0.3623046875,-0.44140625,0.77294921875,0.267120513567425,-0.045761681607168,-0.128771243592265,LVG2
76.625000000002,0.3740234375,-0.42529296875,0.8330078125,0.354386976167141,-0.086202237446062,-0.127707018438609,LVG2
76.645000000002,0.41748046875,-0.4091796875,0.9013671875,0.373543028932933,-0.075559985909511,-0.11387209144109299,LVG2
76.665000000002,0.451171875,-0.39453125,0.962890625,0.275634314796665,0.00212845030731,-0.065981959526615,LVG2
76.686000000002,0.42529296875,-0.3466796875,0.9384765625,0.195817428272535,0.054275482836409004,-0.018091827612136003,LVG2
76.705000000002,0.4111328125,-0.3251953125,0.90380859375,0.118128992055714,0.042569006146202994,-0.001064225153655,LVG2
76.73000000000201,0.423828125,-0.3232421875,0.9306640625,0.133028144206885,0.021284503073102003,0.011706476690206002,LVG2
76.750000000002,0.4248046875,-0.31201171875,0.94775390625,0.10642251536550801,0.013834926997516001,0.008513801229241,LVG2
76.770000000002,0.396484375,-0.3291015625,0.951171875,0.045761681607168,0.021284503073102003,0.012770701843860999,LVG2
76.791000000002,0.39990234375,-0.380859375,0.923828125,-0.018091827612136003,0.021284503073102003,0.032990979763308,LVG2
76.811000000002,0.4453125,-0.41162109375,0.89892578125,-0.027669853995032002,0.014899152151171002,0.045761681607168,LVG2
76.831000000002,0.43505859375,-0.45263671875,0.9111328125,-0.043633231299858,0.036183655224273,0.09578026382895699,LVG2
76.851000000002,0.40576171875,-0.541015625,0.919921875,-0.10216561475088799,0.044697456453513,0.18304672642867398,LVG2
76.871000000002,0.41162109375,-0.53076171875,0.892578125,-0.007449576075585999,0.044697456453513,0.229872633189497,LVG2
76.89100000000201,0.40478515625,-0.42041015625,0.841796875,0.161762223355572,0.076624211063166,0.241579109879703,LVG2
76.911000000002,0.32177734375,-0.36669921875,0.79443359375,0.18411095158232899,0.10535829021185301,0.26392783810646,LVG2
76.931000000002,0.25927734375,-0.3173828125,0.8193359375,0.21497348103832603,0.07023886014123501,0.250092911108944,LVG2
76.951000000002,0.2734375,-0.2861328125,0.84130859375,0.26179938779914896,-0.00212845030731,0.170276024584813,LVG2
76.97100000000201,0.30322265625,-0.26123046875,0.8955078125,0.292661917255147,-0.04895435706813401,0.065981959526615,LVG2
76.991000000002,0.36865234375,-0.39453125,0.95263671875,0.045761681607168,-0.06811040983392501,0.034055204916963,LVG2
77.011000000002,0.4052734375,-0.5302734375,0.970703125,-0.086202237446062,-0.035119430070618,0.04682590676082401,LVG2
77.03100000000201,0.3720703125,-0.5234375,0.9853515625,-0.001064225153655,0.024477178534067005,0.10003716444357699,LVG2
77.056000000002,0.35400390625,-0.52685546875,0.94287109375,0.04682590676082401,0.040440555838893,0.18730362704329398,LVG2
77.076000000002,0.35693359375,-0.51806640625,0.91552734375,0.142606170589781,0.027669853995032002,0.257542487184529,LVG2
77.097000000002,0.3330078125,-0.46142578125,0.8828125,0.311817970020938,0.040440555838893,0.292661917255147,LVG2
77.11700000000201,0.30810546875,-0.4052734375,0.8701171875,0.508699623447128,0.020220277919447,0.31820332094286896,LVG2
77.137000000002,0.32568359375,-0.35400390625,0.91748046875,0.645984668268633,-0.003192675460965,0.234129533804117,LVG2
77.157000000002,0.31494140625,-0.18505859375,0.97802734375,0.73537958117566,0.052147032529099004,0.06278928406565,LVG2
77.181000000002,0.3525390625,-0.18017578125,0.93017578125,0.326717122172109,0.061725058911995,-0.037247880377928,LVG2
77.202000000002,0.4384765625,-0.427734375,0.89404296875,0.09258758836799198,0.051082807375443996,-0.036183655224273,LVG2
77.222000000002,0.47119140625,-0.490234375,0.986328125,0.37460725408658796,0.08513801229240599,-0.009578026382896,LVG2
77.24200000000201,0.4208984375,-0.48974609375,0.9794921875,0.457616816071684,0.20220277919446497,0.08300956198509599,LVG2
77.262000000002,0.32861328125,-0.4892578125,0.91748046875,0.46293794183995896,0.286276566333216,0.230936858343152,LVG2
77.282000000002,0.29833984375,-0.43798828125,0.87255859375,0.5927734105858791,0.284148116025906,0.256478262030874,LVG2
77.302000000002,0.29052734375,-0.31396484375,0.92919921875,0.7438933824049,0.27244163933570004,0.174532925199433,LVG2
77.322000000002,0.2607421875,-0.32373046875,1.02392578125,0.715159303256213,0.241579109879703,0.116000541748404,LVG2
77.34300000000201,0.11181640625,-0.35986328125,1.0908203125,0.522534550444644,0.244771785340668,0.09365181352164699,LVG2
77.36700000000201,-0.00439453125,-0.5615234375,1.0625,0.10855096567281801,0.25541403687721903,0.141541945436126,LVG2
77.387000000002,-0.0341796875,-0.61083984375,1.0009765625,0.38631373077679404,0.28095544056494104,0.179854050967708,LVG2
77.4070000000019,-0.0478515625,-0.40576171875,0.95556640625,1.07380318003797,0.316074870635558,0.245836010494323,LVG2
77.4280000000019,-0.07861328125,-0.01513671875,0.90087890625,1.38242847459795,0.31820332094286896,0.33735937370866,LVG2
77.44800000000191,-0.044921875,0.2314453125,0.85205078125,0.949288837060331,0.226679957728532,0.39482753200603404,LVG2
77.46800000000191,0.08349609375,0.1953125,0.8134765625,-0.06704618468026999,0.11174364113378302,0.492736246142302,LVG2
77.49200000000191,0.09619140625,-0.56787109375,0.4833984375,-1.31218961445671,0.040440555838893,0.971637565287087,LVG2
77.51300000000191,-0.0107421875,-0.35107421875,0.44873046875,-0.371414578625623,0.077688436216821,1.0163350217406,LVG2
77.5330000000019,-0.09814453125,0.00244140625,0.53076171875,0.04682590676082401,-0.10003716444357699,0.985472492284603,LVG2
77.5530000000019,-0.068359375,0.0576171875,0.55810546875,-0.40440555838892994,-0.6183148142736011,0.962059538904192,LVG2
77.57300000000191,0.0673828125,-0.10546875,0.55322265625,-1.13872091441093,-1.08444543157453,0.8567012486923391,LVG2
77.5920000000019,0.11865234375,-0.2177734375,0.53955078125,-1.0376195248137001,-1.3611439715248501,0.7119666277952479,LVG2
77.6130000000019,0.328125,-0.2900390625,0.77685546875,-0.67684719772463,-1.80492586059901,0.358643876781762,LVG2
77.63300000000191,0.65185546875,-0.22998046875,1.04052734375,-1.17171189417424,-2.2987263318949704,0.056403933143719005,LVG2
77.65300000000191,0.80224609375,-0.232421875,1.0283203125,-3.02878478730236,-2.52966319023812,-0.27031318902839,LVG2
77.6730000000019,1.044921875,-0.4951171875,0.8056640625,-4.51444310180484,-2.32746041104366,-0.654498469497874,LVG2
77.6930000000019,1.25244140625,-0.66748046875,0.58984375,-3.8833575856873797,-1.77938445691129,-1.18767527147907,LVG2
77.71300000000191,1.34130859375,-1.24560546875,0.421875,-0.516149199522713,-0.8151964676997909,-1.40158452736374,LVG2
77.73400000000191,1.10302734375,-0.68994140625,0.75,2.02947736802024,-0.26286361295280397,-1.23130850277893,LVG2
77.75800000000191,1.02294921875,-0.43896484375,1.23388671875,1.57931012802414,-0.158569547894607,-0.7002601511050419,LVG2
77.77800000000191,0.79052734375,-0.27099609375,1.18212890625,0.7034528265660072,0.09578026382895699,-0.26924896387473496,LVG2
77.7980000000019,0.47216796875,-0.18896484375,0.83837890625,-0.010642251536551002,0.188367852196949,-0.19794587857984502,LVG2
77.8180000000019,0.4462890625,-0.31103515625,0.64892578125,-0.5416906032104349,-0.04150478099254799,-0.32778134732576397,LVG2
77.8390000000019,0.59228515625,-0.3544921875,0.66162109375,-0.324588671864799,-0.20965235527005102,-0.4320754123839621,LVG2
77.85800000000191,0.64208984375,-0.31201171875,0.68408203125,-0.036183655224273,-0.179854050967708,-0.46506639214726997,LVG2
77.88300000000191,0.61962890625,-0.38916015625,0.6455078125,-0.43420386269127204,-0.19794587857984502,-0.345873174937901,LVG2
77.90300000000191,0.59912109375,-0.4609375,0.66357421875,-0.701324376258697,-0.20539545465543,-0.32778134732576397,LVG2
77.92400000000191,0.6181640625,-0.443359375,0.7294921875,-0.637470867039392,-0.19688165342619002,-0.305432619099008,LVG2
77.9440000000019,0.65576171875,-0.44091796875,0.76318359375,-0.5523328547469859,-0.12983546874592,-0.25541403687721903,LVG2
77.9640000000019,0.64794921875,-0.4365234375,0.73193359375,-0.853508573231373,-0.029798304302342003,-0.21603770619198104,LVG2
77.98400000000191,0.646484375,-0.50830078125,0.70068359375,-1.11530796103052,0.029798304302342003,-0.15111997181902098,LVG2
78.0030000000019,0.619140625,-0.58740234375,0.66845703125,-1.01739924689426,0.052147032529099004,-0.06385350921930501,LVG2
78.0240000000019,0.59521484375,-0.61181640625,0.66552734375,-0.597030311200499,0.045761681607168,0.007449576075585999,LVG2
78.0440000000019,0.619140625,-0.54638671875,0.689453125,-0.35757965162810706,0.039376330685238,0.09045913806068198,LVG2
78.06400000000191,0.62158203125,-0.53125,0.75634765625,-0.456552590918029,0.08300956198509599,0.20007432888715498,LVG2
78.08400000000191,0.50537109375,-0.51708984375,0.73974609375,-0.43846076330589295,0.077688436216821,0.11174364113378302,LVG2
78.1040000000019,0.4833984375,-0.42822265625,0.69287109375,-0.459745266378994,0.04150478099254799,0.043633231299858,LVG2
78.1250000000019,0.51220703125,-0.36865234375,0.7080078125,-0.704517051719662,-0.06278928406565,-0.158569547894607,LVG2
78.1450000000019,0.53759765625,-0.53125,0.8330078125,-1.02378459781619,-0.177725600660398,-0.246900235647978,LVG2
78.16500000000191,0.5732421875,-0.66455078125,0.61962890625,-1.08870233218915,-0.225615732574877,-0.329909797633074,LVG2
78.1850000000019,0.60693359375,-0.68359375,0.5595703125,-0.9982431941284642,-0.121321667516679,-0.225615732574877,LVG2
78.2050000000019,0.5712890625,-0.77197265625,0.43798828125,-0.822646043775376,-0.076624211063166,-0.188367852196949,LVG2
78.22500000000191,0.56005859375,-0.6474609375,0.3408203125,-0.16389067366288199,-0.20965235527005102,-0.161762223355572,LVG2
78.24600000000191,0.6494140625,-0.6845703125,0.3828125,0.145798846050746,-0.313946420328248,-0.039376330685238,LVG2
78.26600000000191,0.81787109375,-0.56005859375,0.435546875,0.635342416732082,-0.384185280469484,0.08300956198509599,LVG2
78.29000000000191,0.8544921875,-0.3955078125,0.65185546875,0.37886415470120793,-0.249028685955288,0.34480894978424603,LVG2
78.3100000000019,0.71728515625,-0.2705078125,0.82080078125,0.053211257682754004,-0.065981959526615,0.428882736922997,LVG2
78.33100000000191,0.5634765625,-0.17578125,0.78466796875,-0.767306335785312,0.022348728226757004,0.230936858343152,LVG2
78.3510000000019,0.58349609375,-0.3798828125,0.65966796875,-2.15186326069057,-0.014899152151171002,0.14473462089709102,LVG2
78.37100000000191,0.58203125,-0.703125,0.48486328125,-2.9532248013928397,-0.055339707990064005,0.157505322740952,LVG2
78.3950000000019,0.51318359375,-0.8466796875,0.3486328125,-3.0043076087682903,-0.14473462089709102,0.08194533683144099,LVG2
78.41500000000191,0.48095703125,-1.0361328125,0.02587890625,-2.28063450428283,-0.33948782401597,0.077688436216821,LVG2
78.43600000000191,0.59326171875,-0.82373046875,0.15380859375,-0.511892298908093,-0.478901319144786,0.155376872433642,LVG2
78.45600000000191,0.75830078125,-0.97265625,0.31640625,-0.122385892670334,-0.492736246142302,0.526791451059264,LVG2
78.47600000000179,0.763671875,-0.73291015625,0.35498046875,0.31288219517459304,-0.401212882927965,0.666204946188079,LVG2
78.4960000000018,0.63818359375,-0.51171875,0.3974609375,0.48635089522037106,-0.26818473872107995,0.5512686295933311,LVG2
78.51500000000179,0.64208984375,-0.59716796875,0.4404296875,0.53424102713485,-0.26924896387473496,0.5619108811298821,LVG2
78.5360000000019,0.53466796875,-0.7900390625,0.35498046875,0.9067198309141271,-0.27031318902839,0.367157678011002,LVG2
78.55600000000179,0.56884765625,-0.5380859375,0.49853515625,1.88048584650852,-0.33097402278673,0.00425690061462,LVG2
78.5760000000018,0.64892578125,-0.6416015625,0.59814453125,1.4292543813587701,-0.27244163933570004,-0.032990979763308,LVG2
78.5960000000018,0.58056640625,-0.658203125,0.55029296875,0.8886280033019909,-0.16389067366288199,0.042569006146202994,LVG2
78.61600000000179,0.48388671875,-0.671875,0.36962890625,0.519341874983679,-0.19901010373349998,0.028734079148687,LVG2
78.63700000000179,0.5966796875,-0.79541015625,0.49267578125,0.67471874741732,-0.277762765103976,-0.19049630250425897,LVG2
78.65700000000179,0.77734375,-0.8408203125,0.75732421875,0.807746891624205,-0.227744182882187,-0.240514884726048,LVG2
78.6770000000018,0.638671875,-0.70556640625,0.63232421875,0.702388601412352,-0.026605628841377002,-0.072367310448545,LVG2
78.7010000000018,0.5791015625,-0.52978515625,0.46044921875,1.1004088088793502,-0.076624211063166,-0.19156052765791398,LVG2
78.7210000000018,0.650390625,-0.48046875,0.5556640625,1.56547520102662,0.065981959526615,-0.371414578625623,LVG2
78.7420000000018,0.91748046875,-0.59716796875,0.90869140625,1.9581742827253499,0.32565289701845396,-0.35013007555252096,LVG2
78.76200000000179,0.91015625,-0.5947265625,0.53955078125,2.34342378834848,0.5363694774421599,0.06811040983392501,LVG2
78.78200000000179,1.00732421875,-0.4638671875,0.73095703125,2.8138113062640295,0.632149741271117,0.48209399460575103,LVG2
78.80600000000179,1.10888671875,-0.51953125,0.77685546875,2.2242305711391204,0.696003250490422,0.9918578432065341,LVG2
78.82700000000179,1.0673828125,-0.3291015625,1.04248046875,1.66444814031654,0.8641508247679242,1.46756648689035,LVG2
78.8470000000018,0.921875,-0.46044921875,0.81982421875,0.317139095789214,1.09295923280377,1.9187979520401102,LVG2
78.8670000000018,0.64013671875,-0.7763671875,0.60498046875,-0.161762223355572,1.05464712727218,2.3200108349680697,LVG2
78.88700000000179,0.330078125,-0.6484375,0.48828125,0.46932329276189,0.8460589971557879,2.31575393435345,LVG2
78.90700000000179,-0.05419921875,-0.57763671875,0.5244140625,1.2015101984765801,0.506571173139818,1.82301768821115,LVG2
78.9270000000018,-0.07958984375,-0.26123046875,0.7822265625,1.74000812622605,0.029798304302342003,1.00888544566502,LVG2
78.9480000000018,0.1064453125,0.0185546875,0.9990234375,0.985472492284603,-0.21497348103832603,0.38844218108410405,LVG2
78.9680000000018,-0.01953125,-0.5185546875,0.26611328125,-0.161762223355572,-0.249028685955288,0.258606712338184,LVG2
78.98800000000179,0.03955078125,-0.59912109375,0.35546875,1.44841043412456,-0.620443264580911,-0.076624211063166,LVG2
79.01200000000179,0.546875,-0.4462890625,0.72998046875,1.72510897407488,-0.970573340133432,0.05959660860468499,LVG2
79.03200000000179,0.6513671875,-0.47802734375,1.3076171875,0.7736916867072429,-0.228808408035842,0.04682590676082401,LVG2
79.05300000000179,0.37451171875,-0.7255859375,0.97021484375,0.910976731528748,0.11174364113378302,0.005321125768275,LVG2
79.0730000000018,0.24267578125,-0.7353515625,0.7880859375,1.530355770956,-0.04895435706813401,-0.011706476690206002,LVG2
79.0930000000018,0.38037109375,-0.314453125,0.86083984375,1.32389609114692,-0.21071658042370603,0.120257442363024,LVG2
79.11300000000179,0.41845703125,-0.18701171875,0.85400390625,0.5619108811298821,-0.19794587857984502,0.267120513567425,LVG2
79.13300000000179,0.4208984375,-0.25341796875,1.02197265625,0.10216561475088799,-0.09578026382895699,0.236257984111428,LVG2
79.1530000000018,0.45068359375,-0.451171875,0.849609375,0.567232006898157,-0.18091827612136302,0.253285586569909,LVG2
79.17300000000179,0.46240234375,-0.30078125,0.81396484375,0.830095619850962,-0.227744182882187,0.236257984111428,LVG2
79.19300000000179,0.59228515625,-0.28759765625,0.95849609375,0.60128721181512,-0.10748674051916302,0.20326700434811998,LVG2
79.2130000000018,0.55322265625,-0.2509765625,1.0751953125,0.41824048538644604,0.16708334912384698,0.08939491290702699,LVG2
79.2330000000018,0.38037109375,-0.26025390625,1.021484375,0.2788269902576311,0.141541945436126,-0.019156052765792,LVG2
79.2540000000018,0.36572265625,-0.34423828125,0.89697265625,0.48635089522037106,0.042569006146202994,0.042569006146202994,LVG2
79.2740000000017,0.4033203125,-0.4287109375,0.86474609375,0.689617899568491,-0.08833068775337198,0.11280786628743801,LVG2
79.2940000000017,0.40478515625,-0.490234375,0.828125,1.3590155212175399,-0.169211799431158,0.042569006146202994,LVG2
79.31800000000179,0.37841796875,-0.1845703125,0.783203125,1.48140141388787,-0.292661917255147,0.074495760755856,LVG2
79.3390000000017,0.3984375,-0.23779296875,0.75439453125,1.26855638315685,-0.437396538152238,0.155376872433642,LVG2
79.35900000000171,0.41064453125,-0.38720703125,0.59326171875,1.7602284041455,-0.5619108811298821,0.10003716444357699,LVG2
79.37900000000171,0.4228515625,-0.04931640625,0.61474609375,2.5764890969989502,-0.715159303256213,-0.00212845030731,LVG2
79.3990000000017,0.45556640625,0.14990234375,0.69482421875,2.17846888953195,-0.9354539100628141,0.025541403687721998,LVG2
79.42300000000171,0.544921875,0.08056640625,0.7578125,1.35795129606388,-1.04826177635025,0.035119430070618,LVG2
79.44400000000171,0.61279296875,-0.01953125,0.748046875,1.0312341738917699,-0.918426307604333,-0.121321667516679,LVG2
79.4640000000017,0.6396484375,-0.1103515625,0.775390625,1.0322983990454302,-0.8460589971557879,-0.159633773048262,LVG2
79.48400000000171,0.681640625,-0.021484375,0.8427734375,1.1472347156401799,-0.7343153560220049,-0.195817428272535,LVG2
79.50400000000171,0.66259765625,0.04931640625,0.8642578125,0.7321869057146941,-0.6055441124297399,-0.127707018438609,LVG2
79.5230000000017,0.66748046875,0.03759765625,0.888671875,0.27031318902839,-0.453359915457064,-0.123450117823989,LVG2
79.5440000000017,0.6435546875,-0.00244140625,0.9169921875,-0.09578026382895699,-0.328845572479419,-0.120257442363024,LVG2
79.56400000000171,0.59423828125,-0.13232421875,0.84228515625,-0.38312105531582796,-0.300111493330732,-0.00638535092193,LVG2
79.58400000000171,0.5380859375,0.01953125,0.92333984375,-0.28201966571859605,-0.27031318902839,-0.050018582221788996,LVG2
79.6040000000017,0.59716796875,-0.0654296875,0.97119140625,-0.47677286883747494,-0.275634314796665,-0.118128992055714,LVG2
79.6240000000017,0.61669921875,-0.07861328125,1.0078125,-0.27989121541128603,-0.16601912397019197,-0.133028144206885,LVG2
79.64400000000171,0.61083984375,-0.2021484375,0.96923828125,-0.233065308650462,-0.06811040983392501,-0.09152336321433699,LVG2
79.66500000000171,0.64208984375,-0.18115234375,0.95166015625,0.06066083375833999,-0.045761681607168,-0.039376330685238,LVG2
79.68900000000171,0.67431640625,-0.30615234375,0.8837890625,0.453359915457064,0.010642251536551002,0.10003716444357699,LVG2
79.70900000000171,0.6640625,-0.39697265625,0.787109375,1.03655529966005,0.08833068775337198,0.175597150353088,LVG2
79.7290000000017,0.697265625,-0.2666015625,0.78515625,1.7506503777626101,0.127707018438609,0.311817970020938,LVG2
79.7500000000017,0.6708984375,-0.345703125,0.7421875,1.97520188518383,0.159633773048262,0.529984126520229,LVG2
79.7700000000017,0.60302734375,-0.30419921875,0.61767578125,2.66694823505963,0.06385350921930501,0.638535092193047,LVG2
79.79000000000171,0.66259765625,0.07861328125,0.70947265625,3.14797800451172,-0.188367852196949,0.8151964676997909,LVG2
79.81400000000171,0.78173828125,-0.259765625,0.56103515625,2.40621307241413,-0.41824048538644604,1.16851921871328,LVG2
79.83400000000171,0.9404296875,-0.0205078125,0.68505859375,2.62544345406708,-0.5363694774421599,1.34624481937368,LVG2
79.85500000000171,0.92578125,0.0185546875,0.55615234375,2.02202779194465,-0.43313963753761703,1.4718233875049698,LVG2
79.8750000000017,0.75146484375,0.03466796875,0.31689453125,1.85281599251349,-0.302239943638043,1.49630056603904,LVG2
79.8950000000017,0.74267578125,0.55419921875,0.302734375,2.03479849378851,-0.533176801981195,1.44947465927822,LVG2
79.91500000000171,0.5126953125,1.2685546875,0.26171875,1.2376938537008602,-0.553397079900641,0.973766015594397,LVG2
79.93500000000171,0.26806640625,2.73095703125,0.82177734375,0.32565289701845396,-0.36609345285734707,-0.26179938779914896,LVG2
79.95600000000171,0.390625,1.5537109375,0.60546875,-3.1160512499020694,-0.60341566212243,-1.26004258192761,LVG2
79.9760000000017,0.82763671875,-0.60009765625,0.27001953125,-5.22747395475375,-0.8088111167778599,-1.38668537521257,LVG2
79.9960000000017,0.86572265625,-0.51318359375,0.85302734375,-2.7031318902839,-0.431011187230307,-1.2462076549301002,LVG2
80.0200000000017,0.6552734375,-0.208984375,0.8984375,-1.13872091441093,-0.332038247940385,-1.20789554939851,LVG2
80.04000000000171,0.7568359375,-0.37939453125,0.86669921875,-1.80066895998439,-0.38631373077679404,-0.7396364817902801,LVG2
80.06100000000171,0.908203125,-0.91064453125,0.8095703125,-0.9482246119066758,-0.08513801229240599,-0.322460221557489,LVG2
80.08100000000171,0.84130859375,-0.4033203125,0.9755859375,-0.007449576075585999,0.239450659572393,-0.14047772028247002,LVG2
80.1010000000017,0.7783203125,-0.02490234375,0.912109375,0.010642251536551002,0.424625836308377,0.07343153560220099,LVG2
80.12000000000171,0.57080078125,0.3017578125,0.86962890625,-0.230936858343152,0.43633231299858205,0.08300956198509599,LVG2
80.1450000000017,0.52685546875,0.1875,0.8515625,-0.334166698247695,0.36077232708907203,-0.050018582221788996,LVG2
80.1660000000017,0.52490234375,0.18994140625,0.87451171875,-0.21710193134563602,0.257542487184529,-0.153248422126331,LVG2
80.18600000000171,0.5712890625,0.09326171875,0.8857421875,-0.26818473872107995,0.159633773048262,-0.17240447489212302,LVG2
80.20600000000171,0.65673828125,0.033203125,0.92041015625,-0.11067941598012801,0.09578026382895699,-0.139413495128815,LVG2
80.2260000000017,0.63720703125,-0.0009765625,0.8974609375,-0.021284503073102003,0.08726646259971699,-0.084073787138751,LVG2
80.24500000000171,0.6201171875,0.03466796875,0.8955078125,0.086202237446062,0.050018582221788996,-0.030862529455997004,LVG2
80.26600000000171,0.671875,0.11669921875,0.89404296875,0.28308389087225105,0.015963377304826,-0.001064225153655,LVG2
80.2860000000017,0.76123046875,0.19873046875,0.90673828125,0.382056830162173,0.00425690061462,-0.022348728226757004,LVG2
80.3060000000017,0.77197265625,0.1474609375,0.95556640625,0.017027602458481002,0.013834926997516001,-0.035119430070618,LVG2
80.32600000000171,0.56201171875,0.14208984375,0.818359375,-0.32778134732576397,0.06811040983392501,-0.00212845030731,LVG2
80.3460000000016,0.4443359375,0.2734375,0.68896484375,-0.43313963753761703,-0.058532383451029006,-0.065981959526615,LVG2
80.3660000000017,0.63134765625,0.14111328125,0.7001953125,-0.8194533683144108,-0.313946420328248,-0.035119430070618,LVG2
80.38600000000159,0.71728515625,-0.0634765625,0.74658203125,-0.770499011246277,-0.356515426474451,-0.032990979763308,LVG2
80.40600000000171,0.6923828125,-0.20166015625,0.62353515625,-0.06811040983392501,-0.407598233849895,0.027669853995032002,LVG2
80.4260000000016,0.7724609375,-0.3330078125,0.50341796875,0.334166698247695,-0.557653980515261,0.286276566333216,LVG2
80.44600000000159,0.93603515625,-0.525390625,0.6171875,0.7907192891657241,-0.644920443114978,0.628957065810152,LVG2
80.46700000000159,0.9287109375,-0.29248046875,0.64501953125,1.55164027402911,-0.616186363966291,0.913105181836058,LVG2
80.48700000000159,0.86279296875,-0.15673828125,0.5732421875,1.41329100405395,-0.5980945363541539,1.19299639724734,LVG2
80.50600000000159,0.82861328125,-0.02734375,0.73876953125,1.36007974637119,-0.5565897553616059,1.33453834268347,LVG2
80.5310000000016,0.7841796875,0.06396484375,0.8232421875,1.46437381142939,-0.46719484245458,1.27281328377147,LVG2
80.5510000000016,0.82568359375,-0.12744140625,0.76123046875,1.4196763549758797,-0.393763306852379,1.16639076840597,LVG2
80.5720000000016,0.65185546875,-0.12255859375,0.57421875,1.6995675703871598,-0.267120513567425,1.1600054174840402,LVG2
80.59200000000159,0.673828125,0.32666015625,0.564453125,2.14760636007595,-0.28201966571859605,1.0142065714332902,LVG2
80.61200000000159,0.63623046875,0.298828125,0.48583984375,1.54419069795352,-0.225615732574877,0.8375451959265471,LVG2
80.63100000000159,0.5244140625,0.861328125,0.47265625,1.5846312537924099,-0.148991521511711,0.303304168791697,LVG2
80.6560000000016,0.51416015625,0.44189453125,0.5146484375,-0.34055204916962495,-0.49805737191057703,-0.007449576075585999,LVG2
80.6770000000016,0.6552734375,0.9248046875,0.75048828125,-1.07167472973066,-0.520406100137334,-0.26924896387473496,LVG2
80.6970000000016,0.642578125,0.99755859375,0.61572265625,-2.53179164054543,-0.027669853995032002,-0.8854353278410259,LVG2
80.71700000000159,0.8896484375,0.2392578125,0.4423828125,-3.74181564025126,0.17666137550674302,-1.35263017029561,LVG2
80.73700000000159,1.1083984375,-0.404296875,0.5927734375,-3.8652657580752496,0.045761681607168,-1.31218961445671,LVG2
80.7570000000016,1.0927734375,-0.53125,0.619140625,-3.21821686465296,0.14047772028247002,-1.05996825304046,LVG2
80.77700000000159,0.97607421875,-0.3525390625,0.59912109375,-2.3242677355826897,0.595966086046844,-1.03442684935274,LVG2
80.7980000000016,0.814453125,-0.3046875,0.52880859375,-1.9017703495816298,0.896077579377577,-0.9631237640578472,LVG2
80.8220000000016,0.8271484375,0.1044921875,0.8759765625,-1.4601169108147702,0.9013987051458521,-1.02272037266253,LVG2
80.84200000000159,0.85498046875,-0.28466796875,0.6728515625,-2.1827257901465704,0.7109024026415931,-0.680039873185596,LVG2
80.86200000000159,0.70068359375,-0.46337890625,0.56298828125,-2.04863342078603,0.7843339382437929,-0.34374472463059,LVG2
80.88300000000159,0.59716796875,-0.5390625,0.5859375,-1.37923579913698,0.630021290963807,-0.00638535092193,LVG2
80.9030000000016,0.6064453125,-0.3828125,0.71337890625,-0.487415120374026,0.277762765103976,0.161762223355572,LVG2
80.9230000000016,0.64794921875,-0.2001953125,0.892578125,-0.116000541748404,0.04682590676082401,0.29904726817707694,LVG2
80.94300000000159,0.623046875,-0.1103515625,0.8486328125,-0.42569006146203203,0.032990979763308,0.38631373077679404,LVG2
80.96700000000159,0.65234375,-0.22998046875,0.7880859375,-0.7481502830195209,-0.06917463498758,0.20858813011639601,LVG2
80.98800000000159,0.48291015625,-0.5810546875,0.2607421875,1.2494003303910601,-0.37247880377927794,0.012770701843860999,LVG2
81.00800000000159,0.5380859375,0.28662109375,0.689453125,2.5988378252257003,-0.738572256636625,-0.10961519082647302,LVG2
81.0280000000016,0.7568359375,0.2666015625,1.00927734375,0.6651407210344239,-0.67259029711001,-0.001064225153655,LVG2
81.0480000000016,0.892578125,-0.0458984375,0.89697265625,0.351194300706176,-0.295854592716112,-0.04895435706813401,LVG2
81.06800000000159,0.8603515625,0.14892578125,0.89892578125,-0.313946420328248,0.045761681607168,-0.243707560187013,LVG2
81.0880000000016,0.88037109375,-0.15869140625,0.85400390625,-0.21923038165294603,0.4235616111547221,-0.395891757159689,LVG2
81.1080000000016,0.8291015625,0.02880859375,0.9423828125,0.04682590676082401,0.638535092193047,-0.5001858222178871,LVG2
81.12800000000159,0.79833984375,-0.00927734375,0.810546875,-0.317139095789214,0.622571714888221,-0.376735704393898,LVG2
81.14800000000159,0.67626953125,-0.37060546875,0.4150390625,0.11387209144109299,0.345873174937901,-0.226679957728532,LVG2
81.1680000000016,0.7060546875,-0.42236328125,0.51123046875,0.7204804290244878,-0.009578026382896,0.00425690061462,LVG2
81.1880000000016,0.849609375,-0.60986328125,0.65283203125,0.9609953137505358,-0.10748674051916302,0.33310247309403995,LVG2
81.2090000000016,0.78369140625,-0.42333984375,0.5712890625,1.56653942618028,-0.008513801229241,0.5608466559762271,LVG2
81.2330000000016,0.748046875,-0.20361328125,0.62451171875,2.0688536987054698,-0.227744182882187,0.6821683234929059,LVG2
81.25300000000159,0.84326171875,-0.0263671875,0.775390625,2.38599279449469,-0.303304168791697,0.6864252241075259,LVG2
81.27300000000159,0.822265625,-0.1328125,0.71533203125,2.27850605397552,-0.21923038165294603,0.6885536744148361,LVG2
81.29400000000159,0.70361328125,0.02685546875,0.3955078125,3.0181425357658,-0.11067941598012801,0.488479345527681,LVG2
81.3140000000016,0.58984375,0.6796875,0.3837890625,3.8099260500851804,-0.08513801229240599,0.17240447489212302,LVG2
81.3340000000015,0.5244140625,0.97021484375,0.54736328125,2.73186596943259,-0.20965235527005102,-0.158569547894607,LVG2
81.3580000000016,0.46923828125,0.5703125,0.51953125,0.610865238198015,-0.615122138812636,-0.321395996403834,LVG2
81.37800000000159,0.5771484375,0.55419921875,0.68408203125,-0.10855096567281801,-0.7236731044854541,-0.33097402278673,LVG2
81.39900000000159,0.61279296875,0.89697265625,0.908203125,-2.10823002939071,-0.6555626946515289,-0.252221361416254,LVG2
81.4200000000016,0.92724609375,-0.1572265625,0.98876953125,-3.1852258848896495,-0.459745266378994,-0.20965235527005102,LVG2
81.44000000000159,1.0234375,-0.09130859375,1.1875,-1.9411466802668602,0.227744182882187,-0.411855134464516,LVG2
81.46400000000149,0.71240234375,-0.0751953125,0.59228515625,-2.40514884726048,0.7609209848633821,-0.567232006898157,LVG2
81.48400000000159,0.6025390625,-0.2685546875,0.36767578125,-1.7751275562966697,0.74176493209759,-0.522534550444644,LVG2
81.5050000000015,0.73779296875,-0.19775390625,0.52978515625,-0.450167239996098,0.36609345285734707,-0.40014865777430997,LVG2
81.5250000000015,0.84423828125,-0.18896484375,0.58935546875,0.020220277919447,0.06385350921930501,-0.121321667516679,LVG2
81.5450000000015,0.82568359375,-0.154296875,0.69140625,0.194753203118879,0.019156052765792,0.101101389597233,LVG2
81.5650000000015,0.78466796875,-0.0146484375,0.69921875,0.6949390253367671,0.029798304302342003,0.17240447489212302,LVG2
81.58900000000149,0.7822265625,-0.07763671875,0.71435546875,1.15255584140845,-0.126642793284954,0.35757965162810706,LVG2
81.61000000000149,0.78515625,0.052734375,0.83544921875,1.42499748074415,-0.20220277919446497,0.445910339381478,LVG2
81.6300000000015,0.69580078125,0.1474609375,0.86767578125,1.45586001020015,-0.160697998201917,0.399084432620655,LVG2
81.6500000000015,0.73876953125,0.10009765625,0.90185546875,1.48033718873422,-0.10003716444357699,0.37247880377927794,LVG2
81.6700000000015,0.69873046875,-0.31787109375,0.79541015625,0.9524815125212959,0.028734079148687,0.619379039427256,LVG2
81.6900000000015,0.65966796875,-0.6064453125,0.55322265625,1.27174905861782,-0.055339707990064005,0.915233632143368,LVG2
81.7100000000015,0.7021484375,-0.20556640625,0.43115234375,2.90427044432471,-0.36396500255003705,1.10998683526225,LVG2
81.7300000000015,0.951171875,0.52001953125,0.68701171875,2.9649312780830495,-0.4991215970642321,1.21853780093507,LVG2
81.75000000000149,0.99169921875,0.5615234375,0.6904296875,0.775820137014553,-0.173468700045778,1.14297781502556,LVG2
81.7700000000015,0.5869140625,0.96630859375,0.21826171875,-0.12557856813129903,0.313946420328248,0.443781889074168,LVG2
81.7900000000015,0.26025390625,1.6220703125,0.048828125,-0.7662421106316569,0.259670937491839,-0.554461305054296,LVG2
81.8110000000015,0.5615234375,0.83154296875,0.23193359375,-2.80210482957382,-0.455488365764374,-1.13127133833535,LVG2
81.8310000000015,0.90380859375,-0.10302734375,0.53564453125,-3.30229065179171,-0.621507489734566,-1.4686307120440099,LVG2
81.85100000000149,0.7666015625,-0.34423828125,0.5927734375,-2.19656071714408,-0.241579109879703,-1.47395183781228,LVG2
81.8710000000015,0.81494140625,-0.2802734375,0.720703125,-1.33453834268347,-0.18730362704329398,-1.13020711318169,LVG2
81.8910000000015,0.90869140625,-0.28125,0.9013671875,-1.43989663289532,-0.06917463498758,-0.7066455020269731,LVG2
81.9110000000015,0.82080078125,-0.4677734375,0.85986328125,-1.4792729635805602,0.20539545465543,-0.43420386269127204,LVG2
81.9310000000015,0.92626953125,-0.4228515625,0.84619140625,-0.8641508247679242,0.19688165342619002,-0.042569006146202994,LVG2
81.9510000000015,0.97314453125,0.0712890625,0.9267578125,-0.346937400091556,0.2788269902576311,0.30117571848438696,LVG2
81.9710000000015,0.81591796875,0.36181640625,0.7822265625,-0.399084432620655,0.4427176639205129,0.27457008964301,LVG2
81.99100000000149,0.66796875,0.41162109375,0.58740234375,-0.519341874983679,0.409726684157205,-0.014899152151171002,LVG2
82.01200000000149,0.65771484375,0.224609375,0.55517578125,-0.5980945363541539,0.170276024584813,-0.124514342977644,LVG2
82.0320000000015,0.72265625,0.11572265625,0.79248046875,-0.654498469497874,0.0,-0.036183655224273,LVG2
82.0520000000015,0.75,-0.0263671875,0.97900390625,-0.8556370235386841,0.044697456453513,-0.038312105531583,LVG2
82.0760000000015,0.67236328125,-0.279296875,0.80908203125,-0.67897564803194,0.14686307120440098,-0.08513801229240599,LVG2
82.0960000000015,0.68798828125,-0.150390625,0.81298828125,-0.14473462089709102,0.09471603867530198,0.023412953380412004,LVG2
82.1170000000015,0.68798828125,-0.01025390625,0.8642578125,0.0,0.035119430070618,0.05959660860468499,LVG2
82.13700000000149,0.7294921875,-0.02392578125,0.79443359375,-0.08833068775337198,-0.036183655224273,0.023412953380412004,LVG2
82.1570000000014,0.7734375,0.0009765625,0.77734375,-0.08833068775337198,-0.031926754609652,0.014899152151171002,LVG2
82.1770000000014,0.7783203125,0.02099609375,0.87451171875,-0.229872633189497,-0.022348728226757004,0.044697456453513,LVG2
82.2010000000014,0.77587890625,0.0458984375,0.97314453125,-0.4427176639205129,-0.027669853995032002,0.034055204916963,LVG2
82.2220000000015,0.71337890625,-0.0625,0.8125,-0.632149741271117,0.015963377304826,-0.07343153560220099,LVG2
82.2420000000014,0.6591796875,0.07470703125,0.70654296875,-0.126642793284954,0.035119430070618,-0.285212341179561,LVG2
82.26200000000141,0.6630859375,0.20654296875,0.759765625,-0.015963377304826,-0.08726646259971699,-0.277762765103976,LVG2
82.2820000000014,0.80078125,0.025390625,0.76953125,-1.08444543157453,-0.20965235527005102,-0.06917463498758,LVG2
82.3020000000014,0.783203125,-0.56640625,0.541015625,-1.7985405096770801,-0.139413495128815,0.147927296358056,LVG2
82.3220000000014,0.8203125,-0.6767578125,0.5537109375,0.001064225153655,-0.19901010373349998,0.317139095789214,LVG2
82.3420000000014,0.8828125,-0.27294921875,0.71337890625,1.3845569249052598,-0.29904726817707694,0.669397621649045,LVG2
82.3620000000014,0.908203125,-0.255859375,0.73681640625,1.2057670990912,-0.30649684425266305,1.00250009474308,LVG2
82.3820000000014,0.751953125,-0.3291015625,0.64453125,1.5346126715706203,-0.245836010494323,1.1174364113378301,LVG2
82.40200000000141,0.7646484375,0.0419921875,0.5830078125,2.5254062896235,-0.348001625245211,0.9631237640578472,LVG2
82.42300000000141,0.79052734375,-0.15380859375,0.47021484375,1.90283457473528,-0.491672020988646,1.1812899205571399,LVG2
82.4430000000014,0.814453125,-0.48876953125,0.423828125,1.4569242353538001,-0.628957065810152,1.45053888443187,LVG2
82.4670000000014,0.8310546875,-0.2802734375,0.58984375,1.8389810655159802,-0.6651407210344239,1.59740195563627,LVG2
82.4870000000014,0.85009765625,-0.13037109375,0.64794921875,1.52397042003407,-0.5097638486007829,1.5644109758729698,LVG2
82.5070000000014,0.783203125,0.55029296875,0.53759765625,2.27105647789994,-0.08300956198509599,0.770499011246277,LVG2
82.5280000000014,0.6728515625,1.54443359375,0.6953125,0.9524815125212959,0.348001625245211,-0.08194533683144099,LVG2
82.54800000000141,0.6201171875,0.958984375,0.38134765625,-1.02272037266253,0.391634856545069,-0.5565897553616059,LVG2
82.5680000000014,0.73095703125,0.56787109375,0.4169921875,-2.3742863178044797,0.245836010494323,-0.767306335785312,LVG2
82.5880000000014,0.85400390625,0.419921875,0.533203125,-3.5630258144372005,0.40227710808162,-0.9343896849091591,LVG2
82.6080000000014,0.7236328125,-0.0810546875,0.20751953125,-3.77799929547553,0.5778742584347081,-1.03655529966005,LVG2
82.6280000000014,0.62255859375,-0.56103515625,0.10986328125,-2.6861042878254198,0.326717122172109,-1.0099496708186702,LVG2
82.6480000000014,0.7294921875,-0.4375,0.51171875,-1.622943359324,0.001064225153655,-0.9397108106774351,LVG2
82.6680000000014,0.93896484375,-0.46533203125,0.83642578125,-1.22705160216431,0.116000541748404,-0.7066455020269731,LVG2
82.6880000000014,0.96142578125,-0.37939453125,0.89453125,-0.928004333987229,0.5927734105858791,-0.608736787890705,LVG2
82.7080000000014,0.88134765625,-0.224609375,0.94140625,-1.17171189417424,0.8407378713875121,-0.38631373077679404,LVG2
82.7290000000014,0.7236328125,-0.2802734375,0.80810546875,-1.35688707091023,0.8322240701582719,-0.13196391905323,LVG2
82.7490000000014,0.646484375,-0.28173828125,0.732421875,-1.08018853095991,0.742829157251245,-0.043633231299858,LVG2
82.7690000000014,0.63427734375,-0.27099609375,0.712890625,-0.67897564803194,0.60128721181512,-0.045761681607168,LVG2
82.7930000000014,0.61865234375,-0.2529296875,0.7138671875,-0.539562152903125,0.39269908169872403,0.038312105531583,LVG2
82.8130000000014,0.61181640625,-0.24658203125,0.7529296875,-0.619379039427256,0.19794587857984502,0.16389067366288199,LVG2
82.8340000000014,0.63134765625,-0.31201171875,0.8115234375,-0.461873716686304,0.021284503073102003,0.18943207735060397,LVG2
82.85400000000129,0.7119140625,-0.5419921875,0.73681640625,0.120257442363024,-0.17240447489212302,0.124514342977644,LVG2
82.8740000000014,0.6865234375,-0.408203125,0.6435546875,1.1227575371061103,-0.26392783810646,0.056403933143719005,LVG2
82.8940000000013,0.576171875,0.017578125,0.75244140625,1.2366296285472,-0.258606712338184,0.06704618468026999,LVG2
82.9140000000013,0.5771484375,-0.46728515625,0.54345703125,0.31288219517459304,-0.5001858222178871,0.19901010373349998,LVG2
82.9350000000013,0.79736328125,-0.45458984375,0.56396484375,1.21853780093507,-0.733251130868349,0.13622081966785002,LVG2
82.95500000000129,0.84130859375,-0.0166015625,0.796875,1.7240447489212298,-0.421433160847411,0.061725058911995,LVG2
82.9750000000013,0.80419921875,0.22705078125,0.78173828125,1.05358290211853,-0.118128992055714,0.007449576075585999,LVG2
82.9990000000013,0.88525390625,0.02490234375,0.7626953125,0.04150478099254799,0.051082807375443996,-0.119193217209369,LVG2
83.0190000000013,0.876953125,-0.20556640625,0.6298828125,-0.001064225153655,0.21816615649929103,-0.18304672642867398,LVG2
83.0400000000013,0.83935546875,0.20361328125,0.69384765625,0.641727767654013,0.349065850398866,-0.291597692101492,LVG2
83.0600000000013,0.8017578125,-0.08251953125,0.61962890625,-0.13622081966785002,0.33523092340134997,-0.20539545465543,LVG2
83.08000000000129,0.77587890625,-0.43896484375,0.5615234375,-0.38099260500851795,0.21497348103832603,-0.07130308529489,LVG2
83.1000000000013,0.818359375,-0.53369140625,0.666015625,0.26924896387473496,0.130899693899575,0.022348728226757004,LVG2
83.1200000000013,0.755859375,-0.54052734375,0.720703125,0.8056184413168951,0.11280786628743801,0.27137741418204503,LVG2
83.1400000000013,0.66455078125,-0.61181640625,0.75341796875,0.907784056067782,0.04150478099254799,0.622571714888221,LVG2
83.1600000000013,0.6416015625,-0.5126953125,0.75732421875,1.55589717464373,0.036183655224273,0.685360998953871,LVG2
83.1800000000013,0.70947265625,-0.1767578125,0.7763671875,2.3530018147313796,0.053211257682754004,0.638535092193047,LVG2
83.2000000000013,0.68310546875,0.03662109375,0.6640625,2.29659788158766,0.124514342977644,0.6715260719563549,LVG2
83.22000000000129,0.62841796875,0.09619140625,0.45361328125,2.24232239875125,0.12557856813129903,0.47358019337651,LVG2
83.2400000000013,0.65625,0.27197265625,0.38916015625,2.34874491411676,-0.028734079148687,0.158569547894607,LVG2
83.2600000000013,0.77099609375,0.318359375,0.58349609375,1.27174905861782,-0.18517517673598397,0.126642793284954,LVG2
83.2800000000013,0.640625,0.14208984375,0.45068359375,0.192624752811569,-0.177725600660398,0.141541945436126,LVG2
83.30000000000129,0.55615234375,0.85546875,0.49755859375,0.403341333235275,-0.230936858343152,-0.227744182882187,LVG2
83.3200000000013,0.6005859375,0.8251953125,0.533203125,-0.474644418530165,-0.28734079148687103,-0.7619852100170369,LVG2
83.3410000000013,0.919921875,0.34765625,0.6640625,-1.2089597745521699,-0.73750803148297,-0.621507489734566,LVG2
83.3610000000013,1.14501953125,0.49951171875,1.04541015625,-1.4877867648098,-0.9311970094481941,-0.371414578625623,LVG2
83.3810000000013,1.0361328125,0.19775390625,1.02978515625,-2.14334945946133,-0.511892298908093,-0.529984126520229,LVG2
83.4010000000013,0.84326171875,-0.3818359375,0.76953125,-1.8379168403623198,-0.045761681607168,-0.774755911860898,LVG2
83.4210000000013,0.7802734375,-0.65869140625,0.6513671875,-0.60128721181512,-0.09365181352164699,-0.48209399460575103,LVG2
83.4410000000013,0.91943359375,-0.498046875,0.94140625,0.06917463498758,-0.241579109879703,0.08513801229240599,LVG2
83.4610000000012,0.8330078125,-0.27392578125,0.76171875,0.044697456453513,0.078752661370476,0.20220277919446497,LVG2
83.4810000000013,0.59375,0.2236328125,0.6767578125,-0.277762765103976,0.491672020988646,0.18198250127501897,LVG2
83.5010000000012,0.46435546875,0.09765625,0.6064453125,-1.10572993464763,0.576810033281053,0.20539545465543,LVG2
83.52100000000121,0.49072265625,-0.263671875,0.48583984375,-0.8907564536093009,0.409726684157205,-0.04150478099254799,LVG2
83.5410000000012,0.62890625,-0.1015625,0.57080078125,-0.022348728226757004,0.17240447489212302,-0.18411095158232899,LVG2
83.5610000000012,0.75244140625,0.09375,0.8837890625,-0.14047772028247002,0.123450117823989,-0.053211257682754004,LVG2
83.5810000000012,0.69091796875,0.1318359375,0.93408203125,-0.46932329276189,0.26818473872107995,-0.074495760755856,LVG2
83.6010000000012,0.71044921875,-0.05224609375,0.90625,-0.7513429584804859,0.26924896387473496,-0.10003716444357699,LVG2
83.6210000000012,0.77587890625,-0.13037109375,0.9453125,-0.6736545222636651,0.20858813011639601,-0.008513801229241,LVG2
83.6420000000012,0.81201171875,-0.083984375,0.92431640625,-0.535305252288505,0.18091827612136302,0.07130308529489,LVG2
83.6620000000012,0.80224609375,-0.0673828125,0.830078125,-0.46293794183995896,0.153248422126331,0.156441097587297,LVG2
83.6820000000012,0.80126953125,-0.0458984375,0.86181640625,-0.474644418530165,0.080881111677786,0.236257984111428,LVG2
83.7020000000012,0.7578125,-0.08642578125,0.830078125,-0.456552590918029,-0.026605628841377002,0.21710193134563602,LVG2
83.7220000000012,0.68359375,-0.1494140625,0.50244140625,-0.431011187230307,-0.168147574277502,0.13196391905323,LVG2
83.7420000000012,0.72021484375,0.2626953125,0.4580078125,0.316074870635558,-0.451231465149754,-0.18304672642867398,LVG2
83.76200000000121,0.95751953125,-0.00732421875,1.15869140625,-0.704517051719662,-0.36609345285734707,-0.076624211063166,LVG2
83.7820000000012,0.9345703125,-0.478515625,0.8896484375,-1.94966048149611,0.122385892670334,0.156441097587297,LVG2
83.8020000000012,0.86279296875,-0.9140625,0.4384765625,-1.10679415980128,0.302239943638043,0.33948782401597,LVG2
83.8220000000012,0.81787109375,-0.38134765625,0.6767578125,0.6651407210344239,0.21390925588467102,0.515084974369058,LVG2
83.8420000000012,0.716796875,-0.05712890625,0.890625,0.8684077253825441,0.28308389087225105,0.575745808127398,LVG2
83.86300000000121,0.55908203125,-0.3369140625,0.73828125,0.9769586910553629,0.307561069406318,0.53211257682754,LVG2
83.8830000000012,0.50830078125,-0.52587890625,0.62109375,1.6325213857068899,0.13196391905323,0.549140179286021,LVG2
83.9030000000012,0.521484375,-0.3583984375,0.6005859375,2.14122100915402,-0.152184196972676,0.753471408787796,LVG2
83.9230000000012,0.5576171875,-0.1455078125,0.62353515625,2.13057875761747,-0.305432619099008,0.8854353278410259,LVG2
83.9430000000012,0.5361328125,-0.61279296875,0.4814453125,1.52503464518773,-0.42781851176934205,1.05464712727218,LVG2
83.9640000000012,0.55908203125,-0.92431640625,0.40087890625,1.1887394966327198,-0.576810033281053,1.36646509729312,LVG2
83.9840000000012,0.55859375,-0.87353515625,0.26220703125,1.14404204017921,-0.580002708742018,1.7442650268406699,LVG2
84.0040000000012,0.48779296875,-0.19384765625,0.3291015625,2.03479849378851,-0.54062637805678,1.67828306731406,LVG2
84.0240000000012,0.65478515625,-0.16357421875,0.50537109375,2.6211865534524597,-0.742829157251245,1.5548329494900701,LVG2
84.0430000000012,0.9892578125,0.7470703125,0.69580078125,4.08556036488185,-0.5693604572054671,0.984408267130948,LVG2
84.0640000000012,1.03662109375,1.46630859375,0.91943359375,3.5002365303715597,0.021284503073102003,0.273505864489355,LVG2
84.0840000000012,0.81005859375,0.50341796875,0.5537109375,0.580002708742018,0.284148116025906,-0.29904726817707694,LVG2
84.10400000000121,0.54443359375,-0.41064453125,0.4951171875,-0.239450659572393,0.04150478099254799,-0.26605628841377,LVG2
84.1240000000012,0.43701171875,-0.01513671875,0.365234375,0.7694347860926222,-0.179854050967708,-0.37460725408658796,LVG2
84.1440000000011,0.18408203125,-0.080078125,0.251953125,0.489543570681336,-0.346937400091556,-0.127707018438609,LVG2
84.1650000000011,0.125,-0.12353515625,0.353515625,-0.051082807375443996,-0.717287753563523,-0.142606170589781,LVG2
84.1850000000011,0.26123046875,-0.47607421875,0.35302734375,-0.241579109879703,-1.28026285984706,-0.10216561475088799,LVG2
84.20500000000109,0.435546875,-0.55078125,0.40478515625,0.27669853995032107,-1.8134396618282602,0.128771243592265,LVG2
84.2250000000011,0.43017578125,-0.20556640625,0.724609375,1.13872091441093,-2.1571843864588502,0.284148116025906,LVG2
84.2450000000011,0.64306640625,-0.1630859375,0.53564453125,1.48565831450249,-2.3966350460312404,-0.022348728226757004,LVG2
84.2650000000011,1.09619140625,-0.087890625,0.51220703125,1.51545661880483,-2.45942433009689,-0.156441097587297,LVG2
84.28500000000109,1.4326171875,0.884765625,0.67529296875,1.0652893788087299,-1.73149432499681,-0.554461305054296,LVG2
84.3050000000011,1.05029296875,1.8486328125,0.77978515625,0.3597081019354171,-0.642791992807668,-1.18767527147907,LVG2
84.3250000000011,1.1748046875,0.814453125,0.2265625,-0.7492145081731759,-1.1749045696352098,-0.821581818621721,LVG2
84.3450000000011,1.611328125,0.39208984375,0.32470703125,-0.6257643903491871,-1.43670395743436,-0.5746815829737429,LVG2
84.3660000000011,1.59765625,0.7783203125,0.71484375,-0.43420386269127204,-1.08657388188184,-0.40653400869623996,LVG2
84.38600000000109,1.35791015625,0.41552734375,0.6259765625,-1.29196933653727,-0.453359915457064,-0.37886415470120793,LVG2
84.4060000000011,1.2197265625,0.1337890625,0.4326171875,-1.2110882248594799,-0.078752661370476,-0.247964460801633,LVG2
84.4260000000011,1.283203125,0.3095703125,0.5830078125,-1.00250009474308,0.036183655224273,-0.15111997181902098,LVG2
84.44600000000109,1.4345703125,0.5146484375,0.90185546875,-1.63784251147517,0.286276566333216,-0.175597150353088,LVG2
84.4660000000011,1.55224609375,0.52587890625,1.06201171875,-3.0766749192168303,0.763049435170692,-0.21816615649929103,LVG2
84.4860000000011,1.5400390625,0.40966796875,0.7392578125,-4.50912197603657,1.3888138255198799,-0.21923038165294603,LVG2
84.5060000000011,1.44873046875,0.6572265625,0.376953125,-5.19448297499044,1.9049630250425902,-0.122385892670334,LVG2
84.52600000000109,1.34765625,0.84033203125,-0.11181640625,-6.722710295639139,2.03054159317389,0.240514884726048,LVG2
84.5460000000011,1.30078125,-0.11328125,-0.46142578125,-8.85861017902488,2.16889086314905,1.12169331195245,LVG2
84.5670000000011,1.31640625,-0.40478515625,-0.28173828125,-8.064698214398192,2.7063245657448705,1.04506910088929,LVG2
84.5870000000011,1.39453125,-0.341796875,-0.07470703125,-6.15334983843367,3.0202709860731103,0.9013987051458521,LVG2
84.6070000000011,1.189453125,-0.283203125,-0.06396484375,-5.12530834000286,3.4959796297569303,0.9567384131359159,LVG2
84.6270000000011,0.822265625,-0.44287109375,-0.009765625,-4.410149036746651,3.82801787769732,0.7183519787171779,LVG2
84.6470000000011,0.7177734375,-0.265625,0.1474609375,-3.04049126399256,3.68115480649292,0.12557856813129903,LVG2
84.6670000000011,0.6796875,-0.15625,0.23095703125,-2.09333087723954,3.5087503316007997,-0.291597692101492,LVG2
84.68700000000109,0.4453125,-0.34130859375,0.2724609375,-2.02415624225196,3.60453059542975,-0.67684719772463,LVG2
84.707000000001,0.1875,-0.392578125,0.4013671875,-1.52397042003407,3.6747694555709907,-1.3313456672225,LVG2
84.727000000001,0.19091796875,-0.3486328125,0.66455078125,-0.5693604572054671,3.3863644389304604,-2.06991792385913,LVG2
84.747000000001,0.35107421875,-0.19287109375,0.837890625,-0.10855096567281801,3.08731717075338,-2.56903952092336,LVG2
84.768000000001,0.33935546875,-0.2529296875,0.77685546875,-0.775820137014553,3.0575188664510398,-2.8319031338761698,LVG2
84.788000000001,0.23828125,-0.44384765625,0.59423828125,-1.47820873842691,2.99260113207808,-2.99366535723174,LVG2
84.808000000001,0.25,-0.52685546875,0.560546875,-1.7336227753041202,2.79891215411286,-3.05006929037546,LVG2
84.828000000001,0.27001953125,-0.443359375,0.62451171875,-1.79321938390881,2.61267275222322,-3.09689519713628,LVG2
84.84800000000101,0.33740234375,-0.5341796875,0.61865234375,-1.8506875422061797,2.37641476811179,-3.11392279959476,LVG2
84.868000000001,0.52587890625,-0.68115234375,0.6044921875,-1.78683403298688,2.02415624225196,-3.06603266768028,LVG2
84.888000000001,0.50537109375,-0.64208984375,0.47705078125,-2.07736749993471,1.7421365765333603,-2.94045409954898,LVG2
84.908000000001,0.53515625,-0.55078125,0.3525390625,-2.7382513203545202,1.43989663289532,-2.75315047250569,LVG2
84.928000000001,0.58984375,-0.640625,0.287109375,-3.3044191020990197,1.3356025678371202,-2.48390150863095,LVG2
84.948000000001,0.6962890625,-0.7490234375,0.373046875,-3.35869458493543,1.1227575371061103,-2.25722155090242,LVG2
84.968000000001,0.794921875,-0.75048828125,0.37158203125,-3.33208895609405,0.8407378713875121,-2.01244976556175,LVG2
84.988000000001,0.76953125,-0.67529296875,0.2880859375,-3.34379543278426,0.6247001651955311,-1.86132979374273,LVG2
85.008000000001,0.73974609375,-0.69287109375,0.203125,-3.1394642032824804,0.40014865777430997,-1.76448530476012,LVG2
85.028000000001,0.78271484375,-0.63427734375,0.140625,-2.7116456915131404,0.135156594514195,-1.7687422053747401,LVG2
85.048000000001,0.8193359375,-0.75390625,0.025390625,-2.3349099871192402,-0.027669853995032002,-1.68360419308234,LVG2
85.068000000001,0.86279296875,-0.8818359375,0.001953125,-1.5761174525631698,-0.157505322740952,-1.55908985010469,LVG2
85.08900000000101,0.8583984375,-0.83642578125,0.15673828125,-0.27669853995032107,-0.20220277919446497,-1.54631914826083,LVG2
85.109000000001,0.9296875,-0.67041015625,0.3505859375,0.73750803148297,-0.346937400091556,-1.5186492942658,LVG2
85.129000000001,0.94970703125,-0.583984375,0.37646484375,0.797104640087654,-0.42781851176934205,-1.31431806476402,LVG2
85.149000000001,0.91796875,-0.654296875,0.3583984375,0.171340249738468,-0.40866245900354997,-1.00888544566502,LVG2
85.173000000001,0.88037109375,-0.7255859375,0.357421875,-0.389506406237759,-0.389506406237759,-0.7949761897803441,LVG2
85.194000000001,0.853515625,-0.677734375,0.326171875,-0.522534550444644,-0.40227710808162,-0.792847739473034,LVG2
85.21400000000101,0.78271484375,-0.64453125,0.287109375,-0.5001858222178871,-0.37567147924024297,-0.8247744940826859,LVG2
85.234000000001,0.72900390625,-0.662109375,0.30517578125,-0.39482753200603404,-0.367157678011002,-0.842866321694823,LVG2
85.254000000001,0.73193359375,-0.6767578125,0.3583984375,-0.19901010373349998,-0.407598233849895,-0.9056556057604721,LVG2
85.273000000001,0.6982421875,-0.595703125,0.37255859375,-0.09684448898261201,-0.44803878968878796,-1.0056927702040501,LVG2
85.294000000001,0.6494140625,-0.53369140625,0.34130859375,-0.2969188178697669,-0.485286670066716,-1.08444543157453,LVG2
85.314000000001,0.6630859375,-0.59716796875,0.29248046875,-0.578938483588363,-0.5235987755982989,-1.1472347156401799,LVG2
85.334000000001,0.6845703125,-0.69287109375,0.33935546875,-0.450167239996098,-0.5108280737544381,-1.23343695308624,LVG2
85.35400000000101,0.673828125,-0.68310546875,0.3955078125,-0.20858813011639601,-0.533176801981195,-1.31218961445671,LVG2
85.3740000000009,0.68115234375,-0.64501953125,0.36376953125,-0.2969188178697669,-0.608736787890705,-1.3505017199882998,LVG2
85.394000000001,0.71484375,-0.6181640625,0.32373046875,-0.461873716686304,-0.681104098339251,-1.36752932244678,LVG2
85.41400000000091,0.701171875,-0.603515625,0.32470703125,-0.4969931467569221,-0.715159303256213,-1.3717862230613997,LVG2
85.4340000000009,0.65673828125,-0.5888671875,0.30712890625,-0.39482753200603404,-0.755599859095106,-1.36433664698581,LVG2
85.4540000000009,0.70068359375,-0.6005859375,0.2431640625,-0.23200108349680698,-0.88011420207275,-1.38668537521257,LVG2
85.4740000000009,0.76513671875,-0.61328125,0.24853515625,0.143670395743436,-1.03868374996736,-1.4888509899634599,LVG2
85.49400000000091,0.822265625,-0.58203125,0.32177734375,0.7662421106316569,-1.21002399970582,-1.62826448509227,LVG2
85.51500000000091,0.92236328125,-0.52490234375,0.337890625,1.2866482107689898,-1.3803000242906398,-1.70595292130909,LVG2
85.5350000000009,0.9765625,-0.455078125,0.31640625,1.29196933653727,-1.44947465927822,-1.66231969000923,LVG2
85.5590000000009,1.05859375,-0.4208984375,0.314453125,0.7875266137047591,-1.41222677890029,-1.52077774457311,LVG2
85.5790000000009,1.146484375,-0.3916015625,0.29248046875,0.445910339381478,-1.23130850277893,-1.38242847459795,LVG2
85.6000000000009,1.10498046875,-0.2939453125,0.27880859375,-0.061725058911995,-0.971637565287087,-1.22173047639603,LVG2
85.6200000000009,1.07470703125,-0.30712890625,0.23876953125,-0.535305252288505,-0.8364809707728921,-1.03016994873812,LVG2
85.64000000000091,1.13818359375,-0.322265625,0.22119140625,-0.7002601511050419,-0.7119666277952479,-0.803489991009585,LVG2
85.6600000000009,1.14306640625,-0.2958984375,0.2060546875,-0.681104098339251,-0.49060779583499203,-0.578938483588363,LVG2
85.6840000000009,1.05322265625,-0.25146484375,0.10986328125,-0.6651407210344239,-0.32565289701845396,-0.37567147924024297,LVG2
85.70500000000091,1.07763671875,-0.3017578125,0.11376953125,-0.5863880596639489,-0.302239943638043,-0.20645967980908497,LVG2
85.7250000000009,1.1318359375,-0.27197265625,0.1455078125,-0.322460221557489,-0.25541403687721903,-0.072367310448545,LVG2
85.7450000000009,1.04833984375,-0.15771484375,0.14404296875,-0.244771785340668,-0.09897293928992199,0.04895435706813401,LVG2
85.76500000000091,1.01708984375,-0.19873046875,0.1171875,-0.4320754123839621,-0.09365181352164699,0.133028144206885,LVG2
85.7850000000009,1.06201171875,-0.25537109375,0.11962890625,-0.41398358477182595,-0.145798846050746,0.154312647279986,LVG2
85.8050000000009,1.06298828125,-0.244140625,0.09521484375,-0.284148116025906,-0.10003716444357699,0.128771243592265,LVG2
85.82500000000091,1.02099609375,-0.1865234375,0.06396484375,-0.28946924179418104,-0.020220277919447,0.128771243592265,LVG2
85.8460000000009,1.01123046875,-0.1708984375,0.0341796875,-0.376735704393898,0.001064225153655,0.164954898816537,LVG2
85.86600000000091,1.0390625,-0.22119140625,0.044921875,-0.42036893569375605,-0.019156052765792,0.21071658042370603,LVG2
85.8860000000009,1.05712890625,-0.27587890625,0.02587890625,-0.34268049947693496,-0.024477178534067005,0.264992063260115,LVG2
85.90600000000092,1.05322265625,-0.24560546875,-0.01806640625,-0.09578026382895699,-0.028734079148687,0.311817970020938,LVG2
85.92600000000091,1.07421875,-0.205078125,-0.0517578125,0.16389067366288199,-0.052147032529099004,0.313946420328248,LVG2
85.94600000000092,1.09228515625,-0.23828125,-0.052734375,0.31288219517459304,-0.079816886524131,0.316074870635558,LVG2
85.96600000000092,1.0771484375,-0.26904296875,-0.03857421875,0.535305252288505,-0.10642251536550801,0.326717122172109,LVG2
85.98600000000091,1.07470703125,-0.2001953125,0.01123046875,0.844994772002133,-0.12983546874592,0.33523092340134997,LVG2
86.00700000000091,1.0576171875,-0.08349609375,0.05908203125,0.950353062213986,-0.10748674051916302,0.358643876781762,LVG2
86.02700000000091,0.9990234375,-0.0322265625,0.0712890625,0.7715632363999321,-0.040440555838893,0.38099260500851795,LVG2
86.0470000000008,1.0126953125,-0.00537109375,0.10888671875,0.5001858222178871,0.017027602458481002,0.36928612831831203,LVG2
86.06700000000092,1.04248046875,-0.00048828125,0.125,0.161762223355572,0.10855096567281801,0.39802020746699995,LVG2
86.0870000000008,1.05908203125,-0.0341796875,0.0908203125,-0.238386434418738,0.18304672642867398,0.39695598231334395,LVG2
86.1070000000008,1.06201171875,-0.0888671875,0.0673828125,-0.635342416732082,0.235193758957772,0.385249505623139,Null
86.1270000000008,1.044921875,-0.13818359375,0.05322265625,-0.8598939241533041,0.285212341179561,0.412919359618171,Null
86.1470000000008,1.01123046875,-0.19091796875,0.0166015625,-0.799233090394964,0.28095544056494104,0.451231465149754,Null
86.1670000000008,0.94970703125,-0.23095703125,0.0361328125,-0.47358019337651,0.235193758957772,0.474644418530165,Null
86.18700000000081,0.8916015625,-0.271484375,0.0380859375,-0.160697998201917,0.17666137550674302,0.489543570681336,Null
86.2080000000008,0.8828125,-0.26220703125,0.02978515625,0.12557856813129903,0.10642251536550801,0.483158219759406,Null
86.2280000000008,0.94140625,-0.22998046875,0.05126953125,0.33735937370866,0.043633231299858,0.4427176639205129,Null
86.2480000000008,1.00732421875,-0.1904296875,0.0732421875,0.401212882927965,0.034055204916963,0.40227710808162,Null
86.2680000000008,1.021484375,-0.19677734375,0.0732421875,0.286276566333216,0.08513801229240599,0.35332275101348604,Null
86.2920000000008,1.033203125,-0.23388671875,0.0625,0.119193217209369,0.10961519082647302,0.30436839394535303,Null
86.3130000000008,1.05517578125,-0.26708984375,0.05029296875,-0.014899152151171002,0.116000541748404,0.223487282267567,Null
86.3330000000008,1.064453125,-0.28564453125,0.04931640625,-0.09471603867530198,0.12557856813129903,0.124514342977644,Null
86.3530000000008,1.0,-0.31787109375,0.07275390625,-0.07023886014123501,0.137285044821505,0.044697456453513,Null
86.3730000000008,0.90185546875,-0.3427734375,0.08349609375,0.06491773437296,0.09897293928992199,-0.001064225153655,Null
86.3930000000008,0.85498046875,-0.353515625,0.07666015625,0.291597692101492,0.001064225153655,-0.035119430070618,Null
86.4140000000008,0.87744140625,-0.3369140625,0.0859375,0.597030311200499,-0.09684448898261201,-0.055339707990064005,Null
86.43400000000081,0.89990234375,-0.3349609375,0.10595703125,0.9056556057604721,-0.133028144206885,-0.080881111677786,Null
86.4540000000008,0.92431640625,-0.32763671875,0.10693359375,1.11956486164514,-0.135156594514195,-0.10961519082647302,Null
86.4740000000008,0.97998046875,-0.2841796875,0.10498046875,1.2015101984765801,-0.127707018438609,-0.152184196972676,Null
86.4940000000008,1.05126953125,-0.2490234375,0.12939453125,1.09083078249646,-0.09578026382895699,-0.170276024584813,Null
86.5140000000008,1.05029296875,-0.2080078125,0.20166015625,0.6864252241075259,0.012770701843860999,-0.11174364113378302,Null
86.5350000000008,0.99658203125,-0.2490234375,0.16650390625,0.08726646259971699,0.10003716444357699,-0.042569006146202994,Null
86.55900000000081,0.9677734375,-0.29736328125,0.1298828125,-0.179854050967708,0.08513801229240599,0.029798304302342003,Null
86.5790000000008,0.97119140625,-0.31005859375,0.12353515625,-0.139413495128815,0.057468158297374,0.052147032529099004,Null
86.5990000000008,0.97119140625,-0.30712890625,0.12353515625,0.00212845030731,0.042569006146202994,0.056403933143719005,Null
86.6200000000008,0.97412109375,-0.27197265625,0.130859375,0.147927296358056,0.028734079148687,0.06066083375833999,Null
86.6400000000008,0.98388671875,-0.2548828125,0.14013671875,0.258606712338184,0.018091827612136003,0.051082807375443996,Null
86.6600000000008,1.0009765625,-0.2333984375,0.15087890625,0.290533466947837,0.010642251536551002,0.035119430070618,Null
86.6800000000008,0.99072265625,-0.23779296875,0.1630859375,0.222423057113912,0.034055204916963,0.030862529455997004,Null
86.7040000000008,0.9697265625,-0.24169921875,0.1650390625,0.143670395743436,0.054275482836409004,0.031926754609652,Null
86.7250000000008,0.9658203125,-0.26123046875,0.1552734375,0.077688436216821,0.043633231299858,0.037247880377928,Null
86.7450000000008,0.9873046875,-0.26318359375,0.15283203125,0.09045913806068198,0.024477178534067005,0.029798304302342003,Null
86.7650000000008,0.99755859375,-0.26025390625,0.15234375,0.084073787138751,0.017027602458481002,0.036183655224273,Null
86.78500000000071,0.986328125,-0.28076171875,0.15625,0.032990979763308,0.038312105531583,0.040440555838893,Null
86.8050000000008,0.9677734375,-0.2841796875,0.16015625,0.040440555838893,0.061725058911995,0.051082807375443996,Null
86.8250000000007,0.97216796875,-0.2705078125,0.1650390625,0.032990979763308,0.04789013191447901,0.06066083375833999,Null
86.8460000000007,0.98193359375,-0.28759765625,0.1474609375,-0.04682590676082401,0.026605628841377002,0.076624211063166,Null
86.86600000000071,0.9755859375,-0.29150390625,0.14453125,-0.056403933143719005,0.034055204916963,0.06704618468026999,Null
86.8860000000007,0.9541015625,-0.29541015625,0.140625,-0.014899152151171002,0.04789013191447901,0.052147032529099004,Null
86.91000000000071,0.94384765625,-0.27734375,0.1435546875,0.06491773437296,0.031926754609652,0.022348728226757004,Null
86.93100000000071,0.94384765625,-0.2705078125,0.138671875,0.07343153560220099,0.013834926997516001,0.003192675460965,Null
86.9510000000007,0.94970703125,-0.26806640625,0.14013671875,0.09897293928992199,0.00425690061462,-0.010642251536551002,Null
86.9710000000007,0.94677734375,-0.26513671875,0.1396484375,0.152184196972676,-0.014899152151171002,-0.031926754609652,Null
86.99100000000071,0.95654296875,-0.2421875,0.13818359375,0.147927296358056,-0.035119430070618,-0.057468158297374,Null
87.0110000000007,0.97216796875,-0.24267578125,0.12646484375,0.10429406505819801,-0.043633231299858,-0.075559985909511,Null
87.0310000000007,0.986328125,-0.2578125,0.130859375,0.117064766902059,-0.022348728226757004,-0.09897293928992199,Null
87.05100000000071,0.9716796875,-0.2607421875,0.13427734375,0.13834926997516,-0.017027602458481002,-0.10322983990454301,Null
87.07100000000071,0.96533203125,-0.26904296875,0.1279296875,0.160697998201917,-0.037247880377928,-0.097908714136267,Null
87.0910000000007,0.97216796875,-0.26318359375,0.12939453125,0.17240447489212302,-0.04682590676082401,-0.08833068775337198,Null
87.1110000000007,0.9912109375,-0.255859375,0.13427734375,0.157505322740952,-0.038312105531583,-0.075559985909511,Null
87.1320000000007,0.98388671875,-0.26220703125,0.1376953125,0.142606170589781,-0.015963377304826,-0.06704618468026999,Null
87.15200000000071,0.96826171875,-0.259765625,0.14404296875,0.08833068775337198,-0.013834926997516001,-0.06385350921930501,Null
87.17200000000071,0.97412109375,-0.2529296875,0.142578125,0.00425690061462,-0.009578026382896,-0.06704618468026999,Null
87.1920000000007,0.984375,-0.2626953125,0.1376953125,-0.057468158297374,0.001064225153655,-0.061725058911995,Null
87.2120000000007,0.990234375,-0.2734375,0.13427734375,-0.06491773437296,0.014899152151171002,-0.06066083375833999,Null
87.23200000000071,0.98974609375,-0.25732421875,0.1328125,-0.06491773437296,0.029798304302342003,-0.056403933143719005,Null
87.2520000000007,0.9853515625,-0.2646484375,0.1337890625,-0.077688436216821,0.030862529455997004,-0.042569006146202994,Null
87.2720000000007,0.97802734375,-0.29052734375,0.13720703125,-0.06385350921930501,0.026605628841377002,-0.027669853995032002,Null
87.29200000000071,0.98291015625,-0.28662109375,0.146484375,-0.06917463498758,0.013834926997516001,-0.024477178534067005,Null
87.31200000000071,0.98388671875,-0.29052734375,0.138671875,-0.07343153560220099,0.015963377304826,-0.022348728226757004,Null
87.3320000000007,0.9775390625,-0.2939453125,0.1455078125,-0.017027602458481002,0.017027602458481002,-0.018091827612136003,Null
87.3530000000007,0.98974609375,-0.2880859375,0.1484375,-0.007449576075585999,0.019156052765792,-0.00425690061462,Null
87.3770000000007,0.9853515625,-0.28125,0.14453125,-0.029798304302342003,0.039376330685238,0.00425690061462,Null
87.3970000000007,0.97900390625,-0.28125,0.14208984375,-0.026605628841377002,0.045761681607168,0.009578026382896,Null
87.41700000000071,0.9775390625,-0.27099609375,0.14404296875,-0.011706476690206002,0.043633231299858,0.00638535092193,Null
87.4380000000007,0.970703125,-0.26416015625,0.14013671875,-0.020220277919447,0.04895435706813401,0.010642251536551002,Null
87.45800000000071,0.9736328125,-0.2685546875,0.1376953125,-0.034055204916963,0.04682590676082401,0.017027602458481002,Null
87.4770000000007,0.970703125,-0.27392578125,0.13427734375,-0.042569006146202994,0.051082807375443996,0.026605628841377002,Null
87.5020000000007,0.96875,-0.2724609375,0.134765625,-0.030862529455997004,0.050018582221788996,0.025541403687721998,Null
87.5220000000007,0.97412109375,-0.27490234375,0.1337890625,-0.042569006146202994,0.042569006146202994,0.020220277919447,Null
87.5430000000007,0.9775390625,-0.26806640625,0.13232421875,-0.04682590676082401,0.040440555838893,0.013834926997516001,Null
87.5630000000007,0.97412109375,-0.25927734375,0.13232421875,-0.054275482836409004,0.045761681607168,0.014899152151171002,Null
87.58300000000071,0.9755859375,-0.25732421875,0.13720703125,-0.06704618468026999,0.043633231299858,0.024477178534067005,Null
87.6020000000007,0.994140625,-0.275390625,0.134765625,-0.09045913806068198,0.021284503073102003,0.043633231299858,Null
87.62200000000071,0.9873046875,-0.28759765625,0.13232421875,-0.06491773437296,0.011706476690206002,0.04895435706813401,Null
87.64300000000071,0.97802734375,-0.27294921875,0.13720703125,-0.015963377304826,0.0,0.036183655224273,Null
87.66300000000071,0.9794921875,-0.25830078125,0.14013671875,-0.012770701843860999,-0.009578026382896,0.023412953380412004,Null
87.68300000000059,0.9794921875,-0.25537109375,0.1455078125,-0.019156052765792,-0.00638535092193,0.015963377304826,Null
87.70300000000059,0.9736328125,-0.2509765625,0.14892578125,-0.028734079148687,-0.00212845030731,0.011706476690206002,Null
87.7230000000006,0.96435546875,-0.2578125,0.14892578125,-0.04789013191447901,0.0,0.00212845030731,Null
87.74300000000059,0.96484375,-0.26416015625,0.1513671875,-0.042569006146202994,-0.003192675460965,-0.014899152151171002,Null
87.76400000000059,0.96923828125,-0.2685546875,0.15087890625,-0.019156052765792,-0.010642251536551002,-0.034055204916963,Null
87.7880000000006,0.984375,-0.2607421875,0.15087890625,0.025541403687721998,-0.021284503073102003,-0.056403933143719005,Null
87.80800000000059,0.97705078125,-0.2705078125,0.150390625,0.023412953380412004,-0.011706476690206002,-0.06066083375833999,Null
87.82800000000059,0.97607421875,-0.27197265625,0.1513671875,0.027669853995032002,-0.009578026382896,-0.06066083375833999,Null
87.8480000000006,0.9765625,-0.27001953125,0.1513671875,0.018091827612136003,-0.008513801229241,-0.056403933143719005,Null
87.8690000000006,0.98486328125,-0.27685546875,0.1513671875,0.003192675460965,-0.017027602458481002,-0.043633231299858,Null
87.88900000000059,0.97705078125,-0.27685546875,0.1513671875,0.008513801229241,-0.015963377304826,-0.039376330685238,Null
87.9130000000006,0.97314453125,-0.275390625,0.1513671875,0.009578026382896,-0.023412953380412004,-0.04789013191447901,Null
87.93300000000059,0.97412109375,-0.275390625,0.1494140625,0.012770701843860999,-0.026605628841377002,-0.04789013191447901,Null
87.95400000000059,0.97705078125,-0.2763671875,0.15185546875,0.017027602458481002,-0.026605628841377002,-0.039376330685238,Null
87.97400000000059,0.9794921875,-0.27490234375,0.1513671875,0.013834926997516001,-0.018091827612136003,-0.038312105531583,Null
87.9940000000006,0.97509765625,-0.265625,0.15283203125,0.009578026382896,-0.00425690061462,-0.038312105531583,Null
88.0180000000006,0.9794921875,-0.25830078125,0.17041015625,-0.06704618468026999,0.015963377304826,-0.020220277919447,Null
88.0380000000006,0.9873046875,-0.26806640625,0.15869140625,-0.114936316594749,0.028734079148687,0.001064225153655,Null
88.0590000000006,0.97607421875,-0.24951171875,0.1435546875,-0.137285044821505,0.039376330685238,0.00425690061462,Null
88.07900000000059,0.9853515625,-0.26220703125,0.14208984375,-0.18943207735060397,0.032990979763308,0.010642251536551002,Null
88.09900000000059,0.9873046875,-0.27685546875,0.14111328125,-0.13622081966785002,0.044697456453513,-0.00638535092193,Null
88.1190000000006,0.98291015625,-0.27197265625,0.14599609375,-0.07343153560220099,0.042569006146202994,-0.027669853995032002,Null
88.13900000000059,0.98291015625,-0.2705078125,0.15283203125,-0.038312105531583,0.040440555838893,-0.034055204916963,Null
88.15900000000059,0.97119140625,-0.26708984375,0.1474609375,0.00425690061462,0.035119430070618,-0.020220277919447,Null
88.18000000000059,0.96826171875,-0.26123046875,0.14794921875,0.026605628841377002,0.018091827612136003,-0.00638535092193,Null
88.20400000000059,0.99072265625,-0.255859375,0.1533203125,0.029798304302342003,0.008513801229241,-0.00425690061462,Null
88.22400000000059,0.98828125,-0.26123046875,0.15185546875,0.010642251536551002,0.026605628841377002,-0.00425690061462,Null
88.2440000000006,0.97412109375,-0.255859375,0.140625,0.019156052765792,0.04789013191447901,0.00212845030731,Null
88.2650000000006,0.97216796875,-0.23388671875,0.13330078125,0.08300956198509599,0.056403933143719005,0.010642251536551002,Null
88.2850000000006,0.9794921875,-0.26025390625,0.1328125,0.173468700045778,0.057468158297374,0.027669853995032002,Null
88.30500000000059,0.9921875,-0.22802734375,0.15966796875,0.192624752811569,0.052147032529099004,0.043633231299858,Null
88.32900000000059,0.98046875,-0.23779296875,0.18017578125,-0.074495760755856,0.078752661370476,0.076624211063166,Null
88.35000000000059,0.978515625,-0.28564453125,0.15087890625,-0.194753203118879,0.097908714136267,0.118128992055714,Null
88.37000000000059,0.96875,-0.27392578125,0.1376953125,-0.042569006146202994,0.11387209144109299,0.084073787138751,Null
88.3900000000006,0.96240234375,-0.28271484375,0.16748046875,-0.026605628841377002,0.09578026382895699,0.06704618468026999,Null
88.4100000000006,0.9697265625,-0.26904296875,0.18115234375,-0.054275482836409004,0.09365181352164699,0.051082807375443996,Null
88.42900000000058,0.966796875,-0.28515625,0.169921875,-0.080881111677786,0.10748674051916302,0.010642251536551002,Null
88.4490000000006,0.97412109375,-0.28369140625,0.17138671875,-0.007449576075585999,0.097908714136267,-0.018091827612136003,Null
88.4700000000006,0.97314453125,-0.259765625,0.17626953125,0.019156052765792,0.078752661370476,-0.040440555838893,Null
88.49000000000059,0.96875,-0.27001953125,0.171875,-0.029798304302342003,0.044697456453513,-0.038312105531583,Null
88.51000000000059,0.966796875,-0.2763671875,0.154296875,-0.042569006146202994,0.011706476690206002,-0.019156052765792,Null
88.5300000000006,0.96923828125,-0.27099609375,0.15478515625,-0.026605628841377002,-0.00425690061462,-0.009578026382896,Null
88.5500000000006,0.97705078125,-0.2724609375,0.14404296875,-0.04150478099254799,-0.00425690061462,-0.00638535092193,Null
88.5710000000006,0.98193359375,-0.27197265625,0.14697265625,-0.022348728226757004,-0.00212845030731,-0.017027602458481002,Null
88.5950000000006,0.96875,-0.27587890625,0.15283203125,-0.007449576075585999,0.0,-0.038312105531583,Null
88.61500000000049,0.97021484375,-0.2724609375,0.15087890625,0.008513801229241,-0.013834926997516001,-0.056403933143719005,Null
88.63500000000059,0.96728515625,-0.26611328125,0.1552734375,0.014899152151171002,-0.023412953380412004,-0.06704618468026999,Null
88.6550000000005,0.96630859375,-0.26318359375,0.1513671875,0.022348728226757004,-0.032990979763308,-0.07343153560220099,Null
88.6760000000005,0.96630859375,-0.25732421875,0.146484375,0.044697456453513,-0.039376330685238,-0.072367310448545,Null
88.6960000000005,0.97705078125,-0.2421875,0.1484375,0.06917463498758,-0.050018582221788996,-0.07343153560220099,Null
88.7200000000005,0.98388671875,-0.240234375,0.1494140625,0.057468158297374,-0.04895435706813401,-0.065981959526615,Null
88.74000000000049,0.9853515625,-0.2470703125,0.15185546875,0.022348728226757004,-0.044697456453513,-0.045761681607168,Null
88.7610000000005,0.98583984375,-0.25830078125,0.15478515625,-0.017027602458481002,-0.039376330685238,-0.029798304302342003,Null
88.78100000000049,0.9931640625,-0.2529296875,0.15966796875,-0.019156052765792,-0.032990979763308,-0.015963377304826,Null
88.8010000000005,0.9921875,-0.24755859375,0.1572265625,-0.027669853995032002,-0.019156052765792,0.00212845030731,Null
88.82000000000049,0.9736328125,-0.26025390625,0.15625,-0.031926754609652,-0.003192675460965,0.018091827612136003,Null
88.8450000000005,0.97314453125,-0.25537109375,0.16796875,-0.039376330685238,-0.011706476690206002,0.017027602458481002,Null
88.8660000000006,0.97802734375,-0.267578125,0.16552734375,-0.032990979763308,-0.005321125768275,0.0,Null
88.8860000000005,0.978515625,-0.25634765625,0.16650390625,0.011706476690206002,-0.001064225153655,-0.018091827612136003,Null
88.90600000000049,0.9755859375,-0.25390625,0.16552734375,0.022348728226757004,0.001064225153655,-0.025541403687721998,Null
88.9260000000005,0.97509765625,-0.25537109375,0.1630859375,0.010642251536551002,-0.001064225153655,-0.023412953380412004,Null
88.9460000000005,0.982421875,-0.25732421875,0.16162109375,0.008513801229241,-0.005321125768275,-0.021284503073102003,Null
88.9670000000005,0.98876953125,-0.25732421875,0.16357421875,-0.005321125768275,0.00212845030731,-0.017027602458481002,Null
88.98700000000049,0.98095703125,-0.2646484375,0.16357421875,-0.017027602458481002,0.021284503073102003,-0.009578026382896,Null
89.0070000000005,0.97412109375,-0.26025390625,0.15966796875,-0.009578026382896,0.025541403687721998,0.0,Null
89.0270000000005,0.9775390625,-0.25390625,0.15869140625,-0.00638535092193,0.018091827612136003,0.010642251536551002,Null
89.0470000000005,0.99169921875,-0.2490234375,0.15673828125,-0.023412953380412004,0.014899152151171002,0.011706476690206002,Null
89.06700000000049,0.9794921875,-0.26611328125,0.1572265625,-0.027669853995032002,0.017027602458481002,0.0,Null
89.08800000000049,0.9755859375,-0.2607421875,0.1552734375,-0.008513801229241,0.011706476690206002,-0.015963377304826,Null
89.1070000000005,0.9736328125,-0.26171875,0.15576171875,0.00638535092193,0.011706476690206002,-0.020220277919447,Null
89.1320000000005,0.97021484375,-0.25927734375,0.1572265625,0.021284503073102003,0.010642251536551002,-0.013834926997516001,Null
89.1520000000005,0.96826171875,-0.24853515625,0.15771484375,0.030862529455997004,0.007449576075585999,-0.010642251536551002,Null
89.1730000000005,0.9765625,-0.24560546875,0.154296875,0.023412953380412004,0.00212845030731,-0.010642251536551002,Null
89.1930000000005,0.984375,-0.25390625,0.1552734375,-0.001064225153655,0.008513801229241,-0.009578026382896,Null
89.21300000000049,0.97802734375,-0.2578125,0.1552734375,-0.013834926997516001,0.021284503073102003,-0.009578026382896,Null
89.2330000000005,0.982421875,-0.26171875,0.15380859375,-0.010642251536551002,0.018091827612136003,-0.012770701843860999,Null
89.2570000000005,0.98193359375,-0.2578125,0.15625,0.011706476690206002,0.013834926997516001,-0.009578026382896,Null
89.27800000000049,0.9814453125,-0.2587890625,0.16064453125,0.00425690061462,0.014899152151171002,-0.007449576075585999,Null
89.2980000000005,0.9775390625,-0.25732421875,0.16259765625,0.0,0.017027602458481002,-0.005321125768275,Null
89.3180000000005,0.97412109375,-0.25830078125,0.1640625,0.005321125768275,0.014899152151171002,-0.00425690061462,Null
89.33800000000049,0.97314453125,-0.25439453125,0.1630859375,0.017027602458481002,0.011706476690206002,-0.008513801229241,Null
89.3580000000005,0.9736328125,-0.25537109375,0.15869140625,0.034055204916963,0.011706476690206002,-0.010642251536551002,Null
89.3790000000005,0.974609375,-0.25146484375,0.1591796875,0.037247880377928,0.007449576075585999,-0.009578026382896,Null
89.3990000000005,0.97802734375,-0.25,0.15966796875,0.015963377304826,0.00212845030731,-0.008513801229241,Null
89.4190000000005,0.9814453125,-0.2548828125,0.15869140625,-0.005321125768275,-0.001064225153655,-0.00638535092193,Null
89.43900000000049,0.984375,-0.26025390625,0.15771484375,0.0,-0.001064225153655,-0.00425690061462,Null
89.46300000000049,0.98046875,-0.25830078125,0.162109375,0.009578026382896,-0.003192675460965,0.00212845030731,Null
89.48400000000049,0.97900390625,-0.2509765625,0.16357421875,0.019156052765792,-0.009578026382896,0.00638535092193,Null
89.5040000000005,0.97607421875,-0.2470703125,0.1650390625,0.011706476690206002,-0.00638535092193,0.008513801229241,Null
89.5240000000005,0.97900390625,-0.25048828125,0.16162109375,-0.005321125768275,-0.003192675460965,0.008513801229241,Null
89.5440000000005,0.982421875,-0.25146484375,0.16455078125,-0.009578026382896,0.003192675460965,0.001064225153655,Null
89.56400000000049,0.97607421875,-0.25537109375,0.169921875,-0.001064225153655,0.00638535092193,-0.008513801229241,Null
89.5840000000005,0.978515625,-0.25244140625,0.17041015625,0.010642251536551002,0.0,-0.012770701843860999,Null
89.6040000000005,0.9775390625,-0.2529296875,0.1689453125,0.009578026382896,0.003192675460965,-0.013834926997516001,Null
89.62400000000049,0.9765625,-0.25390625,0.169921875,0.010642251536551002,0.007449576075585999,-0.007449576075585999,Null
89.6440000000004,0.9765625,-0.251953125,0.16748046875,0.013834926997516001,0.009578026382896,-0.00212845030731,Null
89.6640000000004,0.98046875,-0.25439453125,0.16455078125,0.010642251536551002,0.009578026382896,-0.003192675460965,Null
89.6850000000005,0.978515625,-0.25146484375,0.16552734375,0.013834926997516001,0.012770701843860999,-0.007449576075585999,Null
89.7050000000004,0.97998046875,-0.24951171875,0.1630859375,0.010642251536551002,0.011706476690206002,-0.015963377304826,Null
89.7240000000005,0.98291015625,-0.251953125,0.1611328125,0.003192675460965,0.010642251536551002,-0.023412953380412004,Null
89.74900000000041,0.98291015625,-0.2490234375,0.16064453125,0.00425690061462,0.012770701843860999,-0.028734079148687,Null
89.7690000000005,0.97705078125,-0.25048828125,0.1591796875,0.00212845030731,0.009578026382896,-0.029798304302342003,Null
89.79000000000049,0.97802734375,-0.25146484375,0.1611328125,0.011706476690206002,0.003192675460965,-0.027669853995032002,Null
89.8100000000004,0.97705078125,-0.24853515625,0.15966796875,0.018091827612136003,0.00212845030731,-0.022348728226757004,Null
89.8300000000004,0.9775390625,-0.25,0.1591796875,0.015963377304826,-0.00212845030731,-0.019156052765792,Null
89.8500000000004,0.97705078125,-0.25,0.1611328125,0.015963377304826,-0.001064225153655,-0.019156052765792,Null
89.8700000000004,0.974609375,-0.2509765625,0.1611328125,0.017027602458481002,0.0,-0.023412953380412004,Null
89.8900000000004,0.97802734375,-0.2470703125,0.16357421875,0.019156052765792,-0.003192675460965,-0.024477178534067005,Null
89.9100000000004,0.98193359375,-0.24560546875,0.162109375,0.005321125768275,0.003192675460965,-0.022348728226757004,Null
89.9300000000004,0.978515625,-0.2490234375,0.16259765625,-0.010642251536551002,0.010642251536551002,-0.015963377304826,Null
89.9550000000004,0.97900390625,-0.25732421875,0.146484375,-0.010642251536551002,0.014899152151171002,-0.00638535092193,Null
89.9750000000004,0.978515625,-0.2607421875,0.14404296875,0.013834926997516001,0.027669853995032002,-0.007449576075585999,Null
89.99600000000041,0.9794921875,-0.24169921875,0.16943359375,0.045761681607168,0.045761681607168,-0.012770701843860999,Null
90.0160000000004,0.9716796875,-0.23828125,0.17431640625,0.019156052765792,0.05959660860468499,0.0,Null
90.0360000000004,0.9755859375,-0.24169921875,0.17529296875,0.00212845030731,0.031926754609652,0.00212845030731,Null
90.0560000000004,0.98388671875,-0.2470703125,0.17578125,-0.003192675460965,-0.001064225153655,-0.012770701843860999,Null
90.0800000000004,0.98486328125,-0.25341796875,0.16650390625,0.00212845030731,-0.005321125768275,-0.018091827612136003,Null
90.1010000000004,0.97998046875,-0.24853515625,0.16162109375,0.025541403687721998,0.008513801229241,-0.015963377304826,Null
90.12100000000041,0.9775390625,-0.2431640625,0.1689453125,0.039376330685238,0.021284503073102003,-0.007449576075585999,Null
90.1410000000004,0.982421875,-0.23486328125,0.17626953125,0.038312105531583,0.021284503073102003,-0.001064225153655,Null
90.1610000000004,0.98095703125,-0.236328125,0.177734375,0.012770701843860999,0.020220277919447,-0.001064225153655,Null
90.1800000000004,0.97216796875,-0.24853515625,0.17333984375,0.0,0.017027602458481002,-0.005321125768275,Null
90.2010000000004,0.96875,-0.24853515625,0.1708984375,0.012770701843860999,0.010642251536551002,-0.009578026382896,Null
90.2210000000004,0.978515625,-0.24365234375,0.16943359375,0.012770701843860999,0.00212845030731,-0.010642251536551002,Null
90.2410000000004,0.98486328125,-0.2470703125,0.17041015625,-0.001064225153655,0.00425690061462,-0.00425690061462,Null
90.2610000000004,0.97607421875,-0.24609375,0.171875,0.0,0.00425690061462,0.001064225153655,Null
90.2810000000004,0.9736328125,-0.24462890625,0.16943359375,-0.00638535092193,-0.009578026382896,0.00425690061462,Null
90.3010000000004,0.97705078125,-0.2431640625,0.16796875,-0.007449576075585999,-0.031926754609652,0.00638535092193,Null
90.3220000000004,0.982421875,-0.25,0.166015625,-0.007449576075585999,-0.051082807375443996,0.007449576075585999,Null
90.3420000000004,0.9814453125,-0.248046875,0.16064453125,0.00212845030731,-0.055339707990064005,-0.00212845030731,Null
90.3620000000004,0.97900390625,-0.24609375,0.15966796875,0.021284503073102003,-0.055339707990064005,-0.011706476690206002,Null
90.3860000000004,0.984375,-0.24365234375,0.16064453125,0.035119430070618,-0.050018582221788996,-0.020220277919447,Null
90.4070000000004,0.9912109375,-0.2373046875,0.16552734375,-0.001064225153655,-0.032990979763308,-0.012770701843860999,Null
90.4270000000004,0.982421875,-0.2607421875,0.162109375,-0.003192675460965,-0.015963377304826,-0.00425690061462,Null
90.4470000000004,0.98046875,-0.259765625,0.17041015625,0.057468158297374,-0.007449576075585999,-0.012770701843860999,Null
90.4670000000004,0.9853515625,-0.24072265625,0.17578125,0.065981959526615,0.001064225153655,-0.019156052765792,Null
90.4870000000004,0.9814453125,-0.2529296875,0.1748046875,0.056403933143719005,0.007449576075585999,-0.015963377304826,Null
90.5070000000004,0.98291015625,-0.244140625,0.17626953125,0.058532383451029006,0.025541403687721998,-0.012770701843860999,Null
90.5270000000004,0.97705078125,-0.24462890625,0.17333984375,0.052147032529099004,0.034055204916963,-0.005321125768275,Null
90.5470000000004,0.98583984375,-0.23828125,0.17431640625,0.051082807375443996,0.040440555838893,-0.00212845030731,Null
90.5670000000004,0.98681640625,-0.244140625,0.1796875,0.058532383451029006,0.042569006146202994,-0.009578026382896,Null
90.5870000000003,0.9853515625,-0.2373046875,0.185546875,0.06704618468026999,0.04150478099254799,-0.020220277919447,Null
90.60700000000031,0.97900390625,-0.234375,0.1796875,0.050018582221788996,0.029798304302342003,-0.026605628841377002,Null
90.6280000000004,0.9775390625,-0.24462890625,0.17724609375,0.051082807375443996,0.018091827612136003,-0.024477178534067005,Null
90.64800000000031,0.978515625,-0.2392578125,0.18212890625,0.057468158297374,0.012770701843860999,-0.020220277919447,Null
90.6670000000003,0.9765625,-0.23681640625,0.17041015625,0.029798304302342003,0.011706476690206002,-0.013834926997516001,Null
90.6920000000003,0.97998046875,-0.24267578125,0.15869140625,0.022348728226757004,0.017027602458481002,-0.007449576075585999,Null
90.7130000000003,0.97802734375,-0.236328125,0.16259765625,0.022348728226757004,0.028734079148687,-0.00212845030731,Null
90.7330000000004,0.98388671875,-0.2373046875,0.162109375,-0.003192675460965,0.031926754609652,0.003192675460965,Null
90.7530000000003,0.978515625,-0.2412109375,0.15869140625,-0.019156052765792,0.038312105531583,0.00638535092193,Null
90.77300000000031,0.9765625,-0.23828125,0.15478515625,-0.024477178534067005,0.034055204916963,0.010642251536551002,Null
90.7930000000003,0.97998046875,-0.23095703125,0.14599609375,-0.013834926997516001,0.039376330685238,0.009578026382896,Null
90.8130000000003,0.98828125,-0.23095703125,0.16064453125,-0.008513801229241,0.039376330685238,0.022348728226757004,Null
90.83300000000031,0.9931640625,-0.2470703125,0.16845703125,-0.037247880377928,0.04789013191447901,0.025541403687721998,Null
90.8530000000003,0.9853515625,-0.23974609375,0.177734375,-0.010642251536551002,0.04789013191447901,0.018091827612136003,Null
90.8780000000003,0.98486328125,-0.22412109375,0.1796875,-0.001064225153655,0.025541403687721998,-0.009578026382896,Null
90.89800000000031,0.9736328125,-0.240234375,0.1689453125,0.007449576075585999,0.023412953380412004,-0.013834926997516001,Null
90.91900000000031,0.97314453125,-0.24169921875,0.18505859375,0.065981959526615,0.010642251536551002,-0.024477178534067005,Null
90.9390000000003,0.98486328125,-0.2353515625,0.19775390625,0.052147032529099004,0.022348728226757004,-0.038312105531583,Null
90.9590000000003,0.97998046875,-0.23583984375,0.1689453125,0.07130308529489,0.039376330685238,-0.039376330685238,Null
90.97900000000031,0.9736328125,-0.22900390625,0.18310546875,0.055339707990064005,0.035119430070618,-0.030862529455997004,Null
91.0030000000003,0.9873046875,-0.236328125,0.20361328125,-0.11174364113378302,0.038312105531583,-0.003192675460965,Null
91.0240000000003,0.974609375,-0.26025390625,0.15771484375,-0.13622081966785002,0.055339707990064005,0.0,Null
91.04400000000031,0.97607421875,-0.25830078125,0.16357421875,-0.029798304302342003,0.044697456453513,0.00425690061462,Null
91.0640000000003,0.9814453125,-0.2314453125,0.185546875,0.04682590676082401,0.04789013191447901,0.00212845030731,Null
91.0840000000003,0.98193359375,-0.22705078125,0.19873046875,0.042569006146202994,0.050018582221788996,0.007449576075585999,Null
91.10400000000031,0.9775390625,-0.234375,0.19677734375,0.003192675460965,0.052147032529099004,0.008513801229241,Null
91.12400000000031,0.97265625,-0.23779296875,0.19580078125,-0.055339707990064005,0.04789013191447901,0.014899152151171002,Null
91.1440000000003,0.97509765625,-0.23974609375,0.1884765625,-0.06917463498758,0.037247880377928,0.023412953380412004,Null
91.1640000000003,0.9765625,-0.24072265625,0.18896484375,-0.053211257682754004,0.030862529455997004,0.028734079148687,Null
91.18400000000031,0.9775390625,-0.24267578125,0.18994140625,-0.044697456453513,0.026605628841377002,0.030862529455997004,Null
91.2040000000003,0.97705078125,-0.23486328125,0.17431640625,-0.040440555838893,0.023412953380412004,0.028734079148687,Null
91.2250000000003,0.97265625,-0.2275390625,0.16015625,-0.019156052765792,0.023412953380412004,0.019156052765792,Null
91.2450000000003,0.98583984375,-0.2392578125,0.18408203125,-0.015963377304826,0.007449576075585999,0.021284503073102003,Null
91.2650000000003,0.9833984375,-0.24951171875,0.1865234375,-0.039376330685238,0.011706476690206002,0.022348728226757004,Null
91.28500000000031,0.9755859375,-0.25146484375,0.18359375,-0.034055204916963,0.012770701843860999,0.00212845030731,Null
91.30900000000031,0.9736328125,-0.24267578125,0.185546875,-0.001064225153655,-0.001064225153655,-0.013834926997516001,Null
91.33000000000031,0.97265625,-0.23046875,0.1748046875,0.021284503073102003,-0.012770701843860999,-0.014899152151171002,Null
91.3500000000003,0.9794921875,-0.2333984375,0.16748046875,0.018091827612136003,-0.007449576075585999,-0.019156052765792,Null
91.3700000000003,0.9775390625,-0.24365234375,0.17529296875,-0.021284503073102003,0.020220277919447,-0.024477178534067005,Null
91.3900000000003,0.97021484375,-0.24755859375,0.1748046875,-0.040440555838893,0.040440555838893,-0.025541403687721998,Null
91.41000000000031,0.9638671875,-0.23046875,0.16162109375,-0.009578026382896,0.031926754609652,-0.029798304302342003,Null
91.43100000000031,0.97265625,-0.2265625,0.1875,0.044697456453513,0.010642251536551002,-0.030862529455997004,Null
91.4510000000002,0.98291015625,-0.2421875,0.228515625,0.00425690061462,0.00638535092193,-0.015963377304826,Null
91.4710000000003,0.984375,-0.26025390625,0.228515625,-0.11387209144109299,0.025541403687721998,-0.010642251536551002,Null
91.4950000000002,0.966796875,-0.24072265625,0.189453125,0.026605628841377002,0.034055204916963,-0.039376330685238,Null
91.51500000000021,0.96923828125,-0.2119140625,0.2119140625,0.09152336321433699,0.005321125768275,-0.039376330685238,Null
91.53600000000021,0.97607421875,-0.23486328125,0.21728515625,-0.013834926997516001,0.007449576075585999,-0.00425690061462,Null
91.55600000000021,0.97607421875,-0.26611328125,0.22265625,-0.09578026382895699,0.029798304302342003,0.010642251536551002,Null
91.5760000000002,0.984375,-0.25048828125,0.21923828125,-0.074495760755856,0.025541403687721998,0.00425690061462,Null
91.59600000000022,0.984375,-0.25048828125,0.208984375,-0.036183655224273,0.015963377304826,-0.00425690061462,Null
91.61600000000021,0.98046875,-0.2548828125,0.19287109375,0.034055204916963,0.00212845030731,-0.008513801229241,Null
91.63600000000021,0.9853515625,-0.24658203125,0.19580078125,0.050018582221788996,0.0,-0.008513801229241,Null
91.6560000000002,0.97509765625,-0.2587890625,0.1845703125,0.025541403687721998,0.009578026382896,-0.015963377304826,Null
91.67600000000022,0.974609375,-0.26611328125,0.17724609375,0.053211257682754004,0.038312105531583,-0.015963377304826,Null
91.69600000000021,0.970703125,-0.24560546875,0.162109375,0.06811040983392501,0.075559985909511,-0.005321125768275,Null
91.71600000000021,0.94775390625,-0.28369140625,0.173828125,0.142606170589781,0.084073787138751,-0.015963377304826,Null
91.73700000000021,0.96826171875,-0.232421875,0.24755859375,0.27244163933570004,0.084073787138751,-0.053211257682754004,Null
91.7570000000002,0.98193359375,-0.18505859375,0.24755859375,0.09152336321433699,0.080881111677786,-0.04682590676082401,Null
91.77700000000021,0.98046875,-0.2333984375,0.1982421875,-0.06917463498758,0.05959660860468499,-0.018091827612136003,Null
91.80100000000022,0.98974609375,-0.2265625,0.22412109375,-0.018091827612136003,0.07023886014123501,-0.015963377304826,Null
91.82100000000021,0.9775390625,-0.25,0.21826171875,0.00212845030731,0.10003716444357699,-0.00638535092193,Null
91.84200000000021,0.970703125,-0.2578125,0.189453125,0.07130308529489,0.08194533683144099,-0.00638535092193,Null
91.86200000000021,0.97705078125,-0.22607421875,0.1865234375,0.127707018438609,0.06278928406565,-0.012770701843860999,Null
91.8820000000002,0.9794921875,-0.22509765625,0.18798828125,0.13622081966785002,0.07343153560220099,-0.001064225153655,Null
91.90200000000021,0.984375,-0.21875,0.22314453125,0.147927296358056,0.09471603867530198,0.009578026382896,Null
91.92200000000021,0.97314453125,-0.22314453125,0.24267578125,0.09471603867530198,0.123450117823989,0.019156052765792,Null
91.94300000000021,0.966796875,-0.2314453125,0.240234375,0.00638535092193,0.09578026382895699,0.034055204916963,Null
91.9630000000002,0.974609375,-0.23193359375,0.22998046875,-0.037247880377928,0.057468158297374,0.034055204916963,Null
91.9830000000002,0.9677734375,-0.2373046875,0.21044921875,-0.022348728226757004,0.035119430070618,0.030862529455997004,Null
92.0070000000002,0.9677734375,-0.244140625,0.21337890625,0.044697456453513,-0.005321125768275,0.024477178534067005,Null
92.02700000000021,0.9736328125,-0.21923828125,0.2158203125,0.04150478099254799,-0.00638535092193,0.020220277919447,Null
92.04800000000021,0.96142578125,-0.22412109375,0.18408203125,0.031926754609652,-0.011706476690206002,0.029798304302342003,Null
92.06800000000021,0.96533203125,-0.2177734375,0.20166015625,0.012770701843860999,-0.012770701843860999,0.022348728226757004,Null
92.0880000000002,0.9755859375,-0.2041015625,0.248046875,-0.101101389597233,0.0,0.017027602458481002,Null
92.1080000000002,0.97998046875,-0.22021484375,0.24560546875,-0.18198250127501897,-0.014899152151171002,0.009578026382896,Null
92.12800000000021,0.9814453125,-0.2431640625,0.2265625,-0.19688165342619002,-0.030862529455997004,-0.001064225153655,Null
92.14900000000021,0.97705078125,-0.265625,0.2080078125,-0.130899693899575,-0.035119430070618,-0.009578026382896,Null
92.16900000000021,0.97216796875,-0.25927734375,0.21826171875,-0.04150478099254799,-0.035119430070618,-0.025541403687721998,Null
92.1890000000002,0.96923828125,-0.234375,0.2177734375,-0.024477178534067005,-0.031926754609652,-0.031926754609652,Null
92.2130000000002,0.9765625,-0.2265625,0.2041015625,-0.06811040983392501,-0.027669853995032002,-0.024477178534067005,Null
92.23300000000009,0.97216796875,-0.25,0.19140625,-0.11174364113378302,-0.001064225153655,-0.022348728226757004,Null
92.2540000000002,0.97314453125,-0.2421875,0.2119140625,-0.035119430070618,0.009578026382896,-0.028734079148687,Null
92.2740000000001,0.97216796875,-0.22998046875,0.22021484375,0.005321125768275,0.008513801229241,-0.023412953380412004,Null
92.2940000000001,0.978515625,-0.23046875,0.22900390625,-0.011706476690206002,-0.014899152151171002,-0.014899152151171002,Null
92.3180000000001,0.982421875,-0.240234375,0.22412109375,-0.053211257682754004,-0.019156052765792,-0.011706476690206002,Null
92.3380000000001,0.9736328125,-0.24658203125,0.2060546875,-0.054275482836409004,-0.011706476690206002,-0.019156052765792,Null
92.3590000000001,0.966796875,-0.23681640625,0.20166015625,0.020220277919447,-0.025541403687721998,-0.024477178534067005,Null
92.37900000000009,0.9736328125,-0.22802734375,0.22021484375,0.039376330685238,-0.028734079148687,-0.020220277919447,Null
92.3990000000001,0.96826171875,-0.2275390625,0.22412109375,0.028734079148687,-0.025541403687721998,-0.015963377304826,Null
92.4190000000001,0.9716796875,-0.23193359375,0.2041015625,-0.020220277919447,-0.037247880377928,-0.013834926997516001,Null
92.43900000000009,0.9736328125,-0.23583984375,0.19775390625,-0.027669853995032002,-0.040440555838893,-0.019156052765792,Null
92.45900000000009,0.9716796875,-0.23779296875,0.2001953125,-0.012770701843860999,-0.050018582221788996,-0.015963377304826,Null
92.4790000000001,0.97802734375,-0.22998046875,0.2060546875,-0.013834926997516001,-0.06491773437296,-0.015963377304826,Null
92.4990000000001,0.98974609375,-0.234375,0.19921875,-0.024477178534067005,-0.04789013191447901,-0.003192675460965,Null
92.51900000000009,0.9755859375,-0.248046875,0.1904296875,-0.010642251536551002,-0.014899152151171002,0.001064225153655,Null
92.5390000000001,0.9736328125,-0.2333984375,0.1962890625,-0.007449576075585999,-0.022348728226757004,0.0,Null
92.5600000000001,0.97607421875,-0.23388671875,0.1953125,-0.021284503073102003,-0.035119430070618,0.005321125768275,Null
92.5800000000001,0.97412109375,-0.24267578125,0.203125,-0.010642251536551002,-0.025541403687721998,0.014899152151171002,Null
92.6000000000001,0.97314453125,-0.2353515625,0.2109375,0.023412953380412004,-0.014899152151171002,0.00638535092193,Null
92.62000000000009,0.9853515625,-0.23095703125,0.21435546875,0.026605628841377002,-0.019156052765792,-0.001064225153655,Null
92.6400000000001,0.9853515625,-0.22900390625,0.21435546875,-0.008513801229241,-0.018091827612136003,-0.007449576075585999,Null
92.6600000000001,0.97119140625,-0.23681640625,0.21337890625,-0.008513801229241,-0.010642251536551002,-0.015963377304826,Null
92.6810000000001,0.97314453125,-0.23486328125,0.22900390625,0.026605628841377002,-0.025541403687721998,-0.012770701843860999,Null
92.70100000000009,0.97900390625,-0.22314453125,0.22119140625,0.019156052765792,-0.026605628841377002,-0.010642251536551002,Null
92.7200000000001,0.982421875,-0.22314453125,0.1962890625,-0.014899152151171002,-0.017027602458481002,0.0,Null
92.7410000000001,0.9892578125,-0.24853515625,0.18896484375,-0.027669853995032002,0.012770701843860999,0.024477178534067005,Null
92.7610000000001,0.98291015625,-0.23681640625,0.2109375,0.028734079148687,0.052147032529099004,0.044697456453513,Null
92.78100000000009,0.9833984375,-0.24462890625,0.2197265625,0.06066083375833999,0.065981959526615,0.050018582221788996,Null
92.8010000000001,0.9794921875,-0.24755859375,0.21728515625,0.040440555838893,0.06066083375833999,0.051082807375443996,Null
92.8210000000001,0.97265625,-0.244140625,0.20458984375,-0.009578026382896,0.058532383451029006,0.039376330685238,Null
92.8410000000001,0.970703125,-0.23828125,0.201171875,0.030862529455997004,0.065981959526615,0.008513801229241,Null
92.86100000000009,0.97509765625,-0.23876953125,0.205078125,0.06385350921930501,0.065981959526615,-0.001064225153655,Null
92.8810000000001,0.97265625,-0.2314453125,0.19384765625,0.08513801229240599,0.09365181352164699,-0.00425690061462,Null
92.90600000000009,0.9775390625,-0.24560546875,0.22802734375,0.012770701843860999,0.10003716444357699,-0.011706476690206002,Null
92.9260000000001,0.966796875,-0.22900390625,0.20849609375,0.020220277919447,0.08939491290702699,-0.00638535092193,Null
92.9460000000001,0.9658203125,-0.2353515625,0.20458984375,0.04682590676082401,0.061725058911995,-0.008513801229241,Null
92.9670000000001,0.97216796875,-0.248046875,0.193359375,0.157505322740952,0.04682590676082401,-0.019156052765792,Null
92.9870000000001,0.978515625,-0.22216796875,0.2099609375,0.25541403687721903,0.04895435706813401,-0.023412953380412004,Null
93.0060000000001,0.984375,-0.19873046875,0.2451171875,0.239450659572393,0.076624211063166,-0.030862529455997004,Null
93.03100000000009,0.9765625,-0.23974609375,0.23974609375,0.175597150353088,0.07023886014123501,0.009578026382896,Null
93.0510000000001,0.95703125,-0.26953125,0.19921875,0.21178080557736104,0.030862529455997004,0.050018582221788996,Null
93.0720000000001,0.962890625,-0.25048828125,0.20849609375,0.38099260500851795,-0.027669853995032002,0.04682590676082401,Null
93.0920000000001,0.98486328125,-0.19921875,0.22314453125,0.474644418530165,-0.027669853995032002,0.008513801229241,Null
93.1120000000001,0.97265625,-0.15869140625,0.2353515625,0.37460725408658796,0.025541403687721998,0.026605628841377002,Null
93.13200000000009,0.984375,-0.1982421875,0.23974609375,0.20007432888715498,0.027669853995032002,0.04682590676082401,Null
93.152,0.97998046875,-0.20263671875,0.26513671875,0.142606170589781,0.032990979763308,0.07023886014123501,Null
93.17200000000001,0.974609375,-0.2294921875,0.2822265625,-0.029798304302342003,0.010642251536551002,0.08833068775337198,Null
93.19200000000001,0.98681640625,-0.20361328125,0.29150390625,-0.09578026382895699,-0.04150478099254799,0.09365181352164699,Null
93.212,1.00830078125,-0.16259765625,0.29248046875,-0.267120513567425,-0.10322983990454301,0.097908714136267,Null
93.23200000000001,1.00927734375,-0.1865234375,0.2548828125,-0.533176801981195,-0.09684448898261201,0.09045913806068198,Null
93.25200000000001,0.98974609375,-0.24365234375,0.2041015625,-0.6534342443442189,-0.06278928406565,0.077688436216821,Null
93.272,0.99853515625,-0.29443359375,0.20263671875,-0.5363694774421599,-0.024477178534067005,0.076624211063166,Null
93.292,0.9921875,-0.23876953125,0.1982421875,-0.25541403687721903,0.052147032529099004,0.054275482836409004,Null
93.31200000000001,0.96240234375,-0.24365234375,0.1962890625,-0.038312105531583,0.09152336321433699,0.050018582221788996,Null
93.33200000000001,0.9775390625,-0.22607421875,0.25,0.153248422126331,0.06278928406565,0.054275482836409004,Null
93.352,0.97705078125,-0.2294921875,0.26611328125,0.12557856813129903,0.07343153560220099,0.05959660860468499,Null
93.37299999999999,0.97509765625,-0.21044921875,0.2470703125,0.038312105531583,0.08194533683144099,0.035119430070618,Null
93.39299999999999,0.94287109375,-0.22705078125,0.205078125,-0.09471603867530198,0.076624211063166,0.003192675460965,Null
93.413,0.93505859375,-0.24853515625,0.21630859375,-0.143670395743436,0.040440555838893,-0.029798304302342003,Null
93.43299999999999,0.95556640625,-0.25244140625,0.2431640625,-0.07023886014123501,0.034055204916963,-0.08833068775337198,Null
93.45299999999999,0.94482421875,-0.224609375,0.244140625,0.020220277919447,0.057468158297374,-0.160697998201917,Null
93.473,0.9462890625,-0.2314453125,0.2353515625,-0.032990979763308,0.045761681607168,-0.20752390496273998,Null
93.493,0.96044921875,-0.24072265625,0.1923828125,-0.14473462089709102,0.035119430070618,-0.227744182882187,Null
93.51299999999999,0.94677734375,-0.26025390625,0.1884765625,-0.192624752811569,0.031926754609652,-0.22455150742122199,Null
93.53299999999999,0.96875,-0.28173828125,0.22509765625,-0.152184196972676,0.007449576075585999,-0.21390925588467102,Null
93.553,0.98876953125,-0.28515625,0.23486328125,-0.06491773437296,-0.010642251536551002,-0.21071658042370603,Null
93.573,0.982421875,-0.26708984375,0.2294921875,-0.005321125768275,-0.018091827612136003,-0.20965235527005102,Null
93.594,0.9638671875,-0.25,0.2099609375,0.00425690061462,-0.018091827612136003,-0.18198250127501897,Null
93.618,0.9638671875,-0.25439453125,0.19580078125,0.017027602458481002,-0.055339707990064005,-0.10003716444357699,Null
93.63799999999999,0.986328125,-0.263671875,0.21044921875,0.023412953380412004,-0.065981959526615,-0.06811040983392501,Null
93.65799999999999,0.974609375,-0.25341796875,0.228515625,0.026605628841377002,-0.06704618468026999,-0.065981959526615,Null
93.679,0.96337890625,-0.2333984375,0.23779296875,0.011706476690206002,-0.08194533683144099,-0.045761681607168,Null
93.699,0.95947265625,-0.228515625,0.22216796875,-0.032990979763308,-0.080881111677786,-0.042569006146202994,Null
93.719,0.9501953125,-0.24560546875,0.197265625,-0.036183655224273,-0.080881111677786,-0.04895435706813401,Null
93.73899999999999,0.9501953125,-0.244140625,0.19677734375,0.009578026382896,-0.097908714136267,-0.054275482836409004,Null
93.7589999999999,0.95751953125,-0.24072265625,0.20068359375,0.084073787138751,-0.10961519082647302,-0.053211257682754004,Null
93.77899999999991,0.98095703125,-0.22265625,0.20849609375,0.13409236936053998,-0.119193217209369,-0.045761681607168,Null
93.79899999999991,0.984375,-0.22607421875,0.201171875,0.11387209144109299,-0.086202237446062,-0.025541403687721998,Null
93.8189999999999,0.9833984375,-0.2333984375,0.19287109375,0.09684448898261201,-0.043633231299858,-0.010642251536551002,Null
93.8389999999999,0.99072265625,-0.22265625,0.205078125,0.10535829021185301,-0.021284503073102003,0.005321125768275,Null
93.85899999999991,1.00146484375,-0.2236328125,0.23876953125,0.155376872433642,-0.014899152151171002,0.028734079148687,Null
93.8789999999999,1.00927734375,-0.228515625,0.2646484375,0.20433122950177499,-0.020220277919447,0.057468158297374,Null
93.8999999999999,0.99072265625,-0.19287109375,0.25732421875,0.21071658042370603,-0.017027602458481002,0.09471603867530198,Null
93.92399999999991,1.00537109375,-0.26171875,0.2109375,0.078752661370476,-0.04150478099254799,0.18304672642867398,Null
93.9639999999999,0.98583984375,-0.29150390625,0.21337890625,0.6917463498758011,0.050018582221788996,0.19688165342619002,Null
93.9849999999999,0.98388671875,-0.24853515625,0.25634765625,1.00250009474308,0.06917463498758,0.194753203118879,Null
94.00499999999991,1.00634765625,-0.18798828125,0.25341796875,1.1259502125670702,0.09471603867530198,0.19794587857984502,Null
94.02899999999991,0.9765625,-0.13330078125,0.23974609375,0.884371102687371,0.145798846050746,0.21923038165294603,Null
94.0499999999999,0.95361328125,-0.224609375,0.2353515625,0.54062637805678,0.13622081966785002,0.250092911108944,Null
94.0739999999999,0.95947265625,-0.17431640625,0.283203125,0.876921526611785,0.145798846050746,0.188367852196949,Null
94.0949999999999,0.95361328125,-0.19970703125,0.28759765625,0.8205175934680659,0.13196391905323,0.171340249738468,Null
94.2179999999999,1.013671875,-0.25927734375,0.33154296875,0.693874800183112,0.17666137550674302,0.32565289701845396,Null
94.2389999999999,1.037109375,-0.25830078125,0.33984375,0.549140179286021,0.18198250127501897,0.379928379854863,Null
94.2589999999999,1.0361328125,-0.3173828125,0.30908203125,0.234129533804117,0.21923038165294603,0.504442722832507,Null
94.27899999999991,1.041015625,-0.306640625,0.3408203125,0.33097402278673,0.239450659572393,0.588516509971259,Null
94.3029999999999,1.0322265625,-0.38525390625,0.359375,0.5565897553616059,0.240514884726048,0.768370560938967,LVG1
94.32299999999991,1.03076171875,-0.4365234375,0.38916015625,0.709838177487938,0.27457008964301,0.8567012486923391,LVG1
94.34399999999991,1.04345703125,-0.53515625,0.43212890625,1.0493260015039099,0.310753744867283,0.946096161599365,LVG1
94.3639999999999,1.0634765625,-0.61181640625,0.49462890625,1.54738337341449,0.37035035347196704,1.08444543157453,LVG1
94.3839999999999,1.07080078125,-0.67431640625,0.5302734375,1.77087065568205,0.42675428661568704,1.2494003303910601,LVG1
94.40399999999991,1.06298828125,-0.74267578125,0.50537109375,1.77938445691129,0.457616816071684,1.33773101814443,LVG1
94.42399999999991,1.0439453125,-0.72509765625,0.453125,1.8506875422061797,0.6129936885053261,1.6112368826337902,LVG1
94.44499999999991,0.97314453125,-0.6591796875,0.3935546875,1.9634954084936203,0.7715632363999321,1.7804486820649499,LVG1
94.4649999999999,0.880859375,-0.64453125,0.375,2.05714722201527,0.889692228455646,1.9581742827253499,LVG1
94.4849999999999,0.80859375,-0.65673828125,0.3759765625,2.1061015790833997,0.9365181352164699,2.03692694409582,LVG1
94.50499999999991,0.73193359375,-0.6640625,0.3759765625,2.2221021208317997,1.06422515365508,2.1827257901465704,LVG1
94.5249999999999,0.65869140625,-0.61474609375,0.353515625,2.1369641085394,1.07061050457701,2.2529646502878,LVG1
94.5449999999999,0.5810546875,-0.61669921875,0.2939453125,1.95072470664976,0.9780229162090179,2.35087336442407,LVG1
94.5649999999999,0.5625,-0.58984375,0.3642578125,1.94646780603514,0.8971418045312322,2.40195617179951,LVG1
94.58499999999991,0.55126953125,-0.48291015625,0.47705078125,2.0326700434812,0.7258015547927641,2.56052571969412,LVG1
94.6049999999999,0.46484375,-0.32763671875,0.5439453125,1.7634210796064698,0.567232006898157,2.7414439958154797,LVG1
94.6249999999999,0.38818359375,-0.34716796875,0.546875,0.973766015594397,0.36077232708907203,2.88511439155892,LVG1
94.64499999999991,0.322265625,-0.498046875,0.49560546875,0.15111997181902098,0.141541945436126,2.9766377547732596,LVG1
94.6649999999999,0.2861328125,-0.59716796875,0.45703125,-0.256478262030874,-0.13196391905323,3.0021791584609803,LVG1
94.6849999999999,0.265625,-0.60693359375,0.41455078125,-0.399084432620655,-0.419304710540101,2.9617386026220798,LVG1
94.7059999999999,0.22900390625,-0.625,0.3779296875,-0.517213424676368,-0.709838177487938,2.89043551732719,LVG1
94.7259999999999,0.2724609375,-0.84619140625,0.3544921875,-0.528919901366574,-1.06422515365508,2.8148755314176803,LVG1
94.7459999999998,0.37060546875,-1.078125,0.33984375,-0.084073787138751,-1.37391467336871,2.72228794304969,LVG1
94.7659999999999,0.46875,-1.078125,0.35546875,0.770499011246277,-1.5612183004120002,2.58181022276722,LVG1
94.7899999999999,0.494140625,-0.6630859375,0.37890625,1.54631914826083,-1.60485153171186,2.4157910987970297,LVG1
94.81099999999991,0.3984375,-0.380859375,0.37158203125,1.06954627942335,-1.6133653329411,2.33916688773386,LVG1
94.83099999999979,0.330078125,-0.3876953125,0.30712890625,-0.07130308529489,-1.75384305322357,2.1656981876880903,LVG1
94.8509999999999,0.39111328125,-0.63232421875,0.22509765625,-0.800297315548619,-2.05076187109334,1.8794216213548702,LVG1
94.8709999999998,0.48193359375,-0.64111328125,0.255859375,-0.7438933824049,-2.23487282267567,1.44734620897091,LVG1
94.89099999999979,0.46630859375,-0.62109375,0.30615234375,-0.847123222309443,-2.2167809950635298,1.0471975511966,LVG1
94.91099999999979,0.51220703125,-0.85107421875,0.1904296875,-0.7524071836341409,-2.2082671938342897,0.648113118575943,LVG1
94.93099999999978,0.662109375,-1.08349609375,0.10546875,0.763049435170692,-2.2008176177587004,0.179854050967708,LVG1
94.95199999999979,0.77099609375,-0.81982421875,0.2734375,2.68716851297907,-2.07949595024202,-0.23200108349680698,LVG1
94.9719999999998,0.7802734375,-0.55517578125,0.39599609375,3.3044191020990197,-1.92092640234742,-0.455488365764374,LVG1
94.99099999999979,0.84130859375,-0.5498046875,0.412109375,2.8617014381785095,-1.8506875422061797,-0.5640393314371921,LVG1
95.01199999999979,0.95751953125,-0.50537109375,0.548828125,2.44133250248475,-1.69424644461889,-0.6949390253367671,LVG1
95.03199999999978,1.11083984375,-0.3564453125,0.76123046875,2.07949595024202,-1.32496031630057,-0.8237102689290309,LVG1
95.0519999999998,1.10205078125,-0.30615234375,0.77001953125,1.17171189417424,-0.763049435170692,-0.7577283094024159,LVG1
95.07199999999979,0.9990234375,-0.5732421875,0.5673828125,0.00638535092193,-0.34055204916962495,-0.5235987755982989,LVG1
95.09599999999979,0.95361328125,-0.75,0.40185546875,-0.026605628841377002,-0.054275482836409004,-0.46080949153264894,LVG1
95.18099999999978,0.9287109375,-0.43701171875,0.6962890625,1.04187642542832,0.42249738600106607,-0.16601912397019197,LVG1
95.2009999999998,0.98681640625,-0.28662109375,1.0087890625,1.0589040278868,0.594901860893189,-0.044697456453513,LVG1
95.2219999999998,1.02978515625,-0.32568359375,1.11865234375,0.044697456453513,0.60980101304436,0.236257984111428,LVG1
95.24199999999979,0.7587890625,-0.4365234375,0.74365234375,-0.365029227703692,0.581066933895673,0.20007432888715498,LVG1
95.26199999999979,0.66650390625,-0.63720703125,0.50732421875,0.669397621649045,0.393763306852379,0.175597150353088,LVG1
95.28199999999978,0.67529296875,-0.5732421875,0.52734375,1.19193217209369,0.259670937491839,0.36183655224272704,LVG1
95.3019999999998,0.5712890625,-0.4345703125,0.5302734375,0.9769586910553629,0.157505322740952,0.42569006146203203,LVG1
95.32199999999979,0.47998046875,-0.3916015625,0.65087890625,1.0589040278868,0.11387209144109299,0.4969931467569221,LVG1
95.34199999999979,0.54345703125,-0.45263671875,0.86669921875,0.658755370112494,0.156441097587297,0.5746815829737429,LVG1
95.3619999999998,0.56982421875,-0.666015625,0.88232421875,0.628957065810152,0.30649684425266305,0.5597824308225721,LVG1
95.38199999999979,0.50390625,-0.61279296875,0.87109375,0.726865779946419,0.37247880377927794,0.616186363966291,LVG1
95.40199999999979,0.48779296875,-0.61669921875,0.57177734375,0.9727017904407421,0.399084432620655,0.763049435170692,LVG1
95.42199999999978,0.375,-0.71240234375,0.41455078125,2.19123959137581,0.47038751791554495,0.619379039427256,LVG1
95.44299999999978,0.486328125,-0.38134765625,0.71484375,2.93406874862705,0.47038751791554495,0.445910339381478,LVG1
95.4629999999998,0.50634765625,0.00830078125,0.98779296875,2.08375285085664,0.669397621649045,0.36928612831831203,LVG1
95.48299999999979,0.3955078125,-0.10302734375,0.880859375,1.54099802249255,0.7715632363999321,0.19368897796522402,LVG1
95.50699999999979,0.42822265625,-0.11328125,0.8115234375,1.26642793284954,0.7524071836341409,0.13834926997516,LVG1
95.52799999999979,0.41357421875,-0.23974609375,0.82568359375,0.8950133542239208,0.7321869057146941,0.227744182882187,LVG1
95.54799999999979,0.43896484375,-0.13232421875,0.9912109375,1.1344640137963102,0.6247001651955311,0.230936858343152,LVG1
95.56799999999978,0.48291015625,-0.1044921875,1.12646484375,0.982279816823638,0.522534550444644,0.246900235647978,LVG1
95.5879999999998,0.35302734375,-0.3349609375,1.03955078125,0.36183655224272704,0.53424102713485,0.28201966571859605,LVG1
95.60799999999979,0.3466796875,-0.40234375,1.0087890625,0.7822054879364829,0.444846114227823,0.321395996403834,LVG1
95.62899999999969,0.36865234375,-0.1962890625,0.966796875,0.9982431941284642,0.316074870635558,0.419304710540101,LVG1
95.64899999999979,0.37353515625,-0.0302734375,0.8857421875,0.7662421106316569,0.21923038165294603,0.53424102713485,LVG1
95.6689999999997,0.39013671875,0.03955078125,0.92138671875,0.9248116585262629,0.128771243592265,0.6055441124297399,LVG1
95.6889999999997,0.40185546875,0.03173828125,1.0576171875,1.1397851395645902,0.160697998201917,0.595966086046844,LVG1
95.7129999999997,0.37060546875,-0.03662109375,1.18994140625,0.791783514319379,0.253285586569909,0.479965544298441,LVG1
95.7339999999997,0.32958984375,-0.24609375,1.05322265625,0.275634314796665,0.29372614240880196,0.18730362704329398,LVG1
95.75399999999969,0.3525390625,-0.0146484375,1.05810546875,0.303304168791697,0.225615732574877,0.19156052765791398,LVG1
95.77399999999969,0.4619140625,0.00732421875,1.08740234375,0.20220277919446497,0.21284503073101602,0.33310247309403995,LVG1
95.7939999999997,0.4189453125,-0.47314453125,1.0029296875,0.06704618468026999,0.320331771250179,0.5874522848176039,LVG1
95.8139999999997,0.3603515625,-0.31884765625,0.97119140625,0.634278191578427,0.4235616111547221,0.528919901366574,LVG1
95.83399999999969,0.35595703125,0.12548828125,1.2001953125,0.617250589119946,0.491672020988646,0.478901319144786,LVG1
95.8539999999997,0.431640625,0.095703125,1.2060546875,-0.260735162645494,0.37247880377927794,0.5523328547469859,LVG1
95.8749999999997,0.4296875,-0.1181640625,1.1201171875,-0.791783514319379,0.48422244491306105,0.37035035347196704,LVG1
95.89899999999969,0.29345703125,-0.29931640625,0.9326171875,0.988665167745568,0.647048893422288,0.173468700045778,LVG1
95.9189999999997,0.24853515625,-0.181640625,1.142578125,1.11530796103052,0.5459475038250561,0.487415120374026,LVG1
95.9389999999997,0.3427734375,-0.1650390625,1.205078125,0.09365181352164699,0.421433160847411,0.685360998953871,LVG1
95.9599999999997,0.34765625,-0.1962890625,1.19677734375,-0.42036893569375605,0.581066933895673,0.67471874741732,LVG1
95.97999999999969,0.1767578125,-0.55078125,0.81201171875,-0.4991215970642321,0.7662421106316569,0.7481502830195209,LVG1
95.9999999999997,0.13916015625,-0.375,0.80078125,0.637470867039392,0.73537958117566,0.7438933824049,LVG1
96.02399999999969,0.23291015625,0.53271484375,1.31689453125,1.62400758447765,0.842866321694823,0.3682219031646571,LVG1
96.04499999999969,0.0751953125,0.18359375,1.07763671875,0.12983546874592,1.0312341738917699,0.17240447489212302,LVG1
96.0649999999997,0.0166015625,-0.49560546875,0.564453125,-0.233065308650462,1.0684820542697,0.06066083375833999,LVG1
96.0849999999997,0.09716796875,0.142578125,1.14306640625,1.8134396618282602,1.2674921580032,-0.390570631391414,LVG1
96.10499999999969,0.109375,0.36669921875,1.375,1.52077774457311,1.2887766610763,-0.60128721181512,LVG1
96.1249999999997,0.12646484375,0.35009765625,0.9921875,0.20007432888715498,1.1589411923303798,-0.7800770376291729,LVG1
96.1449999999997,0.1884765625,0.45166015625,0.98583984375,-0.594901860893189,1.29409778684458,-1.0493260015039099,LVG1
96.1649999999997,0.13623046875,0.5068359375,0.974609375,-1.55270449918276,1.4260617058978102,-1.2834555353080301,LVG1
96.18499999999969,0.16162109375,0.28955078125,0.5322265625,-2.61586542768418,1.03974797512101,-1.40796987828567,LVG1
96.2049999999997,0.294921875,-0.07080078125,0.31005859375,-2.8297746835688597,0.675782972570975,-1.5644109758729698,LVG1
96.2249999999997,0.236328125,-0.8310546875,0.01220703125,-0.759856759709726,0.571488907512777,-1.7389439010724,LVG1
96.2459999999997,0.14453125,0.09033203125,0.50439453125,2.6339572552963197,0.44803878968878796,-2.34555223865579,LVG1
96.26599999999969,0.17236328125,0.62109375,0.65966796875,1.71340249738468,0.018091827612136003,-2.5764890969989502,LVG1
96.28599999999969,0.2373046875,0.416015625,0.6923828125,-0.47358019337651,-0.242643335033358,-2.5658468454624,LVG1
96.3059999999997,0.2783203125,0.01708984375,0.685546875,-2.01457821586906,-0.26392783810646,-2.50731446201137,LVG1
96.3259999999996,0.2392578125,-0.00341796875,0.59326171875,-3.26610699656744,0.04789013191447901,-2.82019665718596,LVG1
96.34599999999969,0.09619140625,-0.52880859375,0.3359375,-3.9482753200603398,0.405469783542585,-3.0277205621487004,LVG1
96.3659999999996,0.16845703125,-0.97998046875,0.3125,-2.25828577605608,0.411855134464516,-3.1437211038971,LVG1
96.3859999999997,0.16552734375,-0.4072265625,0.58935546875,-0.990793618052879,0.349065850398866,-3.11498702474842,LVG1
96.4059999999996,0.0361328125,-0.27880859375,0.75830078125,-2.67333358598156,0.37460725408658796,-2.98408733084884,LVG1
96.4259999999996,0.31787109375,-0.8876953125,0.7744140625,-4.392057209134509,0.177725600660398,-2.71483836697411,LVG1
96.4469999999996,0.64794921875,-1.2451171875,0.93798828125,-4.48358057234885,0.27669853995032107,-2.09120242693223,LVG1
96.4669999999996,0.33447265625,-1.15283203125,0.8251953125,-4.67301264969945,0.9567384131359159,-1.5016216918073202,LVG1
96.4869999999996,0.080078125,-2.05078125,0.24853515625,-3.51407145736907,0.9971789689748091,-1.17171189417424,LVG1
96.50699999999959,0.44091796875,-1.390625,0.69775390625,0.645984668268633,0.46506639214726997,-1.3356025678371202,LVG1
96.5269999999996,0.65771484375,-1.080078125,1.01904296875,0.4714517430692,0.409726684157205,-0.9609953137505358,LVG1
96.5469999999996,0.70458984375,-1.29638671875,1.03662109375,-0.701324376258697,0.8237102689290309,-0.26605628841377,LVG1
96.5679999999996,0.69677734375,-1.54150390625,0.88330078125,-0.297983043023422,1.1259502125670702,0.20113855404081,LVG1
96.5879999999996,0.708984375,-1.5751953125,0.693359375,1.33985946845174,1.29729046230554,0.502314272525197,LVG1
96.6069999999996,0.697265625,-1.64697265625,0.52001953125,3.19161123581158,1.56760365133393,0.8354167456192372,LVG1
96.63199999999959,0.82958984375,-0.8203125,0.54248046875,6.2235886985749005,2.1667624128417398,0.742829157251245,LVG1
96.6529999999996,0.779296875,-0.0224609375,0.642578125,5.12637256515652,2.92236227193685,0.7768843621682081,LVG1
96.6729999999996,0.47265625,0.31591796875,0.76123046875,1.61549378324841,3.33953853216964,1.07912430580625,LVG1
96.6929999999996,0.076171875,-0.10400390625,0.671875,-1.4143552292076,3.15649180574096,1.59740195563627,LVG1
96.7129999999996,-0.2080078125,-0.3310546875,0.77978515625,-2.7754992007324506,2.45516742948227,2.20401029321967,LVG1
96.7329999999996,-0.3525390625,-0.62744140625,0.52001953125,-2.66694823505963,1.94221090542052,2.58606712338184,LVG1
96.7529999999996,-0.6220703125,-0.33837890625,0.55908203125,-1.60165885625089,1.49842901634635,2.37109364234352,LVG1
96.7729999999996,-0.69189453125,0.021484375,0.70068359375,-1.73681545076509,1.0514544518112199,2.20294606806601,LVG1
96.7929999999996,-0.8896484375,-0.18505859375,0.6337890625,-2.3530018147313796,0.7800770376291729,2.3253319607363503,LVG1
96.8129999999996,-1.1591796875,-0.57080078125,0.55810546875,-0.799233090394964,0.239450659572393,1.87516472074025,LVG1
96.8329999999996,-1.01708984375,0.47607421875,0.947265625,-0.35757965162810706,-0.228808408035842,1.1631980929449999,LVG1
96.8539999999996,-0.84228515625,-0.11669921875,0.974609375,-0.437396538152238,0.075559985909511,0.8524443480777181,LVG1
96.8739999999996,-0.99365234375,0.3818359375,0.9111328125,0.847123222309443,0.393763306852379,-0.06811040983392501,LVG1
96.8939999999996,-0.794921875,0.5126953125,1.0732421875,-0.077688436216821,0.74602183271221,-0.227744182882187,LVG1
96.9139999999996,-0.78857421875,-0.349609375,0.86328125,-0.907784056067782,0.9588668634432259,-0.28840501664052604,LVG1
96.9339999999996,-0.88720703125,-0.93310546875,0.49853515625,-0.34161627432328,0.7779485873218629,-0.259670937491839,LVG1
96.9539999999996,-0.60546875,-0.5986328125,0.52294921875,0.195817428272535,0.36928612831831203,-0.13834926997516,LVG1
96.9739999999996,-0.4677734375,-0.61376953125,0.62890625,-0.06811040983392501,0.170276024584813,-0.09152336321433699,LVG1
96.9939999999996,-0.255859375,-0.25244140625,0.95166015625,0.412919359618171,0.130899693899575,-0.308625294559973,LVG1
97.0139999999996,-0.23291015625,-0.06201171875,1.02001953125,-0.22135883196025602,0.246900235647978,-0.517213424676368,LVG1
97.0339999999996,-0.28125,-0.4560546875,0.82177734375,-0.8162606928534458,0.35332275101348604,-0.733251130868349,LVG1
97.0539999999996,-0.37939453125,-0.76611328125,0.5791015625,0.27031318902839,0.168147574277502,-0.844994772002133,LVG1
97.0739999999995,-0.505859375,-0.49169921875,0.56640625,0.949288837060331,-0.21710193134563602,-0.850315897770408,LVG1
97.09399999999951,-0.40771484375,-0.42529296875,0.66015625,0.5246630007519539,-0.49592892160326707,-0.571488907512777,LVG1
97.1139999999995,-0.49462890625,-0.70068359375,0.4990234375,0.533176801981195,-0.595966086046844,-0.356515426474451,LVG1
97.1339999999995,-0.53857421875,-0.64599609375,0.58544921875,1.09083078249646,-0.7981688652413091,-0.223487282267567,LVG1
97.1539999999995,-0.5,-0.63671875,0.685546875,0.8269029443899959,-0.841802096541167,-0.07023886014123501,LVG1
97.1749999999995,-0.52978515625,-0.9365234375,0.91455078125,0.930132784294539,-0.643856217961323,0.47677286883747494,LVG1
97.19499999999951,-0.6005859375,-0.90478515625,1.07763671875,1.4196763549758797,-0.41717626023279103,0.6598195952661489,LVG1
97.2149999999995,-0.6455078125,-0.70703125,1.044921875,1.5069428175755901,-0.29904726817707694,0.744957607558555,LVG1
97.2349999999995,-0.65576171875,-0.56201171875,0.8984375,1.32602454145423,-0.101101389597233,0.87160040084351,LVG1
97.2549999999995,-0.5546875,-0.31103515625,0.86083984375,1.42499748074415,-0.06704618468026999,0.889692228455646,LVG1
97.27499999999951,-0.4091796875,0.2158203125,1.05908203125,1.01739924689426,-0.018091827612136003,0.7545356339414508,LVG1
97.2949999999995,-0.43017578125,-0.0380859375,1.0009765625,0.084073787138751,0.178789825814053,0.7481502830195209,LVG1
97.3149999999995,-0.57861328125,-0.25146484375,0.880859375,-0.126642793284954,0.21071658042370603,0.6513057940369079,LVG1
97.33499999999951,-0.48486328125,-0.3037109375,0.68408203125,-0.16708334912384698,0.114936316594749,0.384185280469484,LVG1
97.3549999999995,-0.4384765625,-0.1123046875,0.76220703125,0.44058921361320297,0.09152336321433699,0.254349811723564,LVG1
97.37599999999951,-0.48291015625,0.12353515625,0.935546875,0.6555626946515289,0.028734079148687,0.142606170589781,LVG1
97.3959999999995,-0.5322265625,-0.06884765625,0.84716796875,-0.240514884726048,-0.118128992055714,0.16389067366288199,LVG1
97.4159999999995,-0.50341796875,-0.46533203125,0.6142578125,-0.949288837060331,-0.285212341179561,0.20113855404081,LVG1
97.43599999999951,-0.4013671875,-0.23681640625,0.63671875,-0.122385892670334,-0.46506639214726997,0.119193217209369,LVG1
97.45999999999951,-0.26416015625,0.1630859375,0.84326171875,-0.332038247940385,-0.47038751791554495,0.001064225153655,LVG1
97.4809999999995,-0.1279296875,0.09228515625,1.07958984375,-1.0142065714332902,-0.46293794183995896,0.021284503073102003,LVG1
97.50099999999951,-0.06396484375,-0.3935546875,1.1103515625,-1.3717862230613997,-0.36396500255003705,-0.001064225153655,LVG1
97.5209999999995,0.095703125,-0.4365234375,0.939453125,-0.46400216699361496,-0.33310247309403995,-0.31820332094286896,LVG1
97.5409999999995,-0.0087890625,-0.34228515625,0.666015625,-0.5863880596639489,-0.08726646259971699,-0.522534550444644,LVG1
97.56099999999951,-0.13818359375,-0.40673828125,0.703125,-0.36077232708907203,0.040440555838893,-0.5906449602785689,LVG1
97.5809999999995,-0.2158203125,-0.18603515625,0.8291015625,0.005321125768275,-0.018091827612136003,-0.809875341931515,LVG1
97.6009999999995,-0.205078125,-0.1748046875,0.7783203125,-0.485286670066716,-0.16389067366288199,-0.7853981633974481,LVG1
97.6209999999995,-0.21728515625,-0.68798828125,0.52392578125,-1.74320080168702,-0.307561069406318,-0.617250589119946,LVG1
97.64099999999951,-0.20263671875,-1.2236328125,0.404296875,-1.3100611641493998,-0.505506947986163,-0.42569006146203203,LVG1
97.6609999999995,-0.02783203125,-0.9814453125,0.5478515625,0.615122138812636,-1.00143586958943,-0.444846114227823,LVG1
97.68099999999941,-0.15087890625,-0.65380859375,0.6142578125,0.9546099628286059,-1.23875807885451,-0.284148116025906,LVG1
97.70099999999941,-0.40234375,-0.49169921875,0.5146484375,0.42781851176934205,-1.41541945436126,-0.303304168791697,LVG1
97.7209999999994,-0.48583984375,-0.28271484375,0.689453125,0.21284503073101602,-1.5548329494900701,-0.597030311200499,LVG1
97.7409999999994,-0.46435546875,-0.2109375,0.75732421875,-0.379928379854863,-1.4377681825880102,-0.9407750358310899,LVG1
97.76099999999941,-0.41552734375,-0.21826171875,0.98779296875,-1.2834555353080301,-0.74176493209759,-1.26642793284954,LVG1
97.78099999999941,-0.86376953125,-1.26416015625,1.36181640625,-1.99329371279596,0.38099260500851795,-1.2632352573885801,LVG1
97.8009999999994,-0.70849609375,-1.40185546875,1.21728515625,0.13622081966785002,0.594901860893189,-1.1951248475546499,LVG1
97.82599999999941,-0.5419921875,-0.931640625,1.30908203125,2.1742119889173304,0.80455421616324,-0.9588668634432259,LVG1
97.8459999999994,-0.56689453125,-0.419921875,1.39111328125,2.4615527804042,1.02910572358446,-0.18730362704329398,LVG1
97.8659999999994,-0.560546875,-0.2666015625,1.2451171875,1.4452177586636001,0.937582360370125,0.555525530207951,LVG1
97.8869999999994,-0.5419921875,-0.44921875,0.8095703125,1.10998683526225,0.7279300051000741,0.959931088596881,LVG1
97.90699999999941,-0.484375,-0.283203125,0.64013671875,1.7091455967700602,0.46080949153264894,0.970573340133432,LVG1
97.92699999999941,-0.47021484375,-0.2607421875,0.580078125,1.80492586059901,0.120257442363024,1.14829894079383,LVG1
97.9469999999994,-0.40673828125,-0.17138671875,0.77197265625,1.62826448509227,-0.20752390496273998,1.31538228991768,LVG1
97.9709999999994,-0.3701171875,-0.283203125,0.9326171875,1.0056927702040501,-0.35757965162810706,1.43351128197339,LVG1
97.99199999999941,-0.38720703125,-0.31494140625,0.927734375,0.843930546848478,-0.334166698247695,1.46756648689035,LVG1
98.0119999999994,-0.365234375,-0.31689453125,0.97509765625,0.7109024026415931,-0.241579109879703,1.4526673347391799,LVG1
98.03199999999941,-0.29345703125,-0.2392578125,0.9951171875,0.6129936885053261,-0.08300956198509599,1.3632724218321601,LVG1
98.05199999999941,-0.2236328125,-0.1015625,0.97119140625,0.731122680561039,0.14047772028247002,1.2430149794691299,LVG1
98.0719999999994,-0.2041015625,0.05419921875,1.046875,0.455488365764374,0.348001625245211,1.1142437358768702,LVG1
98.0919999999994,-0.177734375,0.0,1.0,-0.065981959526615,0.332038247940385,0.9343896849091591,LVG1
98.11199999999941,-0.06884765625,-0.0224609375,0.90576171875,-0.696003250490422,0.26818473872107995,0.8279671695436519,LVG1
98.13199999999941,-0.1064453125,-0.14208984375,0.80712890625,-0.635342416732082,0.21816615649929103,0.584259609356638,LVG1
98.1519999999994,-0.103515625,-0.16357421875,0.654296875,0.46932329276189,0.19688165342619002,0.16282644850922698,LVG1
98.17199999999941,-0.06005859375,-0.03369140625,0.50146484375,1.72830164953585,0.332038247940385,-0.251157136262599,LVG1
98.19199999999941,-0.01904296875,0.34619140625,1.423828125,1.24088652916182,0.830095619850962,0.028734079148687,LVG1
98.2119999999994,-0.29833984375,0.404296875,1.6494140625,0.42036893569375605,1.38774960036622,-0.34161627432328,LVG1
98.2319999999994,-0.603515625,0.0166015625,0.70166015625,0.48422244491306105,1.43031860651243,-0.715159303256213,LVG1
98.25199999999941,-0.73486328125,0.10205078125,0.52001953125,0.43313963753761703,0.9918578432065341,-0.531048351673884,LVG1
98.27199999999941,-0.81689453125,-0.0009765625,0.28759765625,-0.021284503073102003,0.6534342443442189,-0.32778134732576397,LVG1
98.29199999999929,-0.73046875,-0.1201171875,0.037109375,-0.792847739473034,-0.20433122950177499,0.00638535092193,LVG1
98.31199999999941,-0.58837890625,-0.1787109375,0.26513671875,-1.10998683526225,-1.02910572358446,0.119193217209369,LVG1
98.33299999999929,-0.447265625,-0.25830078125,0.91748046875,-0.891820678762956,-1.36859354760043,-0.030862529455997004,LVG1
98.3529999999993,-0.29638671875,-0.6162109375,1.48681640625,-0.643856217961323,-1.13127133833535,-0.222423057113912,LVG1
98.3769999999993,-0.359375,-0.9033203125,1.33154296875,0.247964460801633,-0.36290077739638205,-0.07343153560220099,LVG1
98.3979999999993,-0.32275390625,-0.36669921875,1.2294921875,0.147927296358056,-0.21710193134563602,0.367157678011002,LVG1
98.4179999999993,-0.21142578125,-0.287109375,0.99072265625,-1.11530796103052,-0.290533466947837,0.658755370112494,LVG1
98.43799999999929,-0.06396484375,-0.68310546875,0.91796875,-1.60485153171186,-0.27989121541128603,0.907784056067782,LVG1
98.45799999999929,-0.123046875,-0.6484375,1.10009765625,-0.9939862935138442,-0.08833068775337198,1.194060622401,LVG1
98.4779999999993,-0.15185546875,-0.7705078125,0.90234375,-1.2004459733229298,-0.086202237446062,1.4143552292076,LVG1
98.4989999999993,-0.08984375,-0.353515625,1.0927734375,-0.713030852948903,-0.078752661370476,1.5580256249510402,LVG1
98.5189999999993,-0.1513671875,-0.04638671875,1.1611328125,-0.5895807351249139,0.057468158297374,1.5165208439584899,LVG1
98.53899999999929,-0.13623046875,0.44921875,1.2978515625,-0.18943207735060397,0.17240447489212302,1.03336262419908,LVG1
98.56299999999929,-0.06982421875,0.751953125,1.27294921875,-0.21816615649929103,0.284148116025906,0.38631373077679404,LVG1
98.58299999999929,0.064453125,0.30224609375,1.033203125,-0.617250589119946,0.310753744867283,-0.159633773048262,LVG1
98.60399999999929,0.125,-0.3662109375,0.72509765625,-0.893949129070266,0.20113855404081,-0.407598233849895,LVG1
98.6239999999993,0.04833984375,-0.50146484375,0.9677734375,-0.4427176639205129,-0.06066083375833999,-0.124514342977644,LVG1
98.6439999999993,-0.14404296875,-0.51220703125,1.14501953125,-0.26818473872107995,-0.409726684157205,0.28308389087225105,LVG1
98.66399999999929,-0.5546875,-0.041015625,0.79833984375,0.26179938779914896,-0.522534550444644,0.39482753200603404,LVG1
98.68799999999929,-0.7646484375,0.4404296875,0.474609375,0.16601912397019197,-0.818389143160756,0.767306335785312,LVG1
98.70899999999929,-0.888671875,1.15478515625,0.576171875,-0.177725600660398,-0.9982431941284642,0.20433122950177499,LVG1
98.72899999999929,-0.48876953125,0.39794921875,1.07177734375,-0.578938483588363,-1.34198791875905,-0.30436839394535303,LVG1
98.7489999999993,-0.17626953125,-0.22509765625,1.75830078125,-0.178789825814053,-0.909912506375093,-0.21284503073101602,LVG1
98.7689999999993,-0.1484375,0.17041015625,2.50341796875,0.6598195952661489,-0.10216561475088799,0.26924896387473496,LVG1
98.78899999999929,0.03076171875,0.27978515625,2.56005859375,0.415047809925481,0.35757965162810706,0.28840501664052604,LVG1
98.8089999999993,-0.03271484375,0.09716796875,1.30615234375,-0.887563778148336,1.31538228991768,0.058532383451029006,LVG1
98.8289999999993,-0.11669921875,-0.40185546875,1.14697265625,-0.9780229162090179,1.71127404707737,-0.36928612831831203,LVG1
98.8489999999993,-0.30615234375,-1.16162109375,0.18408203125,0.459745266378994,1.34943749483464,-0.48209399460575103,LVG1
98.86899999999929,-0.6259765625,-0.9228515625,-0.03125,3.83440322861925,1.1110510604158998,-1.1121152855695602,LVG1
98.8889999999993,-0.8310546875,-0.0458984375,0.3837890625,5.489273342552901,0.40014865777430997,-1.21640935062776,LVG1
98.9099999999993,-0.80615234375,-0.1328125,0.5361328125,5.01995004979101,-0.42249738600106607,-0.733251130868349,LVG1
98.9299999999993,-0.900390625,-0.6640625,0.13427734375,4.3260752496079,-1.22173047639603,-0.20539545465543,LVG1
98.94999999999929,-0.92578125,-0.58203125,0.22265625,4.38673608336624,-1.9485962563424502,0.637470867039392,LVG1
98.9739999999993,-0.6494140625,-0.42236328125,0.380859375,2.82126088233961,-2.4945437601675002,1.84643064159156,LVG1
98.99399999999929,-0.3505859375,-0.279296875,0.482421875,1.15468429171576,-2.6179938779914904,2.60628740130129,LVG1
99.01499999999929,-0.12060546875,0.0458984375,0.6806640625,0.4235616111547221,-2.4477178534066804,2.9266191725514705,LVG1
99.0349999999993,0.08642578125,0.13037109375,0.666015625,-0.026605628841377002,-2.40621307241413,3.0021791584609803,LVG1
99.0549999999993,0.32666015625,0.34130859375,0.75537109375,0.09578026382895699,-2.42536912517992,2.45942433009689,LVG1
99.07499999999919,0.5068359375,0.84326171875,1.1611328125,0.42675428661568704,-2.14334945946133,1.54951182372179,LVG1
99.0989999999993,0.6162109375,0.82080078125,1.4306640625,-0.020220277919447,-1.40690565313201,0.08513801229240599,LVG1
99.1199999999992,0.681640625,0.82958984375,1.4912109375,-0.60128721181512,-0.7545356339414508,-0.709838177487938,LVG1
99.13999999999929,0.4912109375,0.28369140625,0.91552734375,-0.7843339382437929,-0.277762765103976,-0.981215591669983,LVG1
99.1599999999992,0.05224609375,0.23779296875,0.61279296875,-0.455488365764374,-0.431011187230307,-1.15787696717673,LVG1
99.1799999999992,0.00048828125,0.423828125,0.58740234375,-1.04400487573563,-0.881178427226405,-1.21853780093507,LVG1
99.19999999999919,0.08740234375,0.71826171875,0.58935546875,-2.2018818429123597,-1.2674921580032,-1.23130850277893,LVG1
99.2199999999992,0.2607421875,0.61181640625,0.5869140625,-3.55983313897624,-1.51439239365118,-1.1472347156401799,LVG1
99.2399999999992,0.40380859375,0.2060546875,0.64501953125,-3.2586574204918506,-1.63784251147517,-1.25578568131299,LVG1
99.2599999999992,0.49853515625,0.22607421875,1.1533203125,-3.78438464639746,-1.4952363408853897,-1.4047772028246999,LVG1
99.2799999999992,0.5927734375,0.04052734375,1.28125,-4.87840810435488,-1.1004088088793502,-1.25259300585203,LVG1
99.2999999999992,0.52490234375,-0.208984375,1.02294921875,-5.1710700216100305,-0.8130680173924799,-1.15042739110114,LVG1
99.3199999999992,0.39013671875,-0.6953125,1.05712890625,-4.922041335654741,0.09152336321433699,-0.5778742584347081,LVG1
99.3409999999992,0.3349609375,-0.8173828125,1.306640625,-4.69642560307986,0.520406100137334,-0.38312105531582796,LVG1
99.3649999999992,0.287109375,-0.92431640625,1.02685546875,-4.03873445812103,1.0493260015039099,0.022348728226757004,LVG1
99.3849999999992,0.166015625,-0.826171875,1.033203125,-3.28845572479419,1.57931012802414,0.286276566333216,LVG1
99.4049999999992,0.08349609375,-0.759765625,0.85693359375,-3.17139095789214,1.9134768262718302,0.451231465149754,LVG1
99.42599999999919,0.0478515625,-0.68701171875,0.845703125,-3.27036389718206,2.10823002939071,0.597030311200499,LVG1
99.4459999999992,-0.04833984375,-0.83447265625,0.84619140625,-3.53961286105679,2.2412581735976,0.756664084248761,LVG1
99.4659999999992,-0.08544921875,-0.71728515625,0.83935546875,-2.99153690692443,2.2082671938342897,0.8396736462338571,LVG1
99.4859999999992,-0.0634765625,-0.69384765625,0.60009765625,-2.77124230011783,2.0731105993200902,0.9780229162090179,LVG1
99.5099999999992,-0.068359375,-0.82080078125,0.6259765625,-2.7946552534982403,1.97307343487652,0.9248116585262629,LVG1
99.5309999999992,-0.06005859375,-0.66748046875,0.8076171875,-2.72015949274238,1.7783202317576399,0.644920443114978,LVG1
99.55099999999919,-0.05029296875,-0.61669921875,0.46337890625,-3.04687661491449,1.4952363408853897,0.520406100137334,LVG1
99.5709999999992,-0.14990234375,-0.74072265625,-0.03466796875,-2.89682086824912,1.3717862230613997,0.6076725627370501,LVG1
99.5909999999992,-0.12109375,-0.87353515625,0.138671875,-2.3976992711848903,1.0769958554989398,0.5097638486007829,LVG1
99.6109999999992,-0.10791015625,-0.81689453125,0.38427734375,-2.18485424045388,0.7289942302537291,0.356515426474451,LVG1
99.6309999999992,-0.212890625,-0.99365234375,0.1923828125,-1.40584142797836,0.407598233849895,0.227744182882187,LVG1
99.6519999999992,-0.1962890625,-0.9990234375,0.05810546875,-0.06917463498758,0.08300956198509599,0.06704618468026999,LVG1
99.6719999999992,-0.1318359375,-0.833984375,0.27587890625,0.169211799431158,0.123450117823989,0.20007432888715498,LVG1
99.6959999999992,-0.2548828125,-0.900390625,0.1259765625,-1.1887394966327198,0.474644418530165,0.6704618468026999,LVG1
99.7169999999992,-0.26708984375,-1.02294921875,0.25634765625,-1.2004459733229298,0.638535092193047,0.9567384131359159,LVG1
99.7369999999992,-0.193359375,-0.8818359375,0.38525390625,-1.19086794694003,0.7619852100170369,1.21428090032045,LVG1
99.7569999999992,-0.22705078125,-0.93115234375,0.3388671875,-1.69211799431158,1.0780600806526,1.51226394334387,LVG1
99.7769999999992,-0.294921875,-1.0517578125,0.28857421875,-1.5761174525631698,1.24833610523741,1.6591270145482702,LVG1
99.7969999999992,-0.29150390625,-0.84375,0.17919921875,-0.975894465901708,1.21853780093507,1.72298052376757,LVG1
99.81599999999919,-0.36328125,-0.77099609375,0.24609375,-1.194060622401,1.22811582731796,1.6889253188506101,LVG1
99.8369999999992,-0.44580078125,-0.857421875,0.19384765625,-1.55908985010469,1.16213386779135,1.4877867648098,LVG1
99.8569999999992,-0.533203125,-0.69775390625,0.2587890625,-1.4313828316660802,1.0493260015039099,1.17916147024983,LVG1
99.8769999999992,-0.44580078125,-0.9599609375,0.0791015625,-1.40052030221008,0.8151964676997909,0.8747930763044749,LVG1
99.8969999999992,-0.41162109375,-1.1943359375,0.0625,-0.9450319364457099,0.7002601511050419,0.66833339649539,LVG1
99.91699999999908,-0.46826171875,-1.357421875,0.037109375,-0.10429406505819801,0.606608337583395,0.60128721181512,LVG1
99.93799999999919,-0.4580078125,-1.44921875,-0.13037109375,2.23061592206104,0.537433702595815,0.33523092340134997,LVG1
99.95799999999909,-0.41552734375,-0.94775390625,-0.10009765625,4.37290115636872,0.7513429584804859,0.031926754609652,LVG1
99.9819999999992,-0.5244140625,-0.74267578125,0.0751953125,4.33565327599079,1.0142065714332902,-0.17240447489212302,LVG1
100.00199999999901,-0.546875,-0.74365234375,0.17724609375,3.68541170710754,0.9067198309141271,-0.35757965162810706,LVG1
100.02199999999901,-0.6103515625,-0.87353515625,0.1416015625,3.8567519568460096,0.7577283094024159,-0.409726684157205,LVG1
100.04299999999901,-0.55078125,-0.59765625,0.1962890625,4.16431302625233,0.5033784976788521,-0.5693604572054671,LVG1
100.06299999999901,-0.482421875,-0.8203125,0.248046875,2.84680228602734,0.08939491290702699,-0.519341874983679,LVG1
100.082999999999,-0.5419921875,-0.82861328125,0.3837890625,2.55307614361853,0.139413495128815,-0.34055204916962495,LVG1
100.106999999999,-0.5537109375,-0.48388671875,0.32080078125,2.0358627189421696,-0.07023886014123501,-0.114936316594749,LVG1
100.127999999999,-0.58544921875,-0.7412109375,0.224609375,1.8964492238133501,-0.32778134732576397,0.017027602458481002,LVG1
100.147999999999,-0.44775390625,-0.73291015625,0.28271484375,2.14441368461498,-0.393763306852379,0.10003716444357699,LVG1
100.16799999999901,-0.6279296875,-0.3720703125,0.2763671875,0.8151964676997909,-0.48635089522037106,0.21710193134563602,LVG1
100.18799999999901,-0.7998046875,-0.54248046875,0.0771484375,0.650241568883253,-0.6119294633516701,0.152184196972676,LVG1
100.207999999999,-0.94873046875,-0.31005859375,0.27685546875,1.0652893788087299,-0.576810033281053,0.10535829021185301,LVG1
100.22699999999901,-0.95458984375,-0.05810546875,0.57421875,0.150055746665366,-0.562975106283537,0.284148116025906,LVG1
100.24899999999901,-0.79443359375,-0.341796875,0.828125,-0.9067198309141271,-0.395891757159689,0.39802020746699995,LVG1
100.26899999999901,-0.7236328125,-0.73583984375,1.0498046875,-1.19299639724734,-0.06278928406565,0.35013007555252096,LVG1
100.29299999999901,-0.45947265625,-0.81982421875,1.2998046875,-1.56015407525835,0.20858813011639601,0.4969931467569221,LVG1
100.31299999999901,-0.4091796875,-1.1630859375,1.2021484375,-1.68998954400427,0.43952498845954796,0.7587925345560709,LVG1
100.33399999999901,-0.40283203125,-0.822265625,1.45361328125,-0.692810575029456,0.5980945363541539,0.8247744940826859,LVG1
100.353999999999,-0.4619140625,-0.33056640625,1.21435546875,-1.52077774457311,0.573617357820088,0.8151964676997909,LVG1
100.37399999999901,-0.52099609375,-0.67431640625,0.33740234375,-3.96317447221151,0.373543028932933,0.865215049921579,LVG1
100.39399999999901,-0.427734375,-1.58203125,-0.14306640625,-3.6619987537271297,-0.20007432888715498,0.9950505186674989,LVG1
100.41799999999901,-0.35205078125,-1.27783203125,0.42138671875,-1.8560086679744598,-1.05996825304046,1.24088652916182,LVG1
100.43899999999901,-0.48388671875,-0.74267578125,0.26171875,-3.8024764740096004,-1.51545661880483,1.3632724218321601,LVG1
100.45899999999901,-0.49169921875,-0.9912109375,-0.17919921875,-3.3799790880085294,-1.99861483856424,1.29090511138361,LVG1
100.478999999999,-0.49560546875,-1.0625,-0.0791015625,-2.6722693608279,-2.41046997302875,1.0471975511966,LVG1
100.49899999999901,-0.58984375,-0.990234375,-0.0400390625,-2.70419611543756,-2.60415895099398,0.930132784294539,LVG1
100.522999999999,-0.6259765625,-0.921875,-0.123046875,-1.7719348808357098,-3.03091323760966,0.7162235284098679,LVG1
100.543999999999,-0.53076171875,-0.55615234375,0.38037109375,-0.7236731044854541,-3.03517013822429,0.411855134464516,LVG1
100.56399999999901,-0.29638671875,-0.54052734375,0.93212890625,-0.8056184413168951,-2.7361228700472098,0.233065308650462,LVG1
100.58399999999901,-0.05517578125,-0.71923828125,1.1953125,-0.547011728978711,-2.0922666520858897,0.084073787138751,LVG1
100.603999999999,-0.0458984375,-0.74072265625,1.04443359375,0.511892298908093,-1.3068684886884399,-0.179854050967708,LVG1
100.627999999999,-0.26025390625,-0.7421875,0.50048828125,0.8854353278410259,-0.6736545222636651,-0.32565289701845396,LVG1
100.648999999999,-0.46728515625,-0.79833984375,0.3564453125,0.8396736462338571,-0.43420386269127204,-0.2788269902576311,LVG1
100.668999999999,-0.52490234375,-0.59423828125,0.4580078125,0.8513801229240631,-0.47783709399113106,-0.26179938779914896,LVG1
100.68899999999901,-0.3173828125,-0.49072265625,0.63671875,0.526791451059264,-0.634278191578427,-0.42675428661568704,LVG1
100.70899999999901,-0.14892578125,-0.2841796875,0.275390625,0.421433160847411,-0.7002601511050419,-0.8247744940826859,LVG1
100.728999999999,-0.45556640625,-0.92333984375,0.11669921875,-0.608736787890705,-0.305432619099008,-0.9013987051458521,LVG1
100.749999999999,-0.57666015625,-1.29931640625,0.4326171875,-0.7247373296391091,-0.023412953380412004,-0.6257643903491871,LVG1
100.769999999999,-0.3583984375,-1.01171875,0.62451171875,-0.10216561475088799,0.11174364113378302,-0.365029227703692,LVG1
100.793999999999,-0.10791015625,-0.56689453125,-0.0693359375,0.45229569030340905,0.06066083375833999,-0.34055204916962495,LVG1
100.81399999999901,-0.3369140625,-0.7421875,0.01806640625,-0.10322983990454301,0.12983546874592,-0.412919359618171,LVG1
100.83399999999901,-0.224609375,-0.71337890625,0.5830078125,0.0,0.118128992055714,-0.730058455407384,LVG1
100.85499999999901,-0.13720703125,-0.69140625,0.5185546875,0.733251130868349,0.36077232708907203,-0.9524815125212959,LVG1
100.874999999999,-0.42626953125,-0.7138671875,0.33251953125,0.5108280737544381,0.838609421080202,-0.850315897770408,LVG1
100.894999999999,-0.71533203125,-0.6455078125,0.35595703125,0.487415120374026,0.946096161599365,-0.87585730145813,LVG1
100.913999999999,-0.5458984375,-0.8427734375,0.74609375,0.747086057865866,0.844994772002133,-1.02697727327715,LVG1
100.93899999999901,-0.47265625,-0.88037109375,0.72705078125,0.8928849039166109,1.0652893788087299,-0.7800770376291729,LVG1
100.95999999999901,-0.73193359375,-1.01416015625,0.39501953125,1.08125275611356,1.3334741175298102,-0.40866245900354997,LVG1
100.97999999999901,-0.60595703125,-1.0185546875,0.1650390625,1.4090341034393201,0.9641879892115021,-0.47038751791554495,LVG1
100.999999999999,-0.2919921875,-0.8564453125,0.3525390625,1.5580256249510402,0.5597824308225721,-0.622571714888221,LVG1
101.019999999999,-0.27490234375,-0.79150390625,0.49365234375,1.29622623715189,0.412919359618171,-0.67259029711001,LVG1
101.043999999999,-0.40869140625,-1.16943359375,0.55322265625,1.1780972450961698,0.27989121541128603,-0.8162606928534458,LVG1
101.064999999999,-0.234375,-1.1748046875,0.79296875,1.6112368826337902,0.4235616111547221,-0.8130680173924799,LVG1
101.08499999999901,-0.521484375,-0.7119140625,0.79443359375,1.35156594514195,0.643856217961323,-0.588516509971259,LVG1
101.10499999999901,-0.79638671875,-1.2080078125,0.595703125,1.71020982192371,0.014899152151171002,-0.74602183271221,LVG1
101.124999999999,-0.3076171875,-0.88818359375,0.85888671875,2.5669110706160496,-0.17240447489212302,-0.8598939241533041,LVG1
101.144999999999,-0.22607421875,-0.0341796875,0.9462890625,1.85281599251349,0.345873174937901,-0.7609209848633821,LVG1
101.165999999999,-0.55615234375,-0.56640625,0.53759765625,0.928004333987229,0.321395996403834,-0.926940108833574,LVG1
101.18599999999901,-0.19775390625,-0.8857421875,0.5849609375,1.26642793284954,0.20007432888715498,-1.05251867696487,LVG1
101.20999999999901,-0.27880859375,0.0322265625,0.79541015625,0.504442722832507,0.8247744940826859,-0.8779857517654399,LVG1
101.22999999999901,-0.48583984375,-0.794921875,0.3818359375,-0.528919901366574,1.14936316594749,-0.913105181836058,LVG1
101.249999999999,-0.21337890625,-0.65234375,0.5,0.455488365764374,0.8269029443899959,-0.821581818621721,LVG1
101.270999999999,-0.10400390625,-0.2998046875,0.5458984375,0.226679957728532,1.15681274202307,-0.7481502830195209,LVG1
101.290999999999,-0.416015625,-0.95556640625,0.265625,-0.638535092193047,1.5026859169609699,-0.4714517430692,LVG1
101.31099999999901,-0.189453125,-1.1357421875,0.58837890625,-0.08300956198509599,1.19618907270831,-0.4235616111547221,LVG1
101.33099999999901,0.00048828125,-0.3994140625,1.0302734375,0.130899693899575,1.38774960036622,-0.588516509971259,LVG1
101.350999999999,-0.1123046875,-0.7783203125,0.26611328125,-0.950353062213986,1.64316363724344,-0.508699623447128,LVG1
101.37099999999901,-0.32861328125,-1.36572265625,0.42578125,-0.40866245900354997,1.61868645870938,-0.322460221557489,LVG1
101.395999999999,-0.25341796875,-0.673828125,0.6337890625,0.43952498845954796,1.74532925199433,-0.6715260719563549,LVG1
101.415999999999,-0.32958984375,-0.0703125,0.6337890625,-0.258606712338184,1.84962331705253,-0.7662421106316569,LVG1
101.43599999999901,-0.443359375,-0.60107421875,0.7802734375,-0.797104640087654,1.96136695818631,-0.858829698999649,LVG1
101.45599999999901,-0.1240234375,-1.40576171875,0.99267578125,-0.038312105531583,2.17527621407098,-0.9982431941284642,LVG1
101.47699999999901,-0.03125,-0.560546875,0.99755859375,0.31820332094286896,2.5637183951550897,-0.753471408787796,LVG1
101.496999999999,-0.36083984375,-0.02001953125,0.59814453125,-0.43952498845954796,2.84786651118099,-0.7768843621682081,LVG1
101.516999999999,-0.17138671875,-0.734375,0.50830078125,-0.6949390253367671,2.92129804678319,-1.3068684886884399,LVG1
101.53699999999901,-0.34765625,-0.49853515625,0.38720703125,-0.844994772002133,2.92449072224416,-1.25897835677396,LVG1
101.55699999999901,-0.80224609375,-0.46484375,-0.4541015625,-1.00888544566502,2.94045409954898,-0.597030311200499,LVG1
101.57799999999901,-0.8349609375,-1.5859375,0.02392578125,-0.19688165342619002,2.64247105652556,-0.7768843621682081,LVG1
101.60199999999901,-0.3125,-0.6435546875,0.37255859375,0.39269908169872403,2.28063450428283,-0.767306335785312,LVG1
101.621999999999,-0.82666015625,-0.734375,-0.8173828125,-0.896077579377577,2.5562688190795,0.20645967980908497,LVG1
101.641999999999,-1.37353515625,-1.41357421875,-0.7197265625,-1.2983546874592,2.3945065957239304,0.80668266647055,LVG1
101.662999999999,-0.44970703125,-1.22021484375,0.95361328125,-0.409726684157205,1.1004088088793502,0.41079090931086,LVG1
101.68299999999901,0.0634765625,-0.1845703125,0.97314453125,0.692810575029456,0.988665167745568,-0.251157136262599,LVG1
101.70299999999901,-0.341796875,-0.2119140625,-0.1845703125,0.25541403687721903,1.75171460291626,-0.822646043775376,LVG1
101.722999999999,-0.49658203125,-1.31689453125,-0.63330078125,-0.7279300051000741,2.08907397662492,-1.00888544566502,LVG1
101.746999999999,-0.33203125,-1.85546875,0.14892578125,-0.969509114979777,1.5920808298679998,-0.822646043775376,LVG1
101.767999999999,0.25244140625,-1.77587890625,1.279296875,-0.619379039427256,1.3803000242906398,-0.128771243592265,LVG1
101.787999999999,-0.142578125,-0.7294921875,0.01171875,0.258606712338184,3.40232781623529,1.3196391905323,LVG1
101.80799999999901,-1.1708984375,-0.2392578125,-1.71484375,-0.511892298908093,3.3980709156206697,1.63039293539958,LVG1
101.82799999999901,-1.373046875,-0.7529296875,-1.54638671875,-2.60096627553301,1.9049630250425902,1.80811853605998,LVG1
101.847999999999,-1.14697265625,-1.52880859375,-0.61669921875,-2.36896519203621,0.309689519713628,1.69743912007985,LVG1
101.868999999999,-0.89892578125,-1.271484375,-0.23681640625,0.29479036756245697,-0.6949390253367671,1.2983546874592,LVG1
101.88899999999902,-0.90625,-0.74169921875,-0.55126953125,3.08838139590704,-1.3930707261345,0.5608466559762271,LVG1
101.90899999999901,-0.95068359375,-0.03564453125,-0.77734375,3.27142812233571,-1.71659517284564,0.20645967980908497,LVG1
101.92899999999901,-0.837890625,-0.00830078125,-0.8046875,2.67439781113521,-2.60203050068667,-0.33523092340134997,LVG1
101.948999999999,-0.5908203125,-0.5126953125,-0.24853515625,1.88048584650852,-3.1841616597359996,-0.622571714888221,LVG1
101.96899999999901,-0.4091796875,-0.57763671875,0.37158203125,1.8645224692037,-3.2448224934943397,-0.7119666277952479,LVG1
101.98899999999901,-0.34375,-0.35986328125,0.5185546875,1.8219534630575,-3.0043076087682903,-0.5512686295933311,LVG1
102.008999999999,-0.35107421875,-0.4716796875,0.359375,1.15468429171576,-2.8404169351054103,-0.28095544056494104,LVG1
102.028999999999,-0.3125,-0.77197265625,0.57861328125,0.7438933824049,-2.66694823505963,-0.18091827612136302,LVG1
102.04899999999901,-0.13623046875,-0.572265625,0.81787109375,1.15042739110114,-2.26786380243897,-0.20433122950177499,LVG1
102.06899999999901,-0.24658203125,-0.29443359375,0.83935546875,1.40584142797836,-1.45479578504649,-0.050018582221788996,LVG1
102.08999999999901,-0.314453125,-0.6728515625,0.76953125,1.25578568131299,-1.13127133833535,0.086202237446062,LVG1
102.109999999999,-0.31005859375,-0.81982421875,0.77099609375,1.76235685445281,-0.941839260984745,0.013834926997516001,LVG1
102.12899999999901,-0.322265625,-0.50927734375,0.6728515625,1.8815500716621798,-0.792847739473034,-0.00212845030731,LVG1
102.153999999999,-0.421875,-1.03369140625,0.4638671875,1.35688707091023,-0.666204946188079,0.08726646259971699,LVG1
102.174999999999,-0.47314453125,-0.93505859375,0.50244140625,2.26147845151704,-0.9216189830652979,0.26818473872107995,LVG1
102.19499999999901,-0.3369140625,-0.48828125,0.7607421875,2.2742491533609,-1.25046455554472,0.365029227703692,LVG1
102.21499999999901,-0.33251953125,-1.2099609375,0.53271484375,1.28984088622996,-1.2238589267033402,0.43633231299858205,LVG1
102.234999999999,-0.31494140625,-0.61572265625,0.50244140625,2.99366535723174,-1.30261158807382,0.7492145081731759,LVG1
102.25399999999901,-0.32470703125,-0.5703125,0.60888671875,4.5985168889436,-1.3324098923761598,0.830095619850962,LVG1
102.273999999999,-0.103515625,-0.11376953125,0.89697265625,4.99760132156425,-1.5420622476462098,0.841802096541167,LVG1
102.294999999999,-0.1240234375,0.03466796875,0.96240234375,3.52471370890562,-1.26642793284954,1.07167472973066,LVG1
102.314999999999,-0.18701171875,-0.10009765625,0.70361328125,2.1092942545443703,-1.0855096567281801,1.26642793284954,LVG1
102.33499999999901,-0.119140625,-0.369140625,0.52490234375,2.11142270485168,-1.34624481937368,1.1419135898719,LVG1
102.35499999999901,-0.0546875,-0.31689453125,0.56103515625,3.2788776984112995,-1.52503464518773,0.926940108833574,LVG1
102.374999999999,-0.033203125,0.08056640625,0.59375,3.28632727448688,-1.62081490901669,0.830095619850962,LVG1
102.394999999999,-0.06591796875,-0.03564453125,0.27587890625,2.2816987294364903,-1.7804486820649499,0.5651035565908471,LVG1
102.41499999999901,-0.0390625,-0.23388671875,0.20068359375,2.97876620508057,-2.00393596433251,0.4235616111547221,LVG1
102.43499999999901,-0.0068359375,0.22802734375,0.54150390625,3.08731717075338,-2.08268862570299,0.549140179286021,LVG1
102.454999999999,0.12060546875,0.5419921875,0.84912109375,0.617250589119946,-2.14015678400036,0.6076725627370501,LVG1
102.47499999999901,0.0810546875,0.09130859375,0.88818359375,-0.647048893422288,-2.15186326069057,0.48422244491306105,LVG1
102.496999999999,-0.0234375,0.0966796875,0.73095703125,-0.9833440419772929,-2.22955169690739,0.345873174937901,LVG1
102.516999999999,0.17138671875,0.01904296875,0.98779296875,-1.52929154580235,-2.1774046643782903,0.431011187230307,LVG1
102.53699999999901,0.21240234375,-0.126953125,1.14599609375,-1.41116255374663,-2.80210482957382,-0.26392783810646,LVG1
102.55699999999901,0.16259765625,-0.01904296875,0.91845703125,-1.40796987828567,-2.6467279571401803,-0.086202237446062,LVG1
102.576999999999,0.2900390625,0.1162109375,0.83154296875,-1.41541945436126,-2.3178823846607597,0.33523092340134997,LVG1
102.597999999999,0.45263671875,0.0185546875,0.83837890625,-1.2866482107689898,-2.55946149454047,0.285212341179561,LVG1
102.61799999999901,0.5400390625,-0.1650390625,0.80029296875,-1.04294065058198,-2.69248963874735,0.253285586569909,LVG1
102.63799999999901,0.64013671875,-0.23046875,1.0390625,-0.6917463498758011,-2.68078316205714,0.409726684157205,LVG1
102.657999999999,0.74072265625,-0.36767578125,1.0908203125,-0.391634856545069,-2.8255177829542406,0.49805737191057703,LVG1
102.677999999999,0.8525390625,-0.35546875,1.044921875,-0.38312105531582796,-2.93406874862705,0.45229569030340905,LVG1
102.69799999999901,0.85595703125,-0.03125,1.3544921875,-0.915233632143368,-2.7754992007324506,0.300111493330732,LVG1
102.71799999999901,0.84619140625,0.27734375,1.5166015625,-1.62187913417034,-2.48496573378461,-0.371414578625623,LVG1
102.737999999999,0.849609375,0.1982421875,1.38232421875,-1.7240447489212298,-2.04756919563237,-1.1898037217863797,LVG1
102.75799999999902,0.79248046875,-0.0859375,1.203125,-1.28558398561534,-1.61442955809475,-1.5750532274095201,LVG1
102.77799999999901,0.76025390625,-0.20654296875,1.18798828125,-1.10892261010859,-1.30048313776651,-1.63571406116786,LVG1
102.797999999999,0.73095703125,-0.44287109375,1.36572265625,-0.9013987051458521,-1.0259130481235001,-1.5612183004120002,LVG1
102.817999999999,0.71826171875,-0.3779296875,1.35302734375,-0.685360998953871,-0.717287753563523,-1.36646509729312,LVG1
102.83799999999901,0.70654296875,-0.275390625,1.220703125,-0.744957607558555,-0.37460725408658796,-1.0993445837256999,LVG1
102.85799999999901,0.69873046875,-0.21875,1.1650390625,-0.5108280737544381,-0.022348728226757004,-0.88011420207275,LVG1
102.877999999999,0.62841796875,-0.12109375,1.10546875,-0.31501064548190305,0.222423057113912,-0.799233090394964,LVG1
102.898999999999,0.54833984375,-0.12646484375,0.9482421875,-0.5831953842029829,0.28308389087225105,-0.833288295311927,LVG1
102.918999999999,0.5634765625,-0.13818359375,0.8525390625,-0.6278928406564971,0.239450659572393,-0.7907192891657241,LVG1
102.93899999999901,0.5908203125,-0.12841796875,0.6875,-0.309689519713628,0.220294606806601,-0.6715260719563549,LVG1
102.95899999999901,0.59765625,-0.123046875,0.61572265625,-0.168147574277502,0.150055746665366,-0.576810033281053,LVG1
102.98299999999901,0.6884765625,-0.08154296875,0.6943359375,-0.33735937370866,0.0,-0.520406100137334,LVG1
103.00399999999901,0.76611328125,-0.08935546875,0.6923828125,-0.35757965162810706,-0.13834926997516,-0.489543570681336,LVG1
103.023999999999,0.87890625,-0.07861328125,0.853515625,-0.35757965162810706,-0.27989121541128603,-0.35332275101348604,LVG1
103.043999999999,1.01708984375,-0.11328125,1.10400390625,-0.7939119646266891,-0.514020749215403,-0.121321667516679,LVG1
103.06399999999901,1.1015625,-0.22216796875,0.955078125,-1.05464712727218,-0.658755370112494,-0.08939491290702699,LVG1
103.08399999999901,1.115234375,-0.212890625,0.71826171875,-0.620443264580911,-0.42675428661568704,-0.037247880377928,LVG1
103.103999999999,1.0703125,-0.00390625,0.81591796875,-0.27457008964301,-0.126642793284954,0.10322983990454301,LVG1
103.12399999999901,1.08984375,0.08154296875,1.0693359375,-0.5640393314371921,-0.028734079148687,0.158569547894607,LVG1
103.14399999999901,0.97119140625,-0.064453125,0.78369140625,-0.973766015594397,0.222423057113912,0.044697456453513,LVG1
103.163999999999,0.833984375,-0.06298828125,0.5556640625,-0.907784056067782,0.31288219517459304,-0.027669853995032002,LVG1
103.183999999999,0.87060546875,-0.0546875,0.603515625,-0.842866321694823,0.31501064548190305,-0.15111997181902098,LVG1
103.20399999999901,0.91357421875,0.09375,0.85107421875,-0.701324376258697,0.37567147924024297,-0.34374472463059,LVG1
103.22499999999901,0.8642578125,-0.04296875,0.65966796875,-0.9631237640578472,0.502314272525197,-0.5459475038250561,LVG1
103.24899999999901,0.705078125,-0.26220703125,0.39501953125,-0.8151964676997909,0.6119294633516701,-0.781141262782828,LVG1
103.26899999999901,0.58154296875,-0.20947265625,0.33837890625,-0.478901319144786,0.43313963753761703,-0.818389143160756,LVG1
103.288999999999,0.5966796875,-0.19873046875,0.40966796875,-0.519341874983679,0.33948782401597,-0.768370560938967,LVG1
103.30999999999901,0.47705078125,-0.27197265625,0.4599609375,-1.55164027402911,0.277762765103976,-0.7907192891657241,LVG1
103.329999999999,0.42333984375,-0.37939453125,0.4345703125,-0.5693604572054671,0.21284503073101602,-1.1472347156401799,LVG1
103.34999999999901,0.40576171875,-0.05908203125,0.6455078125,0.20220277919446497,0.158569547894607,-1.5133281684975202,LVG1
103.36999999999901,0.3916015625,-0.0576171875,0.61181640625,0.168147574277502,0.09152336321433699,-1.6335856108605502,LVG1
103.389999999999,0.35205078125,-0.056640625,0.53076171875,-0.3597081019354171,-0.139413495128815,-1.7815129072186002,LVG1
103.409999999999,0.38427734375,-0.1328125,0.52001953125,-1.30048313776651,-0.399084432620655,-1.92518330296204,LVG1
103.42999999999901,0.45361328125,-0.17626953125,0.6767578125,-1.62187913417034,-0.40866245900354997,-2.06140412262989,LVG1
103.44999999999901,0.48046875,-0.2587890625,0.91650390625,-1.82408191336481,-0.441653438766858,-2.07630327478106,LVG1
103.469999999999,0.44580078125,-0.2001953125,0.76220703125,-2.52434206446985,-0.5597824308225721,-2.01351399071541,LVG1
103.48999999999901,0.533203125,-0.17822265625,0.77490234375,-3.3948782401597,-0.522534550444644,-1.78896248329419,LVG1
103.51099999999902,0.61181640625,-0.39892578125,0.904296875,-4.23135921093259,-0.37886415470120793,-1.60485153171186,LVG1
103.53099999999901,0.66357421875,-0.51904296875,0.9755859375,-4.22284540970335,-0.29479036756245697,-1.52609887034138,LVG1
103.55099999999901,0.63623046875,-0.44775390625,0.89599609375,-4.183469079018121,-0.04895435706813401,-1.2887766610763,LVG1
103.570999999999,0.63720703125,-0.40283203125,0.78125,-4.8922430313524,0.28840501664052604,-0.8822426523800608,LVG1
103.58999999999901,0.6328125,-0.7744140625,0.46826171875,-5.661677817445019,0.43846076330589295,-0.47783709399113106,LVG1
103.61099999999901,0.7080078125,-0.859375,0.39697265625,-4.62725096809229,0.34055204916962495,-0.21603770619198104,LVG1
103.630999999999,0.72021484375,-0.5419921875,0.34033203125,-3.4938511794496203,0.23200108349680698,0.043633231299858,LVG1
103.650999999999,0.6298828125,-0.83251953125,0.076171875,-3.6385858003467204,0.010642251536551002,0.531048351673884,LVG1
103.67099999999901,0.8056640625,-1.00244140625,0.1181640625,-3.24588671864799,-0.48635089522037106,0.8151964676997909,LVG1
103.69099999999901,0.958984375,-0.90625,0.26904296875,-1.94221090542052,-0.6949390253367671,0.6736545222636651,LVG1
103.710999999999,0.96337890625,-0.8076171875,0.3642578125,-0.118128992055714,-0.6970674756440771,0.578938483588363,LVG1
103.73099999999901,0.93359375,-0.583984375,0.37548828125,1.13872091441093,-0.617250589119946,0.7119666277952479,LVG1
103.755999999999,0.873046875,-0.6474609375,0.45751953125,0.48635089522037106,-0.391634856545069,0.9429034861384,LVG1
103.775999999999,0.88623046875,-0.81689453125,0.484375,0.595966086046844,-0.41717626023279103,0.908848281221438,LVG1
103.79599999999901,0.841796875,-0.57666015625,0.41845703125,1.4186121298222198,-0.45868104122533904,0.8269029443899959,LVG1
103.81699999999901,0.8369140625,-0.34765625,0.3564453125,1.44628198381725,-0.444846114227823,0.80455421616324,LVG1
103.83699999999901,0.85009765625,-0.36474609375,0.349609375,0.7896550640120691,-0.35332275101348604,0.829031394697307,LVG1
103.856999999999,0.765625,-0.4921875,0.3642578125,0.43420386269127204,-0.239450659572393,0.7609209848633821,LVG1
103.87699999999901,0.72802734375,-0.54150390625,0.37841796875,0.6257643903491871,-0.194753203118879,0.649177343729598,LVG1
103.89699999999901,0.75341796875,-0.5283203125,0.37255859375,0.7768843621682081,-0.139413495128815,0.578938483588363,LVG1
103.91799999999901,0.73388671875,-0.43505859375,0.2568359375,0.5906449602785689,-0.08513801229240599,0.520406100137334,LVG1
103.93799999999901,0.65771484375,-0.61767578125,0.2060546875,0.137285044821505,-0.07023886014123501,0.543819053517745,LVG1
103.957999999999,0.615234375,-0.73974609375,0.349609375,-0.22135883196025602,-0.130899693899575,0.575745808127398,LVG1
103.97699999999901,0.64892578125,-0.65087890625,0.5078125,-0.300111493330732,-0.09365181352164699,0.528919901366574,LVG1
104.00199999999901,0.6416015625,-0.4990234375,0.53466796875,-0.154312647279986,0.13834926997516,0.39802020746699995,LVG1
104.022999999999,0.6201171875,-0.3466796875,0.50439453125,-0.259670937491839,0.39802020746699995,0.195817428272535,LVG1
104.04299999999901,0.66845703125,-0.39208984375,0.49658203125,-0.8907564536093009,0.54062637805678,0.038312105531583,LVG1
104.06299999999901,0.71875,-0.3193359375,0.58447265625,-1.5580256249510402,0.649177343729598,-0.12983546874592,LVG1
104.082999999999,0.724609375,-0.34619140625,0.595703125,-2.19868916745139,0.7864623885511031,-0.320331771250179,LVG1
104.106999999999,0.8564453125,-0.44482421875,0.61865234375,-2.47645193255537,0.860958149306959,-0.643856217961323,LVG1
104.127999999999,1.0009765625,-0.4296875,0.65966796875,-2.46261700555785,0.962059538904192,-0.753471408787796,LVG1
104.147999999999,0.97216796875,-0.41259765625,0.42041015625,-2.4179195491043397,1.0780600806526,-0.8130680173924799,LVG1
104.16799999999901,0.9541015625,-0.384765625,0.328125,-2.45410320432861,1.09615190826473,-0.830095619850962,LVG1
104.18799999999901,1.025390625,-0.42041015625,0.2802734375,-2.56903952092336,1.10572993464763,-0.8567012486923391,LVG1
104.20699999999901,1.0908203125,-0.29345703125,0.51025390625,-2.6850400626717597,1.30367581322747,-0.928004333987229,LVG1
104.22799999999901,1.01513671875,-0.5458984375,0.3544921875,-2.68291161236445,1.34943749483464,-0.889692228455646,LVG1
104.24799999999901,0.84912109375,-0.6787109375,0.05078125,-1.54631914826083,1.224923151857,-1.05571135242584,LVG1
104.267999999999,0.78369140625,-0.62255859375,-0.01025390625,-0.9365181352164699,0.969509114979777,-1.19938174816927,LVG1
104.287999999999,0.8251953125,-0.54052734375,0.0380859375,-0.999307419282119,0.8492516726167529,-1.2462076549301002,LVG1
104.30799999999901,0.857421875,-0.732421875,0.06689453125,-0.9056556057604721,0.8460589971557879,-1.2568499064666498,LVG1
104.32799999999901,0.8349609375,-0.65234375,0.09375,-0.474644418530165,0.854572798385028,-1.3409236936053999,LVG1
104.34899999999901,0.77197265625,-0.65966796875,0.12890625,-0.295854592716112,0.8992702548385421,-1.43883240774167,LVG1
104.368999999999,0.73583984375,-0.5234375,0.08642578125,-0.33948782401597,0.818389143160756,-1.6708334912384701,LVG1
104.392999999999,0.75244140625,-0.53857421875,0.13330078125,-0.28201966571859605,0.797104640087654,-1.89219232319873,LVG1
104.412999999999,0.77197265625,-0.5849609375,0.095703125,0.173468700045778,0.7343153560220049,-2.07736749993471,LVG1
104.433999999999,0.77001953125,-0.6416015625,0.0185546875,0.7736916867072429,0.526791451059264,-2.22316634598546,LVG1
104.45399999999901,0.79052734375,-0.65966796875,0.0283203125,1.194060622401,0.234129533804117,-2.3679009668825497,LVG1
104.47399999999901,0.8837890625,-0.6025390625,0.07373046875,1.3632724218321601,-0.056403933143719005,-2.47751615770902,LVG1
104.49799999999901,0.9248046875,-0.63427734375,0.09619140625,1.4292543813587701,-0.308625294559973,-2.40408462210682,LVG1
104.517999999999,0.97265625,-0.69140625,0.115234375,1.5005574666536599,-0.395891757159689,-2.3189466098144202,LVG1
104.538999999999,0.990234375,-0.7333984375,0.08642578125,1.79428360906246,-0.632149741271117,-1.94540358088148,LVG1
104.558999999999,0.97119140625,-0.748046875,0.06640625,2.18485424045388,-0.8237102689290309,-1.60910843232648,LVG1
104.57899999999901,0.96923828125,-0.65869140625,0.09130859375,2.43175447610186,-0.919490532757988,-1.4313828316660802,LVG1
104.59899999999901,1.0029296875,-0.5087890625,0.17822265625,2.8627656633321603,-1.0769958554989398,-1.0493260015039099,LVG1
104.62299999999901,0.9833984375,-0.38916015625,0.2705078125,2.90533466947837,-1.15042739110114,-0.419304710540101,LVG1
104.64399999999901,0.998046875,-0.35888671875,0.21923828125,2.73931554550817,-1.1536200665621101,-0.116000541748404,LVG1
104.663999999999,1.02490234375,-0.33837890625,0.2041015625,2.7872056774226497,-1.11850063649149,0.11174364113378302,LVG1
104.683999999999,1.01123046875,-0.1513671875,0.27685546875,2.7478293467374106,-1.0259130481235001,0.311817970020938,LVG1
104.70399999999901,0.984375,-0.02734375,0.3212890625,2.15292748584422,-0.8992702548385421,0.46825906760823494,LVG1
104.72799999999901,1.02490234375,-0.0498046875,0.31884765625,1.43457550712705,-0.8375451959265471,0.581066933895673,LVG1
104.74899999999901,1.0673828125,-0.1103515625,0.2880859375,1.03336262419908,-0.768370560938967,0.641727767654013,LVG1
104.76899999999901,1.03369140625,-0.07080078125,0.26513671875,0.9397108106774351,-0.632149741271117,0.6523700191905629,LVG1
104.788999999999,1.029296875,-0.02978515625,0.228515625,0.8194533683144108,-0.533176801981195,0.619379039427256,LVG1
104.808999999999,1.12451171875,-0.0625,0.20654296875,0.730058455407384,-0.49060779583499203,0.5831953842029829,LVG1
104.82799999999901,1.1142578125,-0.05908203125,0.21826171875,0.7289942302537291,-0.323524446711144,0.550204404439676,LVG1
104.84899999999901,1.06298828125,-0.02685546875,0.18896484375,0.6513057940369079,-0.18304672642867398,0.537433702595815,LVG1
104.868999999999,1.046875,0.01171875,0.16015625,0.520406100137334,-0.127707018438609,0.533176801981195,LVG1
104.88899999999902,1.08642578125,-0.0234375,0.1689453125,0.37035035347196704,-0.12557856813129903,0.5108280737544381,LVG1
104.90899999999901,1.060546875,-0.0673828125,0.16943359375,0.277762765103976,-0.05959660860468499,0.47570864368382,LVG1
104.92899999999901,0.986328125,-0.08837890625,0.13916015625,0.242643335033358,-0.007449576075585999,0.441653438766858,LVG1
104.94999999999901,1.005859375,-0.0703125,0.11865234375,0.26392783810646,-0.06066083375833999,0.379928379854863,LVG1
104.969999999999,1.06689453125,-0.1181640625,0.13330078125,0.352258525859831,-0.117064766902059,0.311817970020938,LVG1
104.98899999999901,1.0537109375,-0.15771484375,0.13330078125,0.572553132666432,-0.09897293928992199,0.252221361416254,LVG1
105.01399999999902,1.04443359375,-0.1328125,0.123046875,0.8194533683144108,-0.077688436216821,0.16282644850922698,LVG1
105.03399999999901,1.05615234375,-0.10400390625,0.119140625,0.781141262782828,-0.057468158297374,0.10748674051916302,LVG1
105.05499999999901,1.08642578125,-0.12158203125,0.125,0.6864252241075259,-0.022348728226757004,0.09152336321433699,Null
105.07499999999901,1.015625,-0.1044921875,0.13330078125,0.5384979277494699,0.061725058911995,0.12557856813129903,Null
105.094999999999,0.98486328125,-0.09765625,0.126953125,0.313946420328248,0.09897293928992199,0.178789825814053,Null
105.118999999999,0.94189453125,-0.06982421875,0.10791015625,0.10535829021185301,0.11387209144109299,0.20645967980908497,Null
105.13899999999902,0.943359375,-0.15380859375,0.123046875,-0.040440555838893,0.08833068775337198,0.195817428272535,Null
105.159999999999,0.9541015625,-0.201171875,0.12646484375,0.003192675460965,0.06491773437296,0.137285044821505,Null
105.17999999999901,0.96435546875,-0.19580078125,0.11279296875,0.14047772028247002,0.06385350921930501,0.05959660860468499,Null
105.19999999999901,1.00146484375,-0.2001953125,0.1044921875,0.241579109879703,0.04682590676082401,0.0,Null
105.219999999999,1.01025390625,-0.19775390625,0.109375,0.27244163933570004,0.051082807375443996,-0.025541403687721998,Null
105.23999999999901,1.009765625,-0.185546875,0.12451171875,0.226679957728532,0.050018582221788996,-0.027669853995032002,Null
105.26099999999902,1.009765625,-0.177734375,0.12890625,0.130899693899575,0.045761681607168,-0.019156052765792,Null
105.28099999999901,1.03173828125,-0.1943359375,0.11767578125,0.053211257682754004,0.025541403687721998,-0.005321125768275,Null
105.30499999999901,1.0517578125,-0.20849609375,0.1220703125,0.076624211063166,0.007449576075585999,0.018091827612136003,Null
105.32499999999901,1.0390625,-0.18408203125,0.123046875,0.06704618468026999,0.023412953380412004,0.04895435706813401,Null
105.344999999999,1.0185546875,-0.16259765625,0.12451171875,-0.010642251536551002,0.031926754609652,0.078752661370476,Null
105.365999999999,0.99462890625,-0.16650390625,0.1328125,-0.10642251536550801,0.045761681607168,0.10003716444357699,Null
105.38599999999902,0.97021484375,-0.1767578125,0.13623046875,-0.18623940188963897,0.045761681607168,0.116000541748404,Null
105.404999999999,0.96630859375,-0.18505859375,0.13134765625,-0.21923038165294603,0.044697456453513,0.123450117823989,Null
105.42999999999901,0.95361328125,-0.1826171875,0.12890625,-0.21178080557736104,0.043633231299858,0.119193217209369,Null
105.45099999999901,0.95947265625,-0.18115234375,0.1318359375,-0.20433122950177499,0.028734079148687,0.09258758836799198,Null
105.47099999999901,0.978515625,-0.19580078125,0.13427734375,-0.195817428272535,0.013834926997516001,0.04895435706813401,Null
105.490999999999,0.9833984375,-0.20947265625,0.1396484375,-0.169211799431158,0.009578026382896,-0.001064225153655,Null
105.51099999999902,0.98779296875,-0.22265625,0.14599609375,-0.137285044821505,0.001064225153655,-0.038312105531583,Null
105.529999999999,0.9951171875,-0.23095703125,0.14111328125,-0.09897293928992199,-0.014899152151171002,-0.05959660860468499,Null
105.549999999999,1.001953125,-0.240234375,0.14208984375,-0.04789013191447901,-0.034055204916963,-0.07023886014123501,Null
105.570999999999,1.00390625,-0.255859375,0.1533203125,0.018091827612136003,-0.054275482836409004,-0.06811040983392501,Null
105.59099999999901,0.98974609375,-0.25439453125,0.154296875,0.10748674051916302,-0.061725058911995,-0.050018582221788996,Null
105.61099999999901,0.9814453125,-0.23828125,0.15380859375,0.178789825814053,-0.06811040983392501,-0.026605628841377002,Null
105.630999999999,0.9892578125,-0.22412109375,0.15869140625,0.20220277919446497,-0.074495760755856,-0.00425690061462,Null
105.650999999999,0.98974609375,-0.22021484375,0.16162109375,0.173468700045778,-0.06491773437296,0.020220277919447,Null
105.671999999999,0.9921875,-0.22412109375,0.15625,0.10855096567281801,-0.050018582221788996,0.035119430070618,Null
105.69199999999901,0.98828125,-0.228515625,0.15625,0.054275482836409004,-0.030862529455997004,0.036183655224273,Null
105.71199999999901,0.990234375,-0.22607421875,0.16015625,0.026605628841377002,-0.015963377304826,0.034055204916963,Null
105.73099999999901,0.986328125,-0.2294921875,0.1630859375,-0.007449576075585999,-0.001064225153655,0.038312105531583,Null
105.755999999999,0.9716796875,-0.23486328125,0.1640625,-0.021284503073102003,0.011706476690206002,0.044697456453513,Null
105.776999999999,0.9736328125,-0.2353515625,0.1572265625,-0.009578026382896,0.009578026382896,0.04682590676082401,Null
105.796999999999,0.984375,-0.234375,0.15185546875,0.017027602458481002,0.008513801229241,0.050018582221788996,Null
105.81699999999901,0.99365234375,-0.23291015625,0.15869140625,0.038312105531583,0.015963377304826,0.052147032529099004,Null
105.83699999999901,0.99462890625,-0.23046875,0.15869140625,0.040440555838893,0.027669853995032002,0.06066083375833999,Null
105.856999999999,0.9921875,-0.22509765625,0.15625,0.031926754609652,0.034055204916963,0.06917463498758,Null
105.877999999999,0.9892578125,-0.22705078125,0.15576171875,0.00212845030731,0.044697456453513,0.072367310448545,Null
105.897999999999,0.9853515625,-0.2294921875,0.1552734375,-0.018091827612136003,0.055339707990064005,0.077688436216821,Null
105.91799999999901,1.0,-0.22119140625,0.15234375,-0.032990979763308,0.06385350921930501,0.072367310448545,Null
105.93799999999901,1.009765625,-0.21435546875,0.1552734375,-0.074495760755856,0.09045913806068198,0.06811040983392501,Null
105.957999999999,0.99658203125,-0.21044921875,0.15869140625,-0.139413495128815,0.119193217209369,0.07130308529489,Null
105.97799999999901,0.98193359375,-0.20703125,0.15625,-0.20858813011639601,0.123450117823989,0.077688436216821,Null
105.99799999999901,0.974609375,-0.21337890625,0.15283203125,-0.245836010494323,0.10855096567281801,0.08513801229240599,Null
106.017999999999,0.986328125,-0.22216796875,0.14306640625,-0.22455150742122199,0.078752661370476,0.084073787138751,Null
106.037999999999,0.99560546875,-0.22705078125,0.14013671875,-0.155376872433642,0.06385350921930501,0.07023886014123501,Null
106.05799999999901,0.990234375,-0.22021484375,0.14501953125,-0.06917463498758,0.06278928406565,0.051082807375443996,Null
106.07799999999901,0.99072265625,-0.21044921875,0.1513671875,-0.027669853995032002,0.051082807375443996,0.040440555838893,Null
106.09899999999901,0.98291015625,-0.2197265625,0.15576171875,-0.037247880377928,0.04150478099254799,0.043633231299858,Null
106.12299999999901,0.9697265625,-0.2158203125,0.158203125,-0.04682590676082401,0.031926754609652,0.042569006146202994,Null
106.142999999999,0.9765625,-0.22314453125,0.1533203125,-0.06704618468026999,0.028734079148687,0.04150478099254799,Null
106.162999999999,0.98583984375,-0.232421875,0.1533203125,-0.08300956198509599,0.032990979763308,0.030862529455997004,Null
106.183999999999,0.99169921875,-0.234375,0.1591796875,-0.08300956198509599,0.040440555838893,0.012770701843860999,Null
106.203999999998,0.98828125,-0.24169921875,0.15966796875,-0.080881111677786,0.045761681607168,-0.001064225153655,Null
106.223999999998,0.97802734375,-0.24072265625,0.15673828125,-0.077688436216821,0.04789013191447901,-0.008513801229241,Null
106.243999999998,0.97998046875,-0.244140625,0.15478515625,-0.07343153560220099,0.034055204916963,-0.012770701843860999,Null
106.26399999999799,0.97802734375,-0.24853515625,0.15625,-0.06278928406565,0.028734079148687,-0.012770701843860999,Null
106.283999999998,0.97412109375,-0.25341796875,0.15869140625,-0.042569006146202994,0.022348728226757004,-0.009578026382896,Null
106.303999999998,0.9736328125,-0.25390625,0.15869140625,-0.014899152151171002,0.017027602458481002,-0.00638535092193,Null
106.323999999998,0.98046875,-0.24658203125,0.15625,0.001064225153655,0.009578026382896,-0.003192675460965,Null
106.34399999999799,0.98828125,-0.24365234375,0.15869140625,-0.012770701843860999,0.008513801229241,0.0,Null
106.363999999998,0.98193359375,-0.24609375,0.16064453125,-0.04150478099254799,0.020220277919447,0.003192675460965,Null
106.384999999998,0.9765625,-0.2548828125,0.15771484375,-0.056403933143719005,0.018091827612136003,0.00638535092193,Null
106.404999999998,0.982421875,-0.2529296875,0.154296875,-0.050018582221788996,0.013834926997516001,0.013834926997516001,Null
106.424999999998,0.98486328125,-0.25146484375,0.154296875,-0.044697456453513,0.013834926997516001,0.026605628841377002,Null
106.444999999998,0.98193359375,-0.251953125,0.1552734375,-0.044697456453513,0.019156052765792,0.039376330685238,Null
106.464999999998,0.9755859375,-0.24951171875,0.15673828125,-0.043633231299858,0.011706476690206002,0.04150478099254799,Null
106.485999999998,0.98193359375,-0.24609375,0.1591796875,-0.043633231299858,-0.00212845030731,0.034055204916963,Null
106.505999999998,0.9794921875,-0.25,0.158203125,-0.036183655224273,-0.00425690061462,0.021284503073102003,Null
106.529999999998,0.97119140625,-0.24951171875,0.1572265625,-0.019156052765792,-0.005321125768275,0.009578026382896,Null
106.549999999998,0.96923828125,-0.24755859375,0.158203125,-0.00212845030731,-0.011706476690206002,0.00212845030731,Null
106.569999999998,0.9775390625,-0.24267578125,0.16162109375,0.00638535092193,-0.017027602458481002,0.001064225153655,Null
106.59099999999799,0.9794921875,-0.24365234375,0.1591796875,-0.008513801229241,-0.011706476690206002,0.00212845030731,Null
106.610999999998,0.978515625,-0.24560546875,0.15966796875,-0.020220277919447,-0.008513801229241,0.003192675460965,Null
106.630999999998,0.9931640625,-0.24951171875,0.16064453125,-0.021284503073102003,-0.017027602458481002,0.00212845030731,Null
106.65099999999799,0.9951171875,-0.24951171875,0.1640625,-0.015963377304826,-0.013834926997516001,-0.00425690061462,Null
106.670999999998,0.98974609375,-0.24951171875,0.16552734375,-0.005321125768275,-0.010642251536551002,-0.009578026382896,Null
106.690999999998,0.97607421875,-0.2509765625,0.1640625,0.00212845030731,-0.00212845030731,-0.00638535092193,Null
106.710999999998,0.96923828125,-0.24609375,0.16650390625,0.021284503073102003,-0.001064225153655,0.0,Null
106.73099999999799,0.974609375,-0.24267578125,0.16943359375,0.028734079148687,-0.005321125768275,0.00425690061462,Null
106.750999999998,0.9794921875,-0.2421875,0.16748046875,0.021284503073102003,-0.001064225153655,0.003192675460965,Null
106.770999999998,0.98193359375,-0.24169921875,0.17041015625,0.011706476690206002,0.005321125768275,-0.005321125768275,Null
106.791999999998,0.98193359375,-0.2451171875,0.16455078125,-0.008513801229241,0.007449576075585999,-0.007449576075585999,Null
106.811999999998,0.984375,-0.251953125,0.1552734375,-0.008513801229241,0.003192675460965,-0.011706476690206002,Null
106.831999999998,0.9833984375,-0.25146484375,0.154296875,0.015963377304826,0.003192675460965,-0.015963377304826,Null
106.851999999998,0.98486328125,-0.24072265625,0.1591796875,0.026605628841377002,0.0,-0.014899152151171002,Null
106.875999999998,0.9873046875,-0.2392578125,0.15869140625,-0.008513801229241,0.012770701843860999,-0.003192675460965,Null
106.896999999998,0.982421875,-0.24658203125,0.15625,-0.021284503073102003,0.029798304302342003,-0.00638535092193,Null
106.916999999998,0.97705078125,-0.24853515625,0.16259765625,-0.026605628841377002,0.026605628841377002,-0.00425690061462,Null
106.936999999998,0.97900390625,-0.23974609375,0.1572265625,-0.022348728226757004,0.025541403687721998,-0.001064225153655,Null
106.956999999998,0.986328125,-0.2158203125,0.1611328125,0.018091827612136003,0.031926754609652,0.017027602458481002,Null
106.976999999998,0.9853515625,-0.23583984375,0.17919921875,-0.055339707990064005,0.032990979763308,0.06704618468026999,Null
106.996999999998,0.974609375,-0.306640625,0.154296875,-0.080881111677786,0.032990979763308,0.08194533683144099,Null
107.01699999999799,0.97509765625,-0.29931640625,0.1474609375,0.036183655224273,0.025541403687721998,0.039376330685238,Null
107.036999999998,0.98291015625,-0.2666015625,0.1787109375,0.008513801229241,0.038312105531583,0.025541403687721998,Null
107.056999999998,0.97412109375,-0.26611328125,0.17236328125,0.00212845030731,0.04789013191447901,0.024477178534067005,Null
107.076999999998,0.95849609375,-0.2509765625,0.162109375,0.035119430070618,0.030862529455997004,0.015963377304826,Null
107.097999999998,0.97412109375,-0.25634765625,0.16015625,0.030862529455997004,0.017027602458481002,0.003192675460965,Null
107.11799999999799,0.9794921875,-0.25439453125,0.1611328125,0.019156052765792,0.021284503073102003,-0.010642251536551002,Null
107.137999999998,0.9814453125,-0.2587890625,0.162109375,0.015963377304826,0.014899152151171002,-0.012770701843860999,Null
107.157999999998,0.982421875,-0.263671875,0.1611328125,0.038312105531583,0.014899152151171002,-0.009578026382896,Null
107.177999999998,0.97314453125,-0.26416015625,0.162109375,0.042569006146202994,0.013834926997516001,-0.008513801229241,Null
107.197999999998,0.96728515625,-0.2587890625,0.1650390625,0.057468158297374,0.005321125768275,-0.014899152151171002,Null
107.217999999998,0.96923828125,-0.24951171875,0.16748046875,0.057468158297374,-0.00212845030731,-0.017027602458481002,Null
107.237999999998,0.9765625,-0.2421875,0.16552734375,0.054275482836409004,-0.00425690061462,-0.019156052765792,Null
107.25799999999799,0.97705078125,-0.2333984375,0.15966796875,0.04150478099254799,-0.00638535092193,-0.021284503073102003,Null
107.277999999998,0.9755859375,-0.23583984375,0.15576171875,0.022348728226757004,-0.007449576075585999,-0.024477178534067005,Null
107.298999999998,0.9794921875,-0.24462890625,0.158203125,0.018091827612136003,-0.012770701843860999,-0.026605628841377002,Null
107.318999999998,0.9814453125,-0.24853515625,0.1611328125,0.023412953380412004,-0.013834926997516001,-0.026605628841377002,Null
107.338999999998,0.97998046875,-0.248046875,0.15966796875,0.029798304302342003,-0.012770701843860999,-0.024477178534067005,Null
107.362999999998,0.9755859375,-0.2451171875,0.162109375,0.031926754609652,-0.015963377304826,-0.015963377304826,Null
107.38299999999799,0.9794921875,-0.24365234375,0.16650390625,0.020220277919447,-0.018091827612136003,-0.012770701843860999,Null
107.40399999999799,0.98046875,-0.25146484375,0.16455078125,0.003192675460965,-0.017027602458481002,-0.010642251536551002,Null
107.423999999998,0.97998046875,-0.2529296875,0.16015625,0.00425690061462,-0.013834926997516001,-0.008513801229241,Null
107.443999999998,0.98095703125,-0.25048828125,0.162109375,0.011706476690206002,-0.014899152151171002,-0.005321125768275,Null
107.467999999998,0.98193359375,-0.24951171875,0.1640625,0.009578026382896,-0.017027602458481002,-0.00425690061462,Null
107.487999999998,0.9833984375,-0.24853515625,0.16357421875,0.00425690061462,-0.018091827612136003,-0.005321125768275,Null
107.508999999998,0.98193359375,-0.24951171875,0.16796875,-0.00425690061462,-0.013834926997516001,-0.008513801229241,Null
107.52899999999799,0.9765625,-0.24853515625,0.166015625,-0.008513801229241,-0.009578026382896,-0.009578026382896,Null
107.548999999998,0.97216796875,-0.24658203125,0.16650390625,-0.007449576075585999,-0.007449576075585999,-0.00638535092193,Null
107.568999999998,0.9853515625,-0.2431640625,0.16259765625,-0.007449576075585999,-0.014899152151171002,-0.001064225153655,Null
107.588999999998,0.9951171875,-0.24365234375,0.16552734375,-0.013834926997516001,-0.012770701843860999,-0.008513801229241,Null
107.60899999999799,0.9833984375,-0.24365234375,0.16650390625,-0.014899152151171002,0.0,-0.018091827612136003,Null
107.628999999998,0.9736328125,-0.248046875,0.1650390625,-0.011706476690206002,0.001064225153655,-0.022348728226757004,Null
107.65399999999799,0.9755859375,-0.244140625,0.16748046875,0.010642251536551002,-0.008513801229241,-0.017027602458481002,Null
107.673999999998,0.98583984375,-0.23486328125,0.16650390625,0.009578026382896,-0.011706476690206002,-0.011706476690206002,Null
107.693999999998,0.98583984375,-0.2333984375,0.16455078125,-0.015963377304826,0.00212845030731,-0.015963377304826,Null
107.713999999998,0.9775390625,-0.24267578125,0.16357421875,-0.026605628841377002,0.011706476690206002,-0.024477178534067005,Null
107.734999999998,0.9775390625,-0.248046875,0.1630859375,-0.013834926997516001,0.009578026382896,-0.031926754609652,Null
107.75499999999799,0.98046875,-0.24609375,0.162109375,0.010642251536551002,-0.001064225153655,-0.030862529455997004,Null
107.77899999999799,0.986328125,-0.2431640625,0.16455078125,0.017027602458481002,-0.00638535092193,-0.028734079148687,Null
107.798999999998,0.98388671875,-0.2412109375,0.1630859375,0.005321125768275,0.001064225153655,-0.027669853995032002,Null
107.819999999998,0.9814453125,-0.2451171875,0.16455078125,-0.011706476690206002,0.009578026382896,-0.026605628841377002,Null
107.839999999998,0.98046875,-0.24853515625,0.16455078125,-0.018091827612136003,0.011706476690206002,-0.023412953380412004,Null
107.859999999998,0.982421875,-0.248046875,0.16357421875,-0.015963377304826,0.010642251536551002,-0.018091827612136003,Null
107.87999999999799,0.98193359375,-0.2451171875,0.16259765625,-0.013834926997516001,0.010642251536551002,-0.015963377304826,Null
107.90399999999799,0.98095703125,-0.244140625,0.1611328125,-0.012770701843860999,0.010642251536551002,-0.015963377304826,Null
107.924999999998,0.9814453125,-0.2451171875,0.1630859375,-0.012770701843860999,0.008513801229241,-0.014899152151171002,Null
107.944999999998,0.98095703125,-0.24755859375,0.16259765625,-0.011706476690206002,0.008513801229241,-0.011706476690206002,Null
107.964999999998,0.98193359375,-0.2470703125,0.15966796875,-0.010642251536551002,0.008513801229241,-0.009578026382896,Null
107.984999999998,0.98193359375,-0.2431640625,0.1611328125,-0.013834926997516001,0.008513801229241,-0.00425690061462,Null
108.00499999999799,0.98291015625,-0.2431640625,0.15869140625,-0.024477178534067005,0.012770701843860999,0.003192675460965,Null
108.02599999999799,0.97607421875,-0.24267578125,0.15966796875,-0.030862529455997004,0.010642251536551002,0.008513801229241,Null
108.045999999998,0.98486328125,-0.2470703125,0.15576171875,-0.025541403687721998,0.003192675460965,0.00638535092193,Null
108.065999999998,0.98486328125,-0.248046875,0.16015625,-0.005321125768275,0.0,0.0,Null
108.089999999998,0.98388671875,-0.23974609375,0.162109375,0.0,-0.003192675460965,-0.005321125768275,Null
108.109999999998,0.9755859375,-0.24609375,0.162109375,-0.003192675460965,0.001064225153655,-0.00425690061462,Null
108.130999999998,0.9736328125,-0.23974609375,0.1669921875,0.005321125768275,-0.00425690061462,-0.00212845030731,Null
108.15099999999799,0.97802734375,-0.24072265625,0.16650390625,0.00212845030731,-0.009578026382896,0.003192675460965,Null
108.170999999998,0.9833984375,-0.23974609375,0.1630859375,0.00425690061462,-0.007449576075585999,0.005321125768275,Null
108.190999999998,0.98388671875,-0.23486328125,0.1640625,0.005321125768275,-0.001064225153655,0.0,Null
108.209999999998,0.98486328125,-0.23828125,0.16259765625,-0.008513801229241,-0.00212845030731,-0.00638535092193,Null
108.23099999999799,0.98876953125,-0.24267578125,0.15966796875,-0.007449576075585999,-0.00425690061462,-0.010642251536551002,Null
108.250999999998,0.986328125,-0.2451171875,0.16259765625,0.009578026382896,-0.00638535092193,-0.012770701843860999,Null
108.270999999998,0.98095703125,-0.24072265625,0.1630859375,0.028734079148687,-0.007449576075585999,-0.012770701843860999,Null
108.290999999998,0.98193359375,-0.23388671875,0.1630859375,0.029798304302342003,-0.010642251536551002,-0.009578026382896,Null
108.310999999998,0.986328125,-0.2314453125,0.1650390625,0.011706476690206002,-0.010642251536551002,-0.005321125768275,Null
108.330999999998,0.984375,-0.2333984375,0.16455078125,-0.005321125768275,-0.00212845030731,-0.003192675460965,Null
108.351999999998,0.9794921875,-0.2353515625,0.16748046875,-0.009578026382896,0.00425690061462,-0.003192675460965,Null
108.371999999998,0.9814453125,-0.23291015625,0.1630859375,-0.010642251536551002,0.003192675460965,-0.003192675460965,Null
108.395999999998,0.98388671875,-0.23388671875,0.1640625,-0.007449576075585999,0.00212845030731,-0.005321125768275,Null
108.415999999998,0.98681640625,-0.2373046875,0.1650390625,0.00425690061462,0.001064225153655,-0.009578026382896,Null
108.436999999998,0.98388671875,-0.23388671875,0.16650390625,0.00425690061462,0.003192675460965,-0.013834926997516001,Null
108.456999999998,0.98095703125,-0.23583984375,0.16357421875,0.00425690061462,0.00425690061462,-0.012770701843860999,Null
108.476999999998,0.9814453125,-0.23779296875,0.1640625,-0.001064225153655,0.005321125768275,-0.011706476690206002,Null
108.496999999998,0.982421875,-0.23828125,0.1630859375,-0.00212845030731,0.007449576075585999,-0.007449576075585999,Null
108.51699999999799,0.98974609375,-0.24462890625,0.1640625,-0.00212845030731,0.003192675460965,-0.003192675460965,Null
108.536999999998,0.98583984375,-0.2392578125,0.16845703125,0.012770701843860999,0.007449576075585999,-0.007449576075585999,Null
108.556999999998,0.98583984375,-0.23583984375,0.169921875,0.011706476690206002,0.00425690061462,-0.012770701843860999,Null
108.576999999998,0.98388671875,-0.2392578125,0.1640625,-0.005321125768275,0.009578026382896,-0.013834926997516001,Null
108.59699999999799,0.9755859375,-0.2412109375,0.162109375,-0.003192675460965,0.019156052765792,-0.009578026382896,Null
108.616999999998,0.97412109375,-0.23828125,0.16845703125,0.003192675460965,0.020220277919447,0.0,Null
108.637999999998,0.97802734375,-0.23876953125,0.169921875,-0.00425690061462,0.022348728226757004,0.010642251536551002,Null
108.657999999998,0.9775390625,-0.23291015625,0.17138671875,0.010642251536551002,0.022348728226757004,0.009578026382896,Null
108.676999999998,0.98193359375,-0.2275390625,0.169921875,-0.00212845030731,0.008513801229241,0.001064225153655,Null
108.701999999998,0.98779296875,-0.25,0.15087890625,-0.097908714136267,-0.005321125768275,0.0,Null
108.72199999999799,0.9853515625,-0.25634765625,0.14794921875,-0.031926754609652,0.0,0.0,Null
108.74299999999799,0.98193359375,-0.2451171875,0.15576171875,0.036183655224273,0.001064225153655,-0.001064225153655,Null
108.762999999998,0.97265625,-0.24755859375,0.1533203125,0.039376330685238,0.00212845030731,0.003192675460965,Null
108.782999999998,0.97265625,-0.23291015625,0.16650390625,0.053211257682754004,-0.00212845030731,0.005321125768275,Null
108.806999999998,0.9755859375,-0.23974609375,0.16650390625,0.017027602458481002,-0.00425690061462,0.008513801229241,Null
108.826999999998,0.98291015625,-0.248046875,0.16064453125,0.003192675460965,-0.008513801229241,0.011706476690206002,Null
108.847999999998,0.98193359375,-0.2509765625,0.15869140625,0.022348728226757004,-0.008513801229241,0.011706476690206002,Null
108.86799999999799,0.982421875,-0.24462890625,0.1689453125,0.05959660860468499,-0.010642251536551002,0.008513801229241,Null
108.887999999998,0.97900390625,-0.232421875,0.17138671875,0.06917463498758,-0.017027602458481002,0.008513801229241,Null
108.907999999998,0.97900390625,-0.23486328125,0.16748046875,0.038312105531583,-0.020220277919447,0.010642251536551002,Null
108.927999999998,0.9794921875,-0.23876953125,0.171875,0.035119430070618,-0.021284503073102003,0.008513801229241,Null
108.948999999998,0.97021484375,-0.24072265625,0.171875,0.04150478099254799,-0.020220277919447,-0.00212845030731,Null
108.96899999999799,0.9736328125,-0.240234375,0.1669921875,0.05959660860468499,-0.026605628841377002,-0.008513801229241,Null
108.99299999999799,0.98486328125,-0.23974609375,0.16943359375,0.07023886014123501,-0.035119430070618,-0.018091827612136003,Null
109.012999999998,0.98876953125,-0.240234375,0.17236328125,0.06811040983392501,-0.026605628841377002,-0.022348728226757004,Null
109.032999999998,0.9775390625,-0.24169921875,0.17236328125,0.052147032529099004,-0.021284503073102003,-0.020220277919447,Null
109.053999999998,0.96875,-0.24755859375,0.1728515625,0.04682590676082401,-0.022348728226757004,-0.009578026382896,Null
109.073999999998,0.9599609375,-0.24658203125,0.16796875,0.039376330685238,-0.019156052765792,0.014899152151171002,Null
109.09399999999799,0.955078125,-0.24365234375,0.16064453125,0.023412953380412004,-0.012770701843860999,0.043633231299858,Null
109.11799999999799,0.9619140625,-0.228515625,0.15771484375,-0.009578026382896,-0.008513801229241,0.06811040983392501,Null
109.13899999999799,0.96630859375,-0.23095703125,0.14599609375,-0.04789013191447901,-0.00212845030731,0.08194533683144099,Null
109.158999999998,0.9814453125,-0.23388671875,0.1376953125,-0.051082807375443996,-0.014899152151171002,0.072367310448545,Null
109.178999999998,1.00537109375,-0.24169921875,0.142578125,-0.026605628841377002,-0.043633231299858,0.043633231299858,Null
109.198999999998,1.02197265625,-0.24560546875,0.1572265625,0.023412953380412004,-0.057468158297374,0.005321125768275,Null
109.222999999998,1.00634765625,-0.23828125,0.1611328125,0.051082807375443996,-0.06385350921930501,-0.026605628841377002,Null
109.243999999998,0.9951171875,-0.24755859375,0.16357421875,0.032990979763308,-0.06917463498758,-0.011706476690206002,Null
109.26399999999799,0.990234375,-0.2431640625,0.17578125,-0.005321125768275,-0.054275482836409004,0.024477178534067005,Null
109.283999999998,1.001953125,-0.23779296875,0.18115234375,-0.08939491290702699,-0.031926754609652,0.06385350921930501,Null
109.303999999998,1.00634765625,-0.23876953125,0.1806640625,-0.164954898816537,0.020220277919447,0.09684448898261201,Null
109.323999999998,0.978515625,-0.23291015625,0.17431640625,-0.22135883196025602,0.06811040983392501,0.124514342977644,Null
109.344999999998,0.96044921875,-0.2265625,0.16357421875,-0.27244163933570004,0.086202237446062,0.152184196972676,Null
109.36499999999799,0.9677734375,-0.22119140625,0.15380859375,-0.300111493330732,0.09045913806068198,0.168147574277502,Null
109.384999999998,0.9794921875,-0.2294921875,0.150390625,-0.27137741418204503,0.080881111677786,0.145798846050746,Null
109.408999999998,0.98486328125,-0.23095703125,0.14111328125,-0.20539545465543,0.077688436216821,0.086202237446062,Null
109.428999999998,0.994140625,-0.23681640625,0.13427734375,-0.139413495128815,0.06066083375833999,0.013834926997516001,Null
109.449999999998,0.982421875,-0.248046875,0.134765625,-0.07343153560220099,0.04895435706813401,-0.051082807375443996,Null
109.469999999998,0.9638671875,-0.25439453125,0.1357421875,-0.019156052765792,0.024477178534067005,-0.097908714136267,Null
109.48999999999799,0.96337890625,-0.2568359375,0.13623046875,0.00425690061462,-0.008513801229241,-0.124514342977644,Null
109.51399999999799,0.970703125,-0.26953125,0.142578125,0.012770701843860999,-0.034055204916963,-0.13196391905323,Null
109.533999999998,0.96875,-0.275390625,0.14501953125,0.036183655224273,-0.04682590676082401,-0.126642793284954,Null
109.554999999998,0.96435546875,-0.27490234375,0.14306640625,0.06385350921930501,-0.056403933143719005,-0.11280786628743801,Null
109.574999999998,0.9658203125,-0.275390625,0.14404296875,0.09045913806068198,-0.06491773437296,-0.09897293928992199,Null
109.594999999998,0.95703125,-0.275390625,0.14453125,0.10748674051916302,-0.06491773437296,-0.08726646259971699,Null
109.61499999999799,0.966796875,-0.27685546875,0.14208984375,0.11174364113378302,-0.077688436216821,-0.076624211063166,Null
109.633999999998,0.9775390625,-0.2783203125,0.14111328125,0.119193217209369,-0.08513801229240599,-0.06811040983392501,Null
109.654999999998,0.97412109375,-0.27734375,0.14013671875,0.128771243592265,-0.080881111677786,-0.05959660860468499,Null
109.674999999998,0.970703125,-0.2783203125,0.13916015625,0.126642793284954,-0.079816886524131,-0.04789013191447901,Null
109.694999999998,0.98486328125,-0.28271484375,0.13916015625,0.122385892670334,-0.086202237446062,-0.030862529455997004,Null
109.714999999998,1.00146484375,-0.2822265625,0.140625,0.123450117823989,-0.084073787138751,-0.007449576075585999,Null
109.734999999998,1.01416015625,-0.27783203125,0.14208984375,0.119193217209369,-0.074495760755856,0.023412953380412004,Null
109.75499999999799,1.01171875,-0.2666015625,0.14453125,0.09897293928992199,-0.06278928406565,0.06491773437296,Null
109.774999999998,0.99951171875,-0.263671875,0.146484375,0.072367310448545,-0.056403933143719005,0.10642251536550801,Null
109.799999999998,0.99658203125,-0.2587890625,0.1591796875,0.075559985909511,-0.058532383451029006,0.145798846050746,Null
109.819999999998,0.99560546875,-0.25146484375,0.1640625,0.08513801229240599,-0.045761681607168,0.159633773048262,Null
109.839999999998,0.9912109375,-0.23681640625,0.16748046875,0.06917463498758,-0.024477178534067005,0.174532925199433,Null
109.860999999998,0.9912109375,-0.22314453125,0.17333984375,0.014899152151171002,0.005321125768275,0.19368897796522402,Null
109.880999999998,0.99365234375,-0.21533203125,0.169921875,-0.076624211063166,0.043633231299858,0.21710193134563602,Null
109.90099999999799,0.9951171875,-0.2158203125,0.15869140625,-0.157505322740952,0.076624211063166,0.230936858343152,Null
109.920999999998,0.98486328125,-0.22021484375,0.15478515625,-0.19368897796522402,0.09897293928992199,0.226679957728532,Null
109.940999999998,0.9892578125,-0.2177734375,0.15576171875,-0.18517517673598397,0.09897293928992199,0.20539545465543,Null
109.961999999998,0.9873046875,-0.21142578125,0.1552734375,-0.16389067366288199,0.10003716444357699,0.17240447489212302,Null
109.981999999998,0.986328125,-0.2109375,0.15283203125,-0.155376872433642,0.10216561475088799,0.133028144206885,Null
110.005999999998,0.98876953125,-0.20751953125,0.14794921875,-0.158569547894607,0.10429406505819801,0.09045913806068198,Null
110.02599999999799,0.984375,-0.21630859375,0.14501953125,-0.168147574277502,0.11280786628743801,0.040440555838893,Null
110.045999999998,0.9775390625,-0.23046875,0.1474609375,-0.161762223355572,0.11067941598012801,-0.011706476690206002,Null
110.066999999998,0.97705078125,-0.2412109375,0.14599609375,-0.13196391905323,0.09471603867530198,-0.06385350921930501,Null
110.086999999998,0.9765625,-0.24462890625,0.14208984375,-0.101101389597233,0.076624211063166,-0.11280786628743801,Null
110.106999999998,0.9716796875,-0.25537109375,0.14794921875,-0.086202237446062,0.065981959526615,-0.15111997181902098,Null
110.12699999999799,0.9765625,-0.263671875,0.15087890625,-0.077688436216821,0.054275482836409004,-0.177725600660398,Null
110.146999999998,0.97265625,-0.26904296875,0.14599609375,-0.078752661370476,0.055339707990064005,-0.18730362704329398,Null
110.166999999998,0.970703125,-0.27978515625,0.150390625,-0.077688436216821,0.053211257682754004,-0.188367852196949,Null
110.186999999998,0.98046875,-0.28564453125,0.15283203125,-0.06066083375833999,0.039376330685238,-0.18517517673598397,Null
110.206999999998,0.9912109375,-0.2900390625,0.1572265625,-0.039376330685238,0.027669853995032002,-0.18091827612136302,Null
110.226999999998,0.974609375,-0.2890625,0.16015625,-0.022348728226757004,0.036183655224273,-0.171340249738468,Null
110.246999999998,0.96484375,-0.28515625,0.15673828125,-0.032990979763308,0.036183655224273,-0.147927296358056,Null
110.267999999998,0.97265625,-0.28857421875,0.1572265625,-0.056403933143719005,0.029798304302342003,-0.11387209144109299,Null
110.287999999998,0.98291015625,-0.291015625,0.16064453125,-0.06278928406565,0.026605628841377002,-0.08513801229240599,Null
110.307999999998,0.97900390625,-0.28955078125,0.16015625,-0.051082807375443996,0.028734079148687,-0.06385350921930501,Null
110.327999999998,0.970703125,-0.28076171875,0.15673828125,-0.034055204916963,0.025541403687721998,-0.043633231299858,Null
110.347999999998,0.9697265625,-0.27685546875,0.15234375,-0.029798304302342003,0.018091827612136003,-0.021284503073102003,Null
110.36799999999799,0.97216796875,-0.2763671875,0.1513671875,-0.027669853995032002,0.012770701843860999,0.0,Null
110.38899999999799,0.9677734375,-0.27001953125,0.15625,-0.019156052765792,0.011706476690206002,0.007449576075585999,Null
110.412999999998,0.9697265625,-0.26416015625,0.158203125,-0.022348728226757004,0.00212845030731,0.018091827612136003,Null
110.432999999998,0.9677734375,-0.25732421875,0.15478515625,-0.055339707990064005,0.009578026382896,0.030862529455997004,Null
110.452999999998,0.96435546875,-0.2568359375,0.154296875,-0.09471603867530198,0.017027602458481002,0.050018582221788996,Null
110.473999999998,0.95947265625,-0.25244140625,0.150390625,-0.126642793284954,0.020220277919447,0.072367310448545,Null
110.493999999998,0.9677734375,-0.24560546875,0.146484375,-0.16389067366288199,0.011706476690206002,0.09365181352164699,Null
110.51399999999799,0.978515625,-0.2431640625,0.1435546875,-0.18517517673598397,0.00212845030731,0.10429406505819801,Null
110.533999999998,0.98828125,-0.2421875,0.14111328125,-0.18517517673598397,-0.008513801229241,0.09897293928992199,Null
110.553999999998,0.982421875,-0.24609375,0.1376953125,-0.157505322740952,-0.018091827612136003,0.079816886524131,Null
110.573999999998,0.97314453125,-0.2451171875,0.140625,-0.11174364113378302,-0.035119430070618,0.052147032529099004,Null
110.59399999999799,0.96728515625,-0.24365234375,0.14208984375,-0.076624211063166,-0.04895435706813401,0.026605628841377002,Null
110.613999999998,0.96533203125,-0.2412109375,0.1455078125,-0.061725058911995,-0.058532383451029006,-0.001064225153655,Null
110.633999999998,0.9658203125,-0.2451171875,0.1455078125,-0.06385350921930501,-0.056403933143719005,-0.029798304302342003,Null
110.65399999999799,0.9609375,-0.248046875,0.14697265625,-0.065981959526615,-0.06066083375833999,-0.056403933143719005,Null
110.674999999998,0.9697265625,-0.25341796875,0.146484375,-0.074495760755856,-0.06491773437296,-0.075559985909511,Null
110.694999999998,0.9853515625,-0.25927734375,0.1435546875,-0.075559985909511,-0.07130308529489,-0.08513801229240599,Null
110.71899999999799,1.00244140625,-0.26806640625,0.14990234375,-0.06917463498758,-0.07023886014123501,-0.08833068775337198,Null
110.738999999998,1.00537109375,-0.267578125,0.14599609375,-0.058532383451029006,-0.06917463498758,-0.08726646259971699,Null
110.758999999998,0.99462890625,-0.26611328125,0.14306640625,-0.045761681607168,-0.06491773437296,-0.076624211063166,Null
110.779999999998,0.962890625,-0.265625,0.1484375,-0.00638535092193,-0.07023886014123501,-0.06704618468026999,Null
110.799999999998,0.9462890625,-0.26123046875,0.142578125,0.055339707990064005,-0.09258758836799198,-0.077688436216821,Null
110.819999999998,0.94921875,-0.25927734375,0.14013671875,0.11280786628743801,-0.10855096567281801,-0.117064766902059,Null
110.839999999998,0.9453125,-0.259765625,0.1416015625,0.139413495128815,-0.10748674051916302,-0.160697998201917,Null
110.859999999998,0.943359375,-0.2607421875,0.1376953125,0.13409236936053998,-0.11280786628743801,-0.18091827612136302,Null
110.87999999999799,0.95458984375,-0.271484375,0.130859375,0.10642251536550801,-0.122385892670334,-0.179854050967708,Null
110.899999999998,0.97705078125,-0.27685546875,0.13330078125,0.10322983990454301,-0.130899693899575,-0.171340249738468,Null
110.919999999998,1.00341796875,-0.27880859375,0.1328125,0.11067941598012801,-0.135156594514195,-0.147927296358056,Null
110.939999999998,1.02490234375,-0.27490234375,0.13134765625,0.11174364113378302,-0.137285044821505,-0.11067941598012801,Null
110.959999999998,1.0361328125,-0.2763671875,0.13916015625,0.09897293928992199,-0.13409236936053998,-0.065981959526615,Null
110.979999999998,1.015625,-0.26318359375,0.146484375,0.08300956198509599,-0.116000541748404,-0.013834926997516001,Null
111.000999999998,1.001953125,-0.25830078125,0.14697265625,0.056403933143719005,-0.10855096567281801,0.04150478099254799,Null
111.024999999998,0.9970703125,-0.24853515625,0.14404296875,0.06066083375833999,-0.101101389597233,0.077688436216821,Null
111.044999999998,0.99072265625,-0.224609375,0.14501953125,0.08939491290702699,-0.08833068775337198,0.080881111677786,Null
111.064999999998,0.98388671875,-0.20947265625,0.14892578125,0.08833068775337198,-0.07343153560220099,0.06917463498758,Null
111.085999999998,0.98583984375,-0.20068359375,0.1484375,0.04789013191447901,-0.06491773437296,0.055339707990064005,Null
111.10599999999799,0.99072265625,-0.20703125,0.1455078125,0.007449576075585999,-0.051082807375443996,0.04150478099254799,Null
111.125999999998,0.986328125,-0.21142578125,0.13818359375,0.008513801229241,-0.026605628841377002,0.022348728226757004,Null
111.145999999998,0.9912109375,-0.208984375,0.1328125,0.027669853995032002,-0.00212845030731,0.001064225153655,Null
111.165999999998,1.0009765625,-0.2177734375,0.13818359375,0.028734079148687,0.024477178534067005,-0.008513801229241,Null
111.185999999998,1.00146484375,-0.20458984375,0.13671875,0.015963377304826,0.052147032529099004,-0.012770701843860999,Null
111.205999999998,1.01318359375,-0.2109375,0.1259765625,-0.036183655224273,0.06491773437296,-0.017027602458481002,Null
111.225999999998,1.0234375,-0.21533203125,0.11328125,-0.08939491290702699,0.077688436216821,-0.026605628841377002,Null
111.24599999999799,1.01318359375,-0.23681640625,0.09375,-0.124514342977644,0.09152336321433699,-0.031926754609652,Null
111.265999999998,1.001953125,-0.232421875,0.0966796875,-0.09684448898261201,0.09045913806068198,-0.030862529455997004,Null
111.285999999998,0.99609375,-0.2216796875,0.1083984375,-0.061725058911995,0.09258758836799198,-0.030862529455997004,Null
111.306999999998,0.98974609375,-0.22021484375,0.11181640625,-0.039376330685238,0.076624211063166,-0.028734079148687,Null
111.326999999998,0.9921875,-0.2236328125,0.111328125,-0.028734079148687,0.039376330685238,-0.039376330685238,Null
111.34699999999799,0.99462890625,-0.234375,0.1142578125,-0.021284503073102003,0.008513801229241,-0.053211257682754004,Null
111.37099999999799,0.99609375,-0.24072265625,0.1240234375,0.034055204916963,-0.008513801229241,-0.057468158297374,Null
111.39199999999799,0.99951171875,-0.2255859375,0.12939453125,0.04682590676082401,0.001064225153655,-0.055339707990064005,Null
111.412999999998,1.0029296875,-0.21923828125,0.1318359375,-0.003192675460965,0.029798304302342003,-0.051082807375443996,Null
111.436999999998,1.005859375,-0.23828125,0.12646484375,-0.09258758836799198,0.06385350921930501,-0.035119430070618,Null
111.456999999998,1.01513671875,-0.24267578125,0.12353515625,-0.128771243592265,0.084073787138751,-0.018091827612136003,Null
111.476999999998,1.01708984375,-0.2470703125,0.1171875,-0.147927296358056,0.10322983990454301,0.005321125768275,Null
111.497999999998,0.9912109375,-0.24072265625,0.11572265625,-0.147927296358056,0.121321667516679,0.030862529455997004,Null
111.517999999998,0.9833984375,-0.23193359375,0.1220703125,-0.14473462089709102,0.120257442363024,0.053211257682754004,Null
111.537999999998,0.99169921875,-0.22412109375,0.119140625,-0.158569547894607,0.119193217209369,0.072367310448545,Null
111.557999999998,1.00146484375,-0.22119140625,0.119140625,-0.17666137550674302,0.130899693899575,0.08300956198509599,Null
111.576999999998,1.00048828125,-0.2138671875,0.1220703125,-0.188367852196949,0.147927296358056,0.07130308529489,Null
111.597999999998,0.99267578125,-0.2177734375,0.11962890625,-0.19368897796522402,0.155376872433642,0.04682590676082401,Null
111.61799999999799,0.99853515625,-0.22216796875,0.1220703125,-0.18198250127501897,0.142606170589781,0.021284503073102003,Null
111.637999999998,1.00048828125,-0.22412109375,0.1240234375,-0.154312647279986,0.13196391905323,-0.00212845030731,Null
111.657999999998,0.9921875,-0.2275390625,0.12646484375,-0.127707018438609,0.127707018438609,-0.019156052765792,Null
111.677999999998,0.9833984375,-0.22216796875,0.13037109375,-0.10855096567281801,0.127707018438609,-0.030862529455997004,Null
111.698999999998,0.98583984375,-0.22119140625,0.13525390625,-0.124514342977644,0.130899693899575,-0.04150478099254799,Null
111.71899999999799,0.99560546875,-0.224609375,0.138671875,-0.158569547894607,0.139413495128815,-0.040440555838893,Null
111.738999999998,0.9912109375,-0.22802734375,0.13525390625,-0.19688165342619002,0.154312647279986,-0.030862529455997004,Null
111.762999999998,0.98388671875,-0.23388671875,0.1318359375,-0.19049630250425897,0.148991521511711,-0.023412953380412004,Null
111.782999999998,0.98388671875,-0.23095703125,0.13671875,-0.145798846050746,0.137285044821505,-0.029798304302342003,Null
111.803999999998,0.9775390625,-0.224609375,0.14111328125,-0.117064766902059,0.126642793284954,-0.04789013191447901,Null
111.823999999998,0.97607421875,-0.224609375,0.14501953125,-0.10642251536550801,0.116000541748404,-0.06811040983392501,Null
111.84399999999799,0.98291015625,-0.22705078125,0.15087890625,-0.097908714136267,0.10855096567281801,-0.084073787138751,Null
111.863999999998,0.98095703125,-0.22705078125,0.15576171875,-0.09684448898261201,0.10748674051916302,-0.09045913806068198,Null
111.883999999998,0.97412109375,-0.23046875,0.15771484375,-0.11387209144109299,0.11067941598012801,-0.08726646259971699,Null
111.90399999999799,0.97119140625,-0.23583984375,0.15869140625,-0.116000541748404,0.10429406505819801,-0.078752661370476,Null
111.923999999998,0.97705078125,-0.23828125,0.15869140625,-0.10961519082647302,0.10003716444357699,-0.07023886014123501,Null
111.943999999998,0.97998046875,-0.23779296875,0.16259765625,-0.119193217209369,0.09578026382895699,-0.06385350921930501,Null
111.963999999998,0.982421875,-0.236328125,0.16357421875,-0.135156594514195,0.09471603867530198,-0.061725058911995,Null
111.98399999999799,0.9833984375,-0.2373046875,0.166015625,-0.158569547894607,0.09365181352164699,-0.054275482836409004,Null
112.00499999999799,0.98681640625,-0.2431640625,0.15869140625,-0.170276024584813,0.09684448898261201,-0.035119430070618,Null
112.024999999998,0.97607421875,-0.23974609375,0.166015625,-0.175597150353088,0.10322983990454301,-0.017027602458481002,Null
112.044999999998,0.97509765625,-0.2509765625,0.166015625,-0.168147574277502,0.11174364113378302,0.00638535092193,Null
112.068999999998,0.96435546875,-0.2392578125,0.171875,-0.116000541748404,0.10748674051916302,0.022348728226757004,Null
112.088999999998,0.96826171875,-0.23193359375,0.177734375,-0.128771243592265,0.09471603867530198,0.040440555838893,Null
112.109999999998,0.97900390625,-0.23388671875,0.16259765625,-0.171340249738468,0.09045913806068198,0.045761681607168,Null
112.12999999999799,0.970703125,-0.25537109375,0.169921875,-0.19368897796522402,0.097908714136267,0.055339707990064005,Null
112.149999999998,0.9736328125,-0.2412109375,0.20263671875,-0.19049630250425897,0.097908714136267,0.04682590676082401,Null
112.169999999998,0.97607421875,-0.27392578125,0.1826171875,-0.20858813011639601,0.09578026382895699,0.050018582221788996,Null
112.189999999998,0.96875,-0.25390625,0.173828125,-0.11387209144109299,0.07130308529489,0.039376330685238,Null
112.209999999998,0.9619140625,-0.24853515625,0.189453125,-0.14473462089709102,0.054275482836409004,0.018091827612136003,Null
112.229999999998,0.9638671875,-0.26416015625,0.18310546875,-0.169211799431158,0.045761681607168,0.008513801229241,Null
112.249999999998,0.96435546875,-0.23974609375,0.19091796875,-0.097908714136267,0.038312105531583,-0.005321125768275,Null
112.26999999999799,0.95263671875,-0.2353515625,0.197265625,-0.101101389597233,0.031926754609652,-0.020220277919447,Null
112.289999999998,0.94482421875,-0.23974609375,0.18359375,-0.147927296358056,0.012770701843860999,-0.027669853995032002,Null
112.309999999998,0.9501953125,-0.2529296875,0.17236328125,-0.155376872433642,-0.008513801229241,-0.024477178534067005,Null
112.330999999998,0.9658203125,-0.2451171875,0.1806640625,-0.119193217209369,-0.029798304302342003,-0.020220277919447,Null
112.350999999998,0.97265625,-0.255859375,0.166015625,-0.122385892670334,-0.035119430070618,0.001064225153655,Null
112.374999999998,0.96875,-0.26708984375,0.1611328125,-0.116000541748404,-0.029798304302342003,0.024477178534067005,Null
112.39499999999799,0.98193359375,-0.275390625,0.1669921875,-0.10961519082647302,-0.029798304302342003,0.042569006146202994,Null
112.415999999998,0.98681640625,-0.2568359375,0.169921875,-0.084073787138751,-0.017027602458481002,0.04150478099254799,Null
112.435999999998,0.97998046875,-0.26806640625,0.16552734375,-0.075559985909511,0.00638535092193,0.037247880377928,Null
112.455999999998,0.96826171875,-0.27294921875,0.1708984375,-0.019156052765792,0.011706476690206002,0.028734079148687,Null
112.475999999998,0.96435546875,-0.26904296875,0.19189453125,0.028734079148687,-0.00212845030731,0.014899152151171002,Null
112.49599999999799,0.97314453125,-0.2568359375,0.22021484375,0.065981959526615,-0.019156052765792,0.011706476690206002,Null
112.515999999998,0.9765625,-0.22705078125,0.2314453125,0.07343153560220099,-0.027669853995032002,0.009578026382896,Null
112.536999999998,0.96435546875,-0.24169921875,0.2080078125,-0.024477178534067005,-0.051082807375443996,0.028734079148687,Null
112.560999999998,0.98486328125,-0.259765625,0.19580078125,-0.10429406505819801,-0.078752661370476,0.026605628841377002,Null
112.580999999998,0.9990234375,-0.263671875,0.20068359375,-0.11387209144109299,-0.05959660860468499,0.038312105531583,Null
112.600999999998,0.99462890625,-0.255859375,0.19140625,-0.11067941598012801,-0.027669853995032002,0.052147032529099004,Null
112.621999999998,0.99072265625,-0.255859375,0.185546875,-0.143670395743436,-0.007449576075585999,0.06811040983392501,Null
112.64199999999799,1.01513671875,-0.2509765625,0.18408203125,-0.17666137550674302,-0.010642251536551002,0.08726646259971699,Null
112.661999999998,1.0478515625,-0.2431640625,0.20361328125,-0.20007432888715498,0.007449576075585999,0.10748674051916302,Null
112.685999999998,1.04443359375,-0.23193359375,0.21240234375,-0.253285586569909,0.07023886014123501,0.114936316594749,Null
112.705999999998,1.03466796875,-0.2060546875,0.21142578125,-0.33310247309403995,0.13196391905323,0.114936316594749,LVG2
112.726999999998,1.05908203125,-0.18505859375,0.2578125,-0.43633231299858205,0.164954898816537,0.122385892670334,LVG2
112.746999999998,1.07861328125,-0.17578125,0.271484375,-0.657691144958839,0.251157136262599,0.13622081966785002,LVG2
112.76699999999799,1.04443359375,-0.15283203125,0.23974609375,-1.00888544566502,0.41079090931086,0.18091827612136302,LVG2
112.786999999998,1.0009765625,-0.24072265625,0.15234375,-1.51545661880483,0.5246630007519539,0.234129533804117,LVG2
112.806999999998,1.00439453125,-0.41455078125,0.23876953125,-1.6804115176213703,0.608736787890705,0.243707560187013,LVG2
112.826999999998,1.1025390625,-0.32958984375,0.34375,-1.3207034156859498,0.722608879331799,0.27031318902839,LVG2
112.847999999998,1.09619140625,-0.2001953125,0.33251953125,-1.5707963267949,0.907784056067782,0.382056830162173,LVG2
112.86799999999799,1.07470703125,-0.30615234375,0.318359375,-2.9266191725514705,0.9439677112920551,0.7002601511050419,LVG2
112.886999999998,1.103515625,-0.5693359375,0.29150390625,-3.6077232708907205,0.9546099628286059,1.04506910088929,LVG2
112.90699999999799,1.05224609375,-0.50390625,0.2724609375,-3.0979594222899403,1.0322983990454302,1.21960202608872,LVG2
112.927999999998,0.94580078125,-0.53857421875,0.20654296875,-3.16074870635558,1.02484882296984,1.44841043412456,LVG2
112.947999999998,0.94091796875,-0.634765625,0.08837890625,-3.34911655855253,0.87160040084351,1.62826448509227,LVG2
112.967999999998,0.88134765625,-0.71142578125,0.0166015625,-3.02559211184139,0.783269713090138,1.7602284041455,LVG2
112.987999999998,0.85400390625,-0.71630859375,0.08154296875,-2.38705701964834,0.649177343729598,1.80492586059901,LVG2
113.00799999999799,0.8291015625,-0.76513671875,0.11865234375,-1.93369710419128,0.5512686295933311,1.7910909336015002,LVG2
113.027999999998,0.74658203125,-0.66259765625,0.05078125,-1.68573264338965,0.451231465149754,1.78896248329419,LVG2
113.048999999998,0.68212890625,-0.72705078125,-0.05029296875,-1.9049630250425902,0.2788269902576311,1.78683403298688,LVG2
113.072999999998,0.66259765625,-0.83447265625,-0.1044921875,-1.45479578504649,-0.10429406505819801,1.73255855015047,LVG2
113.092999999998,0.689453125,-0.85986328125,-0.138671875,-0.715159303256213,-0.275634314796665,1.6995675703871598,LVG2
113.112999999998,0.6474609375,-0.77587890625,-0.1484375,-0.42569006146203203,-0.346937400091556,1.72617319922854,LVG2
113.133999999998,0.59033203125,-0.76806640625,-0.22021484375,-0.34161627432328,-0.42036893569375605,1.6463563127044099,LVG2
113.15399999999799,0.587890625,-0.83984375,-0.146484375,0.171340249738468,-0.502314272525197,1.4292543813587701,LVG2
113.173999999998,0.6416015625,-0.85498046875,0.00634765625,1.36540087213947,-0.42036893569375605,1.11317951072321,LVG2
113.193999999998,0.60546875,-0.638671875,0.142578125,2.23380859752201,-0.29372614240880196,0.8151964676997909,LVG2
113.213999999998,0.5576171875,-0.4921875,0.1787109375,1.97520188518383,-0.252221361416254,0.49060779583499203,LVG2
113.23399999999799,0.60107421875,-0.5341796875,0.08984375,2.0050001894861698,-0.20645967980908497,0.174532925199433,LVG2
113.253999999998,0.736328125,-0.4013671875,0.3740234375,1.66125546485558,0.117064766902059,0.065981959526615,LVG2
113.273999999998,0.783203125,-0.49560546875,0.697265625,0.195817428272535,0.537433702595815,0.228808408035842,LVG2
113.293999999998,0.7451171875,-0.62744140625,0.642578125,-0.32778134732576397,0.8311598450046171,0.08726646259971699,LVG2
113.313999999998,0.71435546875,-0.90966796875,0.52880859375,-0.32565289701845396,1.06209670334777,0.20113855404081,LVG2
113.333999999998,0.63232421875,-0.9482421875,0.40673828125,0.223487282267567,1.1812899205571399,0.139413495128815,LVG2
113.354999999998,0.56494140625,-0.91064453125,0.29296875,0.788590838858414,1.21321667516679,-0.10216561475088799,LVG2
113.378999999998,0.44775390625,-1.0380859375,-0.01513671875,1.85813711828177,1.18767527147907,-0.40227710808162,LVG2
113.398999999998,0.48876953125,-1.6240234375,-0.1171875,4.07385388819164,1.0833812064208699,-0.6651407210344239,LVG2
113.418999999998,0.46826171875,-1.48828125,-0.07958984375,6.85467421469236,0.9641879892115021,-0.9067198309141271,LVG2
113.439999999998,0.47705078125,-1.3876953125,-0.21435546875,7.14414345648655,0.516149199522713,-0.87585730145813,LVG2
113.459999999998,0.68359375,-1.42138671875,-0.27978515625,6.98983080920656,0.28946924179418104,-0.4714517430692,LVG2
113.479999999998,0.81298828125,-1.07861328125,-0.04443359375,7.3963648179028,0.539562152903125,0.10642251536550801,LVG2
113.499999999998,0.82958984375,-0.65234375,0.25439453125,7.203740065091231,0.8354167456192372,0.9769586910553629,LVG2
113.51999999999799,0.73876953125,-0.36328125,0.5537109375,6.23955207587973,1.132335563489,2.1667624128417398,LVG2
113.539999999998,0.51416015625,-0.388671875,0.8095703125,4.0749181133453,1.41329100405395,3.18948278550427,LVG2
113.560999999998,0.3798828125,-0.57958984375,0.85400390625,1.37604312367602,1.16851921871328,3.86100885746063,LVG2
113.584999999998,0.37451171875,-0.64306640625,0.7197265625,-1.9517889318034198,0.21497348103832603,4.554883657643741,LVG2
113.604999999998,0.27685546875,-0.62890625,0.46435546875,-3.1117943492874502,-0.421433160847411,4.83477487305503,LVG2
113.624999999998,0.2158203125,-0.62548828125,0.30078125,-3.3427312076306004,-1.02378459781619,4.95503231541805,LVG2
113.645999999998,0.2021484375,-0.74560546875,0.220703125,-2.6318288049890097,-1.57398900225586,5.015693149176389,LVG2
113.665999999998,0.20263671875,-0.9326171875,0.14599609375,-1.55376872433642,-2.0922666520858897,4.81561882028923,LVG2
113.685999999998,0.31640625,-0.98828125,0.14306640625,-0.969509114979777,-2.28489140489746,4.62937941839959,LVG2
113.705999999998,0.47265625,-0.5751953125,0.3740234375,0.286276566333216,-2.30617590797056,3.96955982313345,LVG2
113.725999999998,0.45654296875,-0.04638671875,0.61279296875,0.7258015547927641,-1.9741376600301699,3.0160140854584903,LVG2
113.74599999999799,0.44970703125,0.099609375,0.5712890625,0.174532925199433,-1.8900638728914199,2.06033989747623,LVG2
113.765999999998,0.61669921875,-0.189453125,0.4052734375,-0.246900235647978,-1.9581742827253499,1.0589040278868,LVG2
113.785999999998,0.8193359375,-0.662109375,0.369140625,0.8375451959265471,-1.8549444428208,0.226679957728532,LVG2
113.805999999998,0.95654296875,-0.04736328125,0.71484375,2.94790367562457,-1.6995675703871598,-0.43420386269127204,LVG2
113.825999999998,1.06298828125,0.18505859375,0.76416015625,2.65630598352308,-1.61442955809475,-0.8056184413168951,LVG2
113.845999999998,1.05224609375,-0.1005859375,0.587890625,1.13659246410362,-1.5271630954950401,-0.781141262782828,LVG2
113.866999999998,1.03564453125,-0.3076171875,0.6337890625,0.33735937370866,-1.54419069795352,-0.9173620824506781,LVG2
113.890999999998,0.958984375,-0.46728515625,1.0634765625,-0.06917463498758,-1.4186121298222198,-0.7907192891657241,LVG2
113.910999999998,0.92578125,-0.69873046875,1.0224609375,0.005321125768275,-1.30367581322747,-0.571488907512777,LVG2
113.930999999998,0.91943359375,-1.0498046875,1.03515625,0.234129533804117,-1.19193217209369,-0.345873174937901,LVG2
113.951999999998,0.83447265625,-0.70654296875,1.19775390625,0.9961147438211541,-0.9354539100628141,-0.010642251536551002,LVG2
113.97199999999799,0.66064453125,-0.2939453125,1.1943359375,1.29729046230554,-0.597030311200499,0.237322209265083,LVG2
113.991999999998,0.5625,-0.2646484375,1.10400390625,-0.101101389597233,-0.40440555838892994,0.48422244491306105,LVG2
114.011999999998,0.58984375,-0.39208984375,1.06396484375,-1.30580426353478,-0.371414578625623,0.614057913658981,LVG2
114.03199999999799,0.49462890625,-0.37939453125,0.9736328125,-1.44628198381725,-0.31288219517459304,0.73537958117566,LVG2
114.05199999999701,0.53466796875,-0.4130859375,1.1171875,-1.94008245511321,-0.358643876781762,0.853508573231373,LVG2
114.071999999997,0.61669921875,-0.4873046875,1.30517578125,-1.9007061244279702,-0.277762765103976,0.781141262782828,LVG2
114.091999999997,0.646484375,-0.36474609375,1.3056640625,-1.06422515365508,-0.13622081966785002,0.572553132666432,LVG2
114.11199999999701,0.646484375,-0.5458984375,1.1767578125,-1.01314234627964,-0.074495760755856,0.7194162038708342,LVG2
114.131999999997,0.6435546875,0.03369140625,1.427734375,-1.7974762845234298,0.390570631391414,0.792847739473034,LVG2
114.151999999997,0.40966796875,-0.70263671875,0.78173828125,-4.46229606927575,1.5825028034850999,1.15042739110114,LVG2
114.172999999997,0.09326171875,-1.19677734375,-0.17041015625,-2.85531608725658,2.2625426766707,0.9365181352164699,LVG2
114.19199999999701,-0.11376953125,-0.5576171875,-0.517578125,-0.194753203118879,2.37535054295814,0.11067941598012801,LVG2
114.21299999999701,-0.3896484375,-0.92919921875,-0.591796875,-0.101101389597233,2.43175447610186,-0.453359915457064,LVG2
114.23699999999701,-0.4267578125,-0.74365234375,0.54833984375,2.6211865534524597,2.37109364234352,-1.14084936471824,LVG2
114.25799999999701,-0.01123046875,0.04296875,1.15380859375,4.33884595145176,1.87516472074025,-2.36364406626793,LVG2
114.27799999999701,0.14697265625,-0.203125,0.51123046875,2.94683945047091,1.11637218618418,-2.61054430191591,LVG2
114.297999999997,0.1298828125,-0.2568359375,0.13916015625,1.3717862230613997,0.026605628841377002,-2.67971893690349,LVG2
114.317999999997,0.658203125,-0.3017578125,0.33740234375,-1.49842901634635,-1.1589411923303798,-2.6509848577548,LVG2
114.33799999999701,1.1220703125,-0.53662109375,0.27294921875,-4.0344775575064,-1.71340249738468,-2.64247105652556,LVG2
114.356999999997,1.42578125,-1.02783203125,0.0224609375,-4.421855513436849,-1.63039293539958,-2.34023111288752,LVG2
114.377999999997,1.40625,-1.09912109375,-0.044921875,-3.54812666228603,-1.0950876831110798,-1.62400758447765,LVG2
114.39799999999701,1.02734375,-1.41943359375,0.052734375,-3.14159265358979,-0.445910339381478,-0.41611203507913597,LVG2
114.41799999999701,0.83837890625,-1.41748046875,0.31689453125,-2.14334945946133,-0.20433122950177499,0.18730362704329398,LVG2
114.437999999997,0.9931640625,-0.7392578125,0.6142578125,-1.3951991764418101,-0.41611203507913597,0.267120513567425,LVG2
114.457999999997,1.03662109375,-0.72607421875,0.25146484375,-2.70738879089852,-0.588516509971259,0.637470867039392,LVG2
114.47799999999701,0.9541015625,-1.26806640625,-0.4951171875,-2.7584715982739705,-0.8151964676997909,0.992922068360189,LVG2
114.49899999999701,1.1005859375,-1.66259765625,-0.7578125,-0.10003716444357699,-1.01527079658695,1.49097944027077,LVG2
114.52299999999701,1.19970703125,-1.23095703125,-0.59033203125,4.468681420197679,-1.07380318003797,2.35619449019235,LVG2
114.54299999999701,1.3173828125,-1.19482421875,-0.60595703125,6.190597718811599,-0.812003792238825,2.7978479289592,LVG2
114.562999999997,1.091796875,-0.921875,-0.4033203125,7.92528471926937,-0.47358019337651,2.89894931855644,LVG2
114.583999999997,0.9443359375,-0.51025390625,0.4013671875,7.57728309402416,-0.33948782401597,3.0447481646071806,LVG2
114.603999999997,0.95849609375,-0.44091796875,0.7822265625,6.8610595656142905,0.008513801229241,3.0575188664510398,LVG2
114.62399999999701,0.4853515625,0.02001953125,0.95654296875,5.13169369092479,-0.030862529455997004,2.7478293467374106,LVG2
114.643999999997,0.1953125,0.2490234375,0.88818359375,2.3242677355826897,-0.018091827612136003,2.03479849378851,LVG2
114.663999999997,-0.056640625,0.46044921875,1.0283203125,0.014899152151171002,-0.230936858343152,1.26217103223492,LVG2
114.683999999997,0.34033203125,0.09765625,1.09716796875,-1.45798846050746,-0.06066083375833999,0.27031318902839,LVG2
114.70399999999701,-0.40966796875,0.23974609375,1.3330078125,-1.1759687947888602,0.39482753200603404,0.321395996403834,LVG2
114.723999999997,0.17236328125,0.072265625,1.2958984375,-3.16819828243117,0.348001625245211,-0.17666137550674302,LVG2
114.743999999997,0.0390625,-0.64599609375,0.873046875,-3.08625294559973,0.3597081019354171,0.114936316594749,LVG2
114.76399999999701,-0.068359375,-1.07958984375,0.48046875,-1.98690836187403,-0.019156052765792,0.49486469644961206,LVG2
114.78499999999701,-0.09716796875,-0.8798828125,0.796875,-2.02415624225196,-0.18623940188963897,0.663012270727114,LVG2
114.80499999999701,-0.10205078125,-0.52294921875,0.9638671875,-1.77725600660398,0.044697456453513,0.12983546874592,LVG2
114.824999999997,-0.0703125,-0.2529296875,0.6689453125,-0.736443806329315,0.053211257682754004,-0.28201966571859605,LVG2
114.844999999997,-0.12060546875,-0.18017578125,0.63232421875,-1.14936316594749,0.06811040983392501,-0.7066455020269731,LVG2
114.86499999999701,0.04541015625,-0.3251953125,0.61279296875,-1.30048313776651,-0.150055746665366,-1.10466570949397,LVG2
114.88599999999701,0.40234375,-0.53564453125,0.7080078125,-2.18485424045388,-0.19156052765791398,-1.13127133833535,LVG2
114.90599999999701,0.3203125,-0.734375,0.44482421875,-2.19549649199043,-0.19794587857984502,-1.10466570949397,LVG2
114.925999999997,0.3974609375,-0.57763671875,0.37939453125,-1.99222948764231,-0.38312105531582796,-1.26536370769589,LVG2
114.945999999997,0.50634765625,-0.5087890625,0.4697265625,-2.59777360007205,-0.354386976167141,-1.33985946845174,LVG2
114.96599999999701,0.43701171875,-0.9990234375,0.29833984375,-1.9943579379496201,-0.171340249738468,-1.4526673347391799,LVG2
114.985999999997,0.419921875,-1.337890625,0.07421875,-0.781141262782828,-0.228808408035842,-1.4601169108147702,LVG2
115.006999999997,0.55908203125,-1.365234375,0.0986328125,0.419304710540101,-0.3597081019354171,-1.10572993464763,LVG2
115.026999999997,0.4814453125,-0.85693359375,0.35888671875,0.908848281221438,-0.336295148555005,-0.8747930763044749,LVG2
115.04599999999701,0.34033203125,-0.5078125,0.2939453125,0.666204946188079,-0.26179938779914896,-0.8684077253825441,LVG2
115.070999999997,0.564453125,-1.20654296875,0.07373046875,1.25578568131299,-0.489543570681336,-1.03655529966005,LVG2
115.091999999997,0.7724609375,-1.310546875,0.43896484375,3.17990475912138,-0.863086599614269,-1.10253725918666,LVG2
115.11199999999701,0.5263671875,-0.505859375,0.35009765625,3.39168556469874,-1.0163350217406,-0.642791992807668,LVG2
115.131999999997,0.390625,-0.11328125,0.173828125,2.19656071714408,-1.06954627942335,-0.42249738600106607,LVG2
115.151999999997,0.6591796875,-0.80859375,0.39111328125,2.14334945946133,-1.15042739110114,-0.6268286155028421,LVG2
115.171999999997,0.8466796875,-0.9169921875,1.02197265625,3.58111764204934,-1.14936316594749,-0.704517051719662,LVG2
115.19199999999701,0.74267578125,-0.4404296875,0.8779296875,3.43957569661322,-0.7662421106316569,-0.461873716686304,LVG2
115.211999999997,0.71240234375,-0.2509765625,0.865234375,2.44558940309937,-0.42569006146203203,-0.237322209265083,LVG2
115.231999999997,0.626953125,-0.2939453125,0.73779296875,1.3696577727540902,-0.07343153560220099,-0.15111997181902098,LVG2
115.25199999999701,0.5400390625,-0.3154296875,0.60986328125,1.5580256249510402,0.076624211063166,-0.229872633189497,LVG2
115.271999999997,0.703125,-0.2158203125,0.8359375,1.92518330296204,-0.18198250127501897,-0.49805737191057703,LVG2
115.291999999997,0.87158203125,-0.21240234375,0.8828125,1.132335563489,-0.228808408035842,-0.570424682359122,LVG2
115.312999999997,0.8984375,-0.21142578125,0.923828125,0.160697998201917,0.06278928406565,-0.38844218108410405,LVG2
115.332999999997,0.87451171875,-0.294921875,0.93994140625,-0.661948045573459,0.313946420328248,-0.250092911108944,LVG2
115.356999999997,0.86962890625,-0.48681640625,0.75,-1.32389609114692,0.5246630007519539,0.026605628841377002,LVG2
115.37699999999701,0.85302734375,-0.30517578125,0.72216796875,-1.59420928017531,0.7077097271806279,0.254349811723564,LVG2
115.39799999999701,0.830078125,-0.2666015625,0.6962890625,-1.9475320311887898,0.825838719236341,0.441653438766858,LVG2
115.41799999999701,0.7373046875,-0.28173828125,0.60986328125,-2.2997905570486297,0.722608879331799,0.49380047129595706,LVG2
115.437999999997,0.78662109375,-0.6484375,0.42822265625,-2.53285586569909,0.591709185432224,0.491672020988646,LVG2
115.457999999997,0.76708984375,-0.7041015625,0.5556640625,-2.16356973738078,0.5384979277494699,0.48422244491306105,LVG2
115.481999999997,0.73291015625,-0.5166015625,0.78369140625,-2.10716580423706,0.66833339649539,0.6055441124297399,LVG2
115.502999999997,0.66162109375,-0.6748046875,0.615234375,-2.30830435827787,0.664076495880769,0.843930546848478,LVG2
115.52299999999701,0.63232421875,-0.7880859375,0.5966796875,-1.8602655685890799,0.6076725627370501,0.953545737674951,LVG2
115.54299999999701,0.58935546875,-0.869140625,0.61474609375,-1.47714451327325,0.623635940041876,0.8928849039166109,LVG2
115.562999999997,0.56201171875,-0.978515625,0.6484375,-1.2515287806983701,0.6598195952661489,0.7662421106316569,LVG2
115.582999999997,0.5703125,-0.97216796875,0.69482421875,-1.0833812064208699,0.74176493209759,0.683232548646561,LVG2
115.60299999999701,0.47802734375,-0.93359375,0.5751953125,-0.981215591669983,0.8928849039166109,0.7875266137047591,LVG2
115.622999999997,0.42431640625,-0.88623046875,0.5302734375,-0.907784056067782,0.9216189830652979,0.9429034861384,LVG2
115.642999999997,0.40576171875,-0.83642578125,0.5546875,-0.920554757911643,0.985472492284603,1.01207812112598,LVG2
115.66299999999701,0.38525390625,-0.9130859375,0.5439453125,-0.973766015594397,1.132335563489,1.08231698126722,LVG2
115.68299999999701,0.38330078125,-0.8974609375,0.52001953125,-0.9865367174382579,1.19299639724734,1.1259502125670702,LVG2
115.70399999999701,0.3076171875,-0.86181640625,0.32861328125,-1.0216561475088801,1.26642793284954,1.11317951072321,LVG2
115.723999999997,0.31689453125,-0.91650390625,0.27001953125,-0.857765473845994,1.22811582731796,1.06422515365508,LVG2
115.743999999997,0.33740234375,-0.92578125,0.28515625,-0.7279300051000741,1.20363864878389,1.02484882296984,LVG2
115.76399999999701,0.35400390625,-0.955078125,0.25341796875,-0.5906449602785689,1.16106964263769,0.9450319364457099,LVG2
115.78799999999701,0.353515625,-1.00634765625,0.15380859375,-0.25541403687721903,1.1036014843403201,0.8641508247679242,LVG2
115.808999999997,0.28125,-0.9873046875,0.10693359375,0.411855134464516,1.01739924689426,0.783269713090138,LVG2
115.82899999999701,0.19140625,-0.83056640625,0.09130859375,0.770499011246277,0.7800770376291729,0.7513429584804859,LVG2
115.848999999997,0.1416015625,-0.86474609375,-0.068359375,0.8173249180071009,0.623635940041876,0.717287753563523,LVG2
115.868999999997,0.11865234375,-0.8037109375,-0.048828125,1.0993445837256999,0.47783709399113106,0.67471874741732,LVG2
115.88899999999701,0.05908203125,-0.6181640625,0.224609375,1.15574851686942,0.421433160847411,0.717287753563523,LVG2
115.90899999999701,0.1142578125,-0.8271484375,0.23193359375,0.28734079148687103,-0.022348728226757004,0.6970674756440771,LVG2
115.928999999997,0.0166015625,-0.869140625,0.21435546875,0.028734079148687,-0.10429406505819801,0.696003250490422,LVG2
115.95399999999701,-0.04052734375,-0.841796875,0.15625,-0.039376330685238,-0.38312105531582796,0.6736545222636651,LVG2
115.973999999997,0.0439453125,-0.93310546875,0.29541015625,-0.28095544056494104,-0.733251130868349,0.708773952334283,LVG2
115.993999999997,0.04736328125,-1.02880859375,0.4716796875,-0.346937400091556,-0.8928849039166109,0.872664625997165,LVG2
116.014999999997,0.0166015625,-1.1728515625,0.32177734375,0.16282644850922698,-0.94716038675302,0.9290685591408839,LVG2
116.03499999999701,-0.00927734375,-1.05908203125,0.16748046875,0.365029227703692,-1.18022569540348,0.9397108106774351,LVG2
116.053999999997,0.00390625,-0.9951171875,0.28564453125,0.13409236936053998,-1.3951991764418101,0.9939862935138442,LVG2
116.07899999999701,-0.0361328125,-1.0126953125,0.3603515625,-0.054275482836409004,-1.5005574666536599,1.08018853095991,LVG2
116.098999999997,-0.1630859375,-0.97705078125,0.25048828125,-0.065981959526615,-1.54419069795352,1.1514916162548001,LVG2
116.119999999997,-0.18798828125,-0.9736328125,0.29345703125,0.022348728226757004,-1.6261360347849598,1.18022569540348,LVG2
116.139999999997,-0.21875,-1.05029296875,0.31298828125,0.053211257682754004,-1.63890673662882,1.2355654033935501,LVG2
116.15999999999701,-0.30419921875,-0.96728515625,0.30029296875,0.384185280469484,-1.6484847630117199,1.23237272793258,LVG2
116.17999999999701,-0.26123046875,-0.93505859375,0.27587890625,0.6257643903491871,-1.7900267084478403,1.2015101984765801,LVG2
116.198999999997,-0.26171875,-0.94384765625,0.17236328125,0.576810033281053,-1.91134837596452,1.224923151857,LVG2
116.219999999997,-0.2412109375,-0.90283203125,0.18115234375,1.03336262419908,-2.09545932754685,1.16639076840597,LVG2
116.23999999999701,-0.12353515625,-0.69091796875,0.3623046875,1.76661375506743,-2.31575393435345,1.07380318003797,LVG2
116.259999999997,0.01904296875,-0.57177734375,0.5869140625,2.05182609624699,-2.46048855525054,0.981215591669983,LVG2
116.279999999997,0.21240234375,-0.36279296875,0.9150390625,1.96136695818631,-2.41366264848972,0.7907192891657241,LVG2
116.299999999997,0.3125,-0.15234375,0.84716796875,1.53354844641697,-2.10184467846878,0.520406100137334,LVG2
116.320999999997,0.2919921875,-0.2578125,0.6669921875,1.32921721691519,-1.89432077350604,0.126642793284954,LVG2
116.34099999999701,0.28271484375,-0.16357421875,0.62841796875,1.8304672642867401,-1.83472416490136,-0.391634856545069,LVG2
116.360999999997,0.328125,-0.0888671875,0.90185546875,1.6516774384726798,-1.9187979520401102,-0.796040414933999,LVG2
116.380999999997,0.33935546875,-0.44384765625,0.95849609375,0.7577283094024159,-1.96775230910824,-1.04294065058198,LVG2
116.404999999997,0.30322265625,-0.421875,0.87060546875,0.31820332094286896,-1.92518330296204,-1.30261158807382,LVG2
116.425999999997,0.265625,-0.39990234375,0.55224609375,-0.474644418530165,-1.8964492238133501,-1.6335856108605502,LVG2
116.45099999999701,0.296875,-0.54736328125,0.55908203125,-0.084073787138751,-2.0731105993200902,-1.7219162986139198,LVG2
116.470999999997,0.47607421875,-0.57275390625,0.4189453125,-0.10322983990454301,-2.1007804533151297,-1.96030273303266,LVG2
116.490999999997,0.55908203125,-0.7041015625,0.119140625,-0.226679957728532,-2.04331229501775,-2.13377143307843,LVG2
116.51099999999701,0.8564453125,-0.83056640625,0.52294921875,0.492736246142302,-2.1539917109978797,-2.0975877778541596,LVG2
116.53199999999701,1.4765625,-1.26025390625,1.666015625,0.5363694774421599,-1.98158723610576,-1.5580256249510402,LVG2
116.55199999999701,1.935546875,-1.318359375,2.02734375,-0.234129533804117,-0.870536175689855,-0.9950505186674989,LVG2
116.571999999997,1.45068359375,-0.54248046875,1.2265625,-0.277762765103976,0.969509114979777,-0.345873174937901,LVG2
116.591999999997,0.81494140625,0.1455078125,0.51513671875,-0.568296232051812,1.8889996477377702,0.051082807375443996,LVG2
116.61199999999701,0.79638671875,-0.16015625,0.42529296875,-1.3217676408396102,1.5431264727998601,-0.028734079148687,LVG2
116.631999999997,0.66357421875,-0.27783203125,0.73046875,-1.2121524500131398,1.68360419308234,-0.300111493330732,LVG2
116.65699999999701,0.52490234375,-0.43212890625,0.6962890625,-0.971637565287087,1.7698064305284,-0.67897564803194,LVG2
116.67699999999701,0.5341796875,-0.4052734375,0.73779296875,-0.610865238198015,1.6772188421604,-1.04506910088929,LVG2
116.696999999997,0.61083984375,-0.5732421875,0.626953125,-1.10572993464763,1.6708334912384701,-1.06954627942335,LVG2
116.716999999997,0.494140625,-1.02880859375,0.49072265625,-1.66870504093116,1.7974762845234298,-0.783269713090138,LVG2
116.737999999997,0.43896484375,-0.8017578125,0.72216796875,-1.06422515365508,1.71233827223102,-0.6257643903491871,LVG2
116.756999999997,0.41455078125,-0.7109375,0.66748046875,-0.9450319364457099,1.58569547894607,-0.5938376357395339,LVG2
116.78199999999701,0.345703125,-0.70068359375,0.595703125,-0.60980101304436,1.29516201199823,-0.5459475038250561,LVG2
116.80199999999701,0.392578125,-0.69287109375,0.45703125,-0.550204404439676,1.05358290211853,-0.5076353982934729,LVG2
116.82299999999701,0.50390625,-0.78662109375,0.58740234375,-0.715159303256213,0.9120409566824029,-0.437396538152238,LVG2
116.842999999997,0.4912109375,-0.79345703125,0.7177734375,-0.641727767654013,0.9035271554531621,-0.316074870635558,LVG2
116.862999999997,0.4521484375,-0.802734375,0.74072265625,-0.49592892160326707,0.8567012486923391,-0.241579109879703,LVG2
116.88299999999701,0.4560546875,-0.71875,0.67431640625,-0.696003250490422,0.8279671695436519,-0.291597692101492,LVG2
116.90299999999701,0.4306640625,-0.78173828125,0.76318359375,-0.9311970094481941,1.18235414571079,-0.38844218108410405,LVG2
116.922999999997,0.41064453125,-0.65966796875,1.046875,-1.2376938537008602,1.8038616354453603,-0.453359915457064,LVG2
116.943999999997,0.33935546875,-0.81396484375,0.744140625,-2.35087336442407,2.2721207030535897,-0.291597692101492,LVG2
116.963999999997,0.25390625,-0.9658203125,0.36181640625,-3.28739149964054,2.44346095279206,-0.137285044821505,LVG2
116.98399999999701,0.19091796875,-0.89111328125,0.060546875,-3.0649684425266304,2.2412581735976,0.04150478099254799,LVG2
117.002999999997,0.177734375,-0.78369140625,-0.04296875,-2.85425186210292,1.9698807594155499,0.169211799431158,LVG2
117.023999999997,0.06640625,-0.71142578125,-0.005859375,-2.44133250248475,1.73255855015047,0.119193217209369,LVG2
117.043999999997,0.0107421875,-0.62548828125,0.29248046875,-1.94540358088148,1.49842901634635,-0.09897293928992199,LVG2
117.06399999999701,0.064453125,-0.67333984375,0.6357421875,-1.90602725019625,1.1759687947888602,-0.245836010494323,LVG2
117.083999999997,-0.021484375,-0.5322265625,0.53662109375,-1.4452177586636001,0.9311970094481941,-0.450167239996098,LVG2
117.103999999997,-0.021484375,-0.564453125,0.1044921875,-0.584259609356638,0.774755911860898,-0.850315897770408,LVG2
117.12399999999701,0.19677734375,-0.875,-0.205078125,0.812003792238825,0.13196391905323,-1.30261158807382,LVG2
117.14499999999701,0.53466796875,-0.841796875,-0.1435546875,2.357258715346,-1.09615190826473,-1.53354844641697,LVG2
117.168999999997,0.84228515625,-0.6591796875,0.05029296875,3.2448224934943397,-2.2699922527462797,-1.36007974637119,LVG2
117.18899999999701,1.0009765625,-0.68115234375,-0.06591796875,4.09726684157205,-2.7680496246568596,-1.0280414984308102,LVG2
117.208999999997,1.03271484375,-0.65966796875,0.1865234375,6.25338700287724,-2.7872056774226497,-0.535305252288505,LVG2
117.228999999997,0.89697265625,-0.36767578125,0.50439453125,7.04836319265759,-2.87872904063699,0.114936316594749,LVG2
117.249999999997,0.72705078125,-0.40869140625,0.63720703125,5.82982539172252,-2.87447214002237,0.33948782401597,LVG2
117.268999999997,0.7412109375,-0.505859375,0.6806640625,4.57403971040953,-2.7776276510397597,0.26924896387473496,LVG2
117.293999999997,0.87255859375,-0.64990234375,0.76904296875,3.1969323615798597,-2.3530018147313796,0.332038247940385,LVG2
117.31399999999701,1.01806640625,-0.61376953125,1.2021484375,2.40302039695317,-1.5197135194194498,0.27244163933570004,LVG2
117.33499999999701,0.818359375,-0.41552734375,1.4697265625,1.26536370769589,-0.5246630007519539,0.616186363966291,LVG2
117.354999999997,0.6240234375,-0.24072265625,1.1337890625,0.602351436968775,0.043633231299858,1.05464712727218,LVG2
117.374999999997,0.5390625,-0.08447265625,1.03564453125,0.489543570681336,0.174532925199433,1.04081220027467,LVG2
117.39499999999701,0.43212890625,0.23876953125,1.0419921875,0.150055746665366,0.142606170589781,0.649177343729598,LVG2
117.41499999999701,0.4658203125,0.22705078125,1.173828125,-0.36290077739638205,0.16282644850922698,0.220294606806601,LVG2
117.434999999997,0.54052734375,0.12744140625,1.25146484375,-0.7843339382437929,0.30436839394535303,-0.10429406505819801,LVG2
117.454999999997,0.59765625,0.01953125,1.06396484375,-1.63784251147517,0.39269908169872403,-0.253285586569909,LVG2
117.47499999999701,0.66943359375,-0.27685546875,0.796875,-2.30191900735594,0.483158219759406,-0.27669853995032107,LVG2
117.494999999997,0.60791015625,-0.53466796875,0.447265625,-2.39557082087758,0.572553132666432,-0.28201966571859605,LVG2
117.514999999997,0.611328125,-0.70166015625,0.5068359375,-1.8432379661306,0.639599317346702,-0.290533466947837,LVG2
117.53499999999701,0.576171875,-0.63330078125,0.748046875,-1.4952363408853897,0.7066455020269731,-0.26286361295280397,LVG2
117.555999999997,0.60595703125,-0.62939453125,0.8291015625,-2.07417482447375,0.8513801229240631,-0.120257442363024,LVG2
117.579999999997,0.646484375,-0.75244140625,0.57958984375,-2.34129533804117,1.06422515365508,0.056403933143719005,LVG2
117.59999999999701,0.611328125,-0.69384765625,0.7431640625,-1.72510897407488,1.1866110463254098,0.21178080557736104,LVG2
117.619999999997,0.5986328125,-0.6474609375,0.7421875,-1.3973276267491201,1.08018853095991,0.34268049947693496,LVG2
117.640999999997,0.548828125,-0.5078125,0.65625,-1.4824656390415298,0.9865367174382579,0.421433160847411,LVG2
117.660999999997,0.24951171875,-0.4052734375,0.54541015625,-1.36540087213947,1.00037164443577,0.377799929547553,LVG2
117.680999999997,0.13916015625,-0.4921875,0.6806640625,-0.8684077253825441,0.87160040084351,0.127707018438609,LVG2
117.704999999997,0.15380859375,-0.556640625,0.53759765625,-0.152184196972676,0.43846076330589295,-0.153248422126331,LVG2
117.72499999999701,0.3251953125,-0.587890625,0.56494140625,0.506571173139818,-0.079816886524131,-0.324588671864799,LVG2
117.74599999999701,0.40869140625,-0.5732421875,0.50341796875,0.693874800183112,-0.642791992807668,-0.46932329276189,LVG2
117.765999999997,0.52685546875,-0.755859375,0.396484375,0.910976731528748,-0.9727017904407421,-0.5246630007519539,LVG2
117.785999999997,0.74267578125,-0.86376953125,0.47216796875,1.1898037217863797,-1.2057670990912,-0.33948782401597,LVG2
117.805999999997,0.74853515625,-0.73583984375,0.453125,1.1674549935596201,-1.224923151857,-0.137285044821505,LVG2
117.824999999997,0.62060546875,-1.1201171875,0.11279296875,0.953545737674951,-1.13659246410362,0.233065308650462,LVG2
117.845999999997,0.64453125,-0.7412109375,0.20849609375,1.26110680708127,-0.799233090394964,0.37247880377927794,LVG2
117.866999999997,0.66015625,-0.6201171875,0.490234375,1.16426231809866,-0.23200108349680698,0.5097638486007829,LVG2
117.890999999997,0.50390625,-0.5732421875,0.3896484375,0.791783514319379,-0.21710193134563602,0.632149741271117,LVG2
117.910999999997,0.53955078125,-0.74462890625,0.50341796875,0.812003792238825,-0.43313963753761703,0.7034528265660072,LVG2
117.930999999997,0.59130859375,-0.71435546875,0.7275390625,1.16213386779135,-0.4991215970642321,0.692810575029456,LVG2
117.951999999997,0.57861328125,-0.64990234375,0.82080078125,1.20363864878389,-0.36609345285734707,0.572553132666432,LVG2
117.97199999999701,0.6181640625,-0.55029296875,0.8974609375,1.05464712727218,-0.251157136262599,0.5235987755982989,LVG2
117.991999999997,0.62060546875,-0.4169921875,0.9130859375,0.889692228455646,-0.13196391905323,0.6055441124297399,LVG2
118.015999999997,0.53076171875,-0.31494140625,0.8388671875,0.7055812768733171,0.029798304302342003,0.6076725627370501,LVG2
118.035999999997,0.4873046875,-0.27392578125,0.8583984375,0.580002708742018,0.09365181352164699,0.457616816071684,LVG2
118.056999999997,0.4072265625,-0.24853515625,0.9306640625,0.479965544298441,0.09258758836799198,0.22455150742122199,LVG2
118.076999999997,0.4267578125,-0.06689453125,1.03173828125,0.19368897796522402,-0.011706476690206002,0.008513801229241,LVG2
118.09699999999701,0.5556640625,-0.29931640625,1.02490234375,-0.37247880377927794,-0.07343153560220099,-0.234129533804117,LVG2
118.12099999999701,0.681640625,-0.625,0.806640625,-0.6534342443442189,0.101101389597233,-0.18304672642867398,LVG2
118.140999999997,0.66357421875,-0.61181640625,0.7626953125,-0.584259609356638,0.38099260500851795,0.008513801229241,LVG2
118.16199999999701,0.5341796875,-0.4609375,0.48681640625,-0.643856217961323,0.489543570681336,0.118128992055714,LVG2
118.181999999997,0.4755859375,-0.62158203125,0.404296875,-0.702388601412352,0.30436839394535303,0.20007432888715498,LVG2
118.201999999997,0.37939453125,-0.83203125,0.58251953125,-0.48209399460575103,0.21071658042370603,0.34374472463059,LVG2
118.22199999999701,0.3125,-0.67724609375,0.697265625,-0.143670395743436,0.20645967980908497,0.37035035347196704,LVG2
118.241999999997,0.46484375,-0.82177734375,0.71728515625,-0.178789825814053,0.14473462089709102,0.27989121541128603,LVG2
118.261999999997,0.60400390625,-0.88818359375,0.66845703125,0.150055746665366,-0.007449576075585999,0.42569006146203203,LVG2
118.28199999999701,0.5869140625,-0.6298828125,0.66796875,0.764113660324347,-0.267120513567425,0.702388601412352,LVG2
118.30199999999701,0.458984375,-0.43896484375,0.6943359375,1.24195075431548,-0.346937400091556,0.8396736462338571,LVG2
118.321999999997,0.4072265625,-0.5556640625,0.66943359375,1.42180480528319,-0.46400216699361496,0.8864995529946809,LVG2
118.341999999997,0.37158203125,-0.611328125,0.7236328125,1.67615461700675,-0.637470867039392,0.9248116585262629,LVG2
118.362999999997,0.4248046875,-0.62646484375,0.8388671875,1.8027974102917002,-0.637470867039392,1.10785838495494,LVG2
118.38299999999701,0.3515625,-0.57177734375,0.7529296875,1.88048584650852,-0.5097638486007829,1.26004258192761,LVG2
118.40299999999701,0.3330078125,-0.64453125,0.77392578125,1.89751344896701,-0.459745266378994,1.3888138255198799,LVG2
118.42699999999701,0.2373046875,-0.63037109375,0.86474609375,2.19230381652946,-0.34161627432328,1.22918005247162,LVG2
118.446999999997,0.2412109375,-0.361328125,0.9091796875,2.3796074435727594,-0.29904726817707694,1.23130850277893,LVG2
118.467999999997,0.3515625,-0.423828125,0.876953125,1.8325957145940501,-0.247964460801633,1.2674921580032,LVG2
118.487999999997,0.33349609375,-0.349609375,0.927734375,1.4186121298222198,-0.032990979763308,1.11850063649149,LVG2
118.50799999999701,0.30419921875,-0.38671875,0.7802734375,1.12914288802804,0.18730362704329398,0.8524443480777181,LVG2
118.526999999997,0.33740234375,-0.1767578125,0.673828125,0.779012812475518,0.277762765103976,0.568296232051812,LVG2
118.55199999999701,0.2099609375,-0.0693359375,0.62353515625,0.045761681607168,0.256478262030874,0.27031318902839,LVG2
118.57299999999701,0.099609375,0.09228515625,0.6435546875,-0.47570864368382,0.101101389597233,-0.072367310448545,LVG2
118.592999999997,0.2578125,0.16796875,0.77734375,-1.17384034448155,-0.06704618468026999,-0.6598195952661489,LVG2
118.612999999997,0.474609375,0.10498046875,0.923828125,-1.60804420717282,-0.045761681607168,-1.2004459733229298,LVG2
118.63299999999701,0.6005859375,-0.3203125,1.0068359375,-1.81024698636729,0.078752661370476,-1.42712593105146,LVG2
118.65299999999701,0.5205078125,-0.6318359375,1.109375,-1.90602725019625,0.225615732574877,-1.35156594514195,LVG2
118.672999999997,0.44921875,-0.724609375,1.1044921875,-1.95711005757169,0.41611203507913597,-1.2749417340787799,LVG2
118.693999999997,0.32177734375,-0.9326171875,0.92724609375,-1.8059900857526698,0.466130617300925,-1.05996825304046,LVG2
118.717999999997,0.26953125,-0.47802734375,0.85546875,-1.4888509899634599,0.264992063260115,-0.87372885115082,LVG2
118.737999999997,0.671875,-0.4150390625,0.900390625,-1.90602725019625,0.04682590676082401,-0.74602183271221,LVG2
118.75799999999701,0.8447265625,-0.35400390625,0.91455078125,-2.6201223282987995,0.49380047129595706,-0.799233090394964,LVG2
118.77899999999701,0.703125,0.05517578125,0.60693359375,-3.27142812233571,1.1174364113378301,-0.7853981633974481,LVG2
118.79899999999701,0.89990234375,-0.298828125,1.12890625,-3.6694483298027096,0.9056556057604721,-0.9950505186674989,LVG2
118.817999999997,1.0078125,-0.4814453125,1.0791015625,-4.90820640865722,1.18767527147907,-0.46506639214726997,LVG2
118.842999999997,0.98095703125,-0.82958984375,0.751953125,-5.461603488557871,1.41116255374663,0.395891757159689,LVG2
118.862999999997,0.8623046875,-0.5185546875,0.59619140625,-5.21257480260258,1.7910909336015002,0.6513057940369079,LVG2
118.883999999997,0.48388671875,-0.9072265625,0.2861328125,-4.85499515097447,1.52397042003407,1.05996825304046,LVG2
118.90399999999701,0.35400390625,-1.33984375,0.02001953125,-4.006807703511369,1.3324098923761598,1.00037164443577,LVG2
118.92399999999701,0.6728515625,-1.0224609375,0.28662109375,-2.05076187109334,0.8513801229240631,0.937582360370125,LVG2
118.943999999997,0.2822265625,-1.1826171875,0.26171875,-2.13483565823209,1.18022569540348,1.42499748074415,LVG2
118.963999999997,0.40185546875,-1.14794921875,0.07958984375,-1.8325957145940501,1.00356431989674,1.09615190826473,LVG2
118.98399999999701,0.46435546875,-1.0712890625,0.06103515625,-1.59314505502165,1.02272037266253,1.24407920462279,LVG2
119.003999999997,-0.041015625,-1.220703125,-0.07861328125,-2.1178080557736103,1.27707018438609,1.6559343390873,LVG2
119.023999999997,0.13134765625,-1.09814453125,-0.14453125,-1.40052030221008,0.8779857517654399,1.12701443772073,LVG2
119.043999999997,0.21044921875,-1.0458984375,-0.07470703125,-1.05251867696487,0.767306335785312,1.08125275611356,LVG2
119.06399999999701,0.14892578125,-1.08447265625,-0.01318359375,-1.1972532978619599,0.767306335785312,1.25259300585203,LVG2
119.08499999999701,0.08056640625,-1.099609375,-0.04150390625,-1.4047772028246999,0.7513429584804859,1.34837326968099,LVG2
119.104999999997,0.01708984375,-1.0517578125,-0.1669921875,-1.48033718873422,0.6598195952661489,1.39200650098084,LVG2
119.124999999997,0.00341796875,-0.91943359375,-0.01416015625,-1.31644651507133,0.537433702595815,1.41648367951491,LVG2
119.14499999999701,0.0322265625,-0.98095703125,0.23583984375,-1.49842901634635,0.7119666277952479,1.39839185190277,LVG2
119.168999999997,-0.02392578125,-1.16845703125,0.01513671875,-2.19868916745139,1.22173047639603,1.45798846050746,LVG2
119.189999999997,-0.16552734375,-1.0,-0.1640625,-2.12845030731016,1.39839185190277,1.64742053785806,LVG2
119.20999999999701,-0.37939453125,-1.14453125,0.216796875,-1.76767798022109,1.57824590287048,1.75490727837723,LVG2
119.229999999997,-0.3232421875,-1.15283203125,-0.04150390625,-1.64316363724344,1.66338391516289,1.59101660471434,LVG2
119.249999999997,-0.4501953125,-1.208984375,-0.4443359375,-1.6452920875507502,1.8336599397477,1.7293658746895,LVG2
119.26999999999701,-0.59130859375,-0.97900390625,-0.3212890625,-0.16282644850922698,1.72510897407488,1.8485590918988701,LVG2
119.28999999999701,-0.5283203125,-0.7802734375,0.119140625,0.641727767654013,1.5399337973389,2.09120242693223,LVG2
119.309999999997,-0.4892578125,-0.99560546875,0.2646484375,-0.22455150742122199,2.00925709010079,2.0358627189421696,LVG2
119.329999999997,-0.41455078125,-0.59375,-0.44775390625,-0.346937400091556,2.4008919466458596,1.68147574277502,LVG2
119.34999999999701,-0.43994140625,-0.23046875,-0.64697265625,0.9673806646724671,1.8677151446646598,1.34518059422002,LVG2
119.369999999997,-0.3115234375,-0.26220703125,-0.48779296875,2.13164298277112,1.2376938537008602,0.630021290963807,LVG2
119.389999999997,0.04541015625,-0.3212890625,0.08984375,1.55696139979738,1.38242847459795,-0.13834926997516,LVG2
119.40999999999701,-0.09912109375,-0.78125,-0.2421875,1.35369439544926,1.57398900225586,-0.73537958117566,LVG2
119.42999999999701,-0.16796875,-0.93115234375,-0.43505859375,3.66625565434175,1.05358290211853,-1.24407920462279,LVG2
119.449999999997,0.00390625,-0.63623046875,-0.533203125,5.6946687972083305,0.5448832786714001,-1.5399337973389,LVG2
119.469999999997,0.37841796875,-0.72119140625,0.1435546875,4.621929842324009,0.195817428272535,-1.59101660471434,LVG2
119.490999999997,0.794921875,-1.37646484375,0.21533203125,1.622943359324,-0.051082807375443996,-1.36752932244678,LVG2
119.51099999999701,0.8076171875,-1.7080078125,-0.0771484375,-0.297983043023422,-0.351194300706176,-0.7502787333268308,LVG2
119.529999999997,0.55322265625,-1.1689453125,0.01806640625,-2.54136966692833,-0.052147032529099004,0.391634856545069,LVG2
119.550999999997,0.314453125,-1.2333984375,0.55419921875,-7.56983351794858,0.40866245900354997,1.5069428175755901,LVG2
119.570999999997,-0.03955078125,-0.62744140625,-0.04150390625,-11.412750547797101,0.515084974369058,1.70276024584813,LVG2
119.59099999999701,-0.1962890625,-0.92041015625,-0.9892578125,-9.382208954623179,-0.159633773048262,1.3909422758271899,LVG2
119.610999999997,-0.283203125,-1.33837890625,-1.0888671875,-5.87026594756142,-0.857765473845994,1.46330958627573,LVG2
119.630999999997,-0.3212890625,-1.138671875,-1.08056640625,-3.63752157519306,-1.4824656390415298,1.6665765906238503,LVG2
119.65099999999701,-0.3701171875,-0.89013671875,-0.84033203125,-2.2721207030535897,-1.85813711828177,1.7506503777626101,LVG2
119.67099999999701,-0.548828125,-0.5966796875,-0.58349609375,-2.05182609624699,-1.81024698636729,1.5612183004120002,LVG2
119.690999999997,-0.59912109375,-0.41015625,-0.6435546875,-2.19975339260505,-1.7506503777626101,1.22811582731796,LVG2
119.711999999997,-0.5927734375,-0.43408203125,-0.78466796875,-2.03799116924948,-1.7580999538381898,0.8524443480777181,LVG2
119.735999999997,-0.6396484375,-0.369140625,-0.71630859375,-1.40584142797836,-1.69211799431158,0.53211257682754,LVG2
119.755999999997,-0.61962890625,-0.2470703125,-0.41259765625,-0.800297315548619,-1.62826448509227,0.27031318902839,LVG2
119.77599999999701,-0.53759765625,-0.54736328125,-0.251953125,-1.1812899205571399,-1.6708334912384701,0.170276024584813,LVG2
119.796999999997,-0.61181640625,-0.82666015625,-0.6142578125,-1.5282273206486898,-1.66125546485558,0.22135883196025602,LVG2
119.81699999999701,-0.65478515625,-0.73486328125,-0.5517578125,-0.47358019337651,-1.4186121298222198,0.300111493330732,LVG2
119.836999999997,-0.68359375,-0.41259765625,-0.23046875,1.4409608580489799,-1.04081220027467,0.46506639214726997,LVG2
119.856999999997,-0.7373046875,-0.16015625,0.0166015625,1.51119971819021,-0.5033784976788521,0.4320754123839621,LVG2
119.87699999999701,-0.630859375,-0.35693359375,-0.16015625,-0.264992063260115,-0.043633231299858,0.15111997181902098,LVG2
119.896999999997,-0.521484375,-0.6689453125,-0.447265625,-1.16106964263769,0.128771243592265,0.10216561475088799,LVG2
119.916999999997,-0.43701171875,-0.6259765625,-0.634765625,-1.29516201199823,0.135156594514195,0.355451201320796,LVG2
119.936999999997,-0.35888671875,-0.31005859375,-0.88525390625,-1.66125546485558,0.15111997181902098,0.5257272259056089,LVG2
119.95699999999701,-0.42236328125,-0.24853515625,-1.04833984375,-1.8027974102917002,-0.055339707990064005,0.483158219759406,LVG2
119.976999999997,-0.546875,-0.3251953125,-0.96533203125,-1.2866482107689898,-0.49805737191057703,0.42781851176934205,LVG2
119.997999999997,-0.57568359375,-0.23876953125,-0.7578125,-0.708773952334283,-0.814132242546135,0.456552590918029,LVG2
120.017999999997,-0.58935546875,-0.1806640625,-0.70068359375,-0.437396538152238,-0.7502787333268308,0.424625836308377,LVG2
120.03799999999701,-0.7578125,-0.18505859375,-0.53466796875,0.36183655224272704,-0.511892298908093,0.28734079148687103,LVG2
120.05799999999701,-0.7294921875,-0.0283203125,-0.3857421875,1.03442684935274,-0.437396538152238,0.036183655224273,LVG2
120.077999999997,-0.580078125,-0.12109375,-0.44677734375,0.8928849039166109,-0.407598233849895,-0.277762765103976,LVG2
120.097999999997,-0.568359375,-0.35107421875,-0.5517578125,0.74602183271221,-0.177725600660398,-0.405469783542585,LVG2
120.11799999999701,-0.58544921875,-0.42724609375,-0.568359375,0.926940108833574,-0.005321125768275,-0.309689519713628,LVG2
120.137999999997,-0.57666015625,-0.31494140625,-0.63330078125,0.896077579377577,0.032990979763308,-0.236257984111428,LVG2
120.157999999997,-0.65869140625,-0.21240234375,-0.6943359375,0.9397108106774351,-0.00212845030731,-0.21497348103832603,LVG2
120.177999999997,-0.689453125,-0.1767578125,-0.67333984375,1.06422515365508,-0.11280786628743801,-0.28095544056494104,LVG2
120.19799999999701,-0.68310546875,-0.21875,-0.75146484375,0.8343525204655821,-0.142606170589781,-0.385249505623139,LVG2
120.217999999997,-0.697265625,-0.296875,-0.7353515625,0.7438933824049,-0.171340249738468,-0.506571173139818,LVG2
120.24299999999701,-0.693359375,-0.35107421875,-0.55224609375,0.7822054879364829,-0.243707560187013,-0.568296232051812,LVG2
120.262999999997,-0.66357421875,-0.51513671875,-0.400390625,0.53424102713485,-0.22135883196025602,-0.5651035565908471,LVG2
120.282999999997,-0.63916015625,-0.6748046875,-0.37109375,0.077688436216821,-0.07023886014123501,-0.49486469644961206,LVG2
120.302999999997,-0.638671875,-0.76171875,-0.45654296875,-0.143670395743436,0.06278928406565,-0.34268049947693496,LVG2
120.323999999997,-0.66943359375,-0.70068359375,-0.44873046875,0.168147574277502,0.08939491290702699,-0.155376872433642,LVG2
120.34399999999701,-0.65087890625,-0.5771484375,-0.42138671875,0.254349811723564,0.072367310448545,-0.08513801229240599,LVG2
120.363999999997,-0.60693359375,-0.55029296875,-0.55322265625,-0.157505322740952,0.04150478099254799,-0.19156052765791398,LVG2
120.383999999997,-0.5654296875,-0.53466796875,-0.662109375,-0.553397079900641,-0.034055204916963,-0.30117571848438696,LVG2
120.40399999999701,-0.58984375,-0.615234375,-0.65771484375,-0.5384979277494699,-0.158569547894607,-0.30117571848438696,LVG2
120.42399999999701,-0.6357421875,-0.5126953125,-0.568359375,-0.249028685955288,-0.242643335033358,-0.230936858343152,LVG2
120.443999999997,-0.60888671875,-0.3955078125,-0.66259765625,-0.5427548283640901,-0.21923038165294603,-0.19794587857984502,LVG2
120.463999999997,-0.6279296875,-0.47314453125,-0.7802734375,-0.814132242546135,-0.22135883196025602,-0.236257984111428,LVG2
120.48399999999701,-0.658203125,-0.59228515625,-0.64208984375,-0.444846114227823,-0.30436839394535303,-0.23200108349680698,LVG2
120.50499999999701,-0.658203125,-0.625,-0.46484375,-0.250092911108944,-0.373543028932933,-0.20007432888715498,LVG2
120.52499999999701,-0.67236328125,-0.61669921875,-0.50048828125,-0.531048351673884,-0.34268049947693496,-0.122385892670334,LVG2
120.544999999997,-0.6904296875,-0.70361328125,-0.50341796875,-0.36290077739638205,-0.30649684425266305,0.040440555838893,LVG2
120.564999999997,-0.64306640625,-0.6708984375,-0.46044921875,-0.225615732574877,-0.27669853995032107,0.18091827612136302,LVG2
120.588999999997,-0.599609375,-0.5283203125,-0.76171875,-0.630021290963807,-0.37247880377927794,0.227744182882187,LVG2
120.609999999997,-0.6416015625,-0.4912109375,-0.724609375,-0.275634314796665,-0.5895807351249139,0.169211799431158,LVG2
120.62999999999701,-0.61767578125,-0.486328125,-0.62646484375,-0.06278928406565,-0.7204804290244878,0.123450117823989,LVG2
120.64999999999701,-0.638671875,-0.50537109375,-0.67578125,-0.235193758957772,-0.702388601412352,0.19156052765791398,LVG2
120.669999999997,-0.69091796875,-0.5087890625,-0.79296875,-0.302239943638043,-0.742829157251245,0.32778134732576397,LVG2
120.689999999997,-0.70703125,-0.48486328125,-0.84765625,-0.241579109879703,-0.857765473845994,0.41079090931086,LVG2
120.70999999999701,-0.79345703125,-0.3173828125,-0.77490234375,-0.013834926997516001,-1.09083078249646,0.47677286883747494,LVG2
120.729999999997,-0.82861328125,-0.4267578125,-0.6748046875,-0.09045913806068198,-1.34198791875905,0.4714517430692,LVG2
120.749999999997,-0.79345703125,-0.47705078125,-0.6005859375,-0.20433122950177499,-1.55589717464373,0.33523092340134997,LVG2
120.76999999999701,-0.7861328125,-0.447265625,-0.48779296875,-0.051082807375443996,-1.6889253188506101,0.150055746665366,LVG2
120.78999999999701,-0.8388671875,-0.47998046875,-0.17724609375,0.178789825814053,-1.53354844641697,0.061725058911995,LVG2
120.809999999997,-0.94091796875,-0.4912109375,0.0185546875,-0.148991521511711,-1.2451434297764399,0.08300956198509599,LVG2
120.830999999997,-0.9208984375,-0.5986328125,-0.06884765625,-0.003192675460965,-0.9216189830652979,0.188367852196949,LVG2
120.850999999997,-0.91455078125,-0.7119140625,-0.0419921875,0.303304168791697,-0.543819053517745,0.33735937370866,LVG2
120.874999999997,-1.34814453125,-0.865234375,-0.02294921875,0.6917463498758011,-0.313946420328248,0.5874522848176039,LVG2
120.89499999999701,-1.126953125,-0.494140625,-0.5810546875,0.704517051719662,-0.43420386269127204,0.974830240748052,LVG2
120.91599999999701,-1.03369140625,-0.33203125,-1.0078125,-0.36183655224272704,-0.60980101304436,1.0993445837256999,LVG2
120.93599999999701,-0.91845703125,-0.31103515625,-0.7666015625,-1.01846347204791,-1.02378459781619,1.05464712727218,LVG2
120.955999999997,-0.9541015625,0.150390625,-0.443359375,-2.27105647789994,-1.3047400383811298,0.9727017904407421,LVG2
120.975999999997,-0.7529296875,0.08154296875,0.64501953125,-0.345873174937901,-1.13127133833535,0.642791992807668,LVG2
120.99599999999701,-0.759765625,-0.22509765625,0.80810546875,1.04081220027467,-0.123450117823989,0.19688165342619002,LVG2
121.015999999997,-0.6279296875,-0.39306640625,0.62841796875,2.3146897091997998,0.818389143160756,-0.220294606806601,LVG2
121.03699999999701,-0.5361328125,-0.56640625,-0.27978515625,2.25828577605608,1.49097944027077,-0.328845572479419,LVG2
121.06099999999701,-0.7421875,-0.32763671875,-0.6171875,1.77087065568205,1.30261158807382,-0.35757965162810706,LVG2
121.080999999997,-0.88330078125,-0.03759765625,-0.02490234375,3.42041964384742,0.701324376258697,-0.7119666277952479,LVG2
121.100999999997,-0.65869140625,-0.30810546875,0.08935546875,4.7038751791554505,0.610865238198015,-0.992922068360189,LVG2
121.121999999997,-0.03515625,-0.29296875,-0.6923828125,1.40584142797836,1.05251867696487,-1.03016994873812,LVG2
121.14199999999701,-0.18994140625,-0.2490234375,-1.16015625,-0.2969188178697669,1.02910572358446,-1.01739924689426,LVG2
121.16199999999701,-0.59375,-0.3056640625,-0.8251953125,1.21002399970582,0.26605628841377,-0.891820678762956,LVG2
121.18599999999701,-0.4990234375,-0.38232421875,-0.2568359375,1.8719720452792799,-0.008513801229241,-0.7034528265660072,LVG2
121.205999999997,-0.5361328125,-0.4091796875,-0.2900390625,0.9652522143651571,0.240514884726048,-0.630021290963807,LVG2
121.226999999997,-0.7392578125,-0.66943359375,-0.07568359375,0.44058921361320297,0.42249738600106607,-0.6002229866614649,LVG2
121.246999999997,-0.8544921875,-0.95703125,0.1064453125,0.008513801229241,0.5661677817445021,-0.395891757159689,LVG2
121.26699999999701,-0.857421875,-1.029296875,-0.08935546875,-0.7119666277952479,0.88011420207275,-0.11387209144109299,LVG2
121.28699999999701,-0.8076171875,-0.82568359375,-0.2744140625,-1.29303356169092,1.14297781502556,0.023412953380412004,LVG2
121.306999999997,-0.86328125,-0.689453125,-0.298828125,-1.27068483346416,1.10572993464763,0.055339707990064005,LVG2
121.326999999997,-0.90283203125,-0.72607421875,-0.49853515625,-1.50587859242194,0.8567012486923391,0.032990979763308,LVG2
121.347999999997,-0.82177734375,-0.5927734375,-0.72900390625,-1.84430219128425,0.547011728978711,-0.065981959526615,LVG2
121.371999999997,-0.80029296875,-0.49755859375,-0.70263671875,-1.6825399679286799,0.10003716444357699,0.09045913806068198,LVG2
121.39199999999701,-1.03369140625,-0.5986328125,-0.58642578125,-1.5197135194194498,-0.012770701843860999,0.10961519082647302,LVG2
121.41199999999701,-1.41259765625,-0.7333984375,-0.57373046875,-1.06209670334777,-0.014899152151171002,0.00638535092193,LVG2
121.43299999999701,-1.4619140625,-0.72607421875,-0.7119140625,0.7066455020269731,0.37247880377927794,0.275634314796665,LVG2
121.452999999997,-1.1689453125,-0.64111328125,-0.88623046875,1.88474274712315,0.042569006146202994,0.5608466559762271,LVG2
121.472999999997,-0.63720703125,-0.40625,-0.8232421875,2.7457008964301,-0.41079090931086,0.48422244491306105,LVG2
121.49299999999701,-0.36279296875,-0.3583984375,-0.34716796875,3.03836281368525,-0.41611203507913597,0.455488365764374,LVG2
121.512999999997,-0.39990234375,-0.53759765625,-0.3173828125,3.8588804071533196,-0.4427176639205129,0.515084974369058,LVG2
121.53399999999701,-0.59619140625,-0.53271484375,-0.28076171875,7.3867867915199,-0.9801513665163281,0.435268087844927,LVG2
121.553999999997,-0.68798828125,-0.15283203125,0.11572265625,9.33006192209408,-0.87585730145813,0.075559985909511,LVG2
121.577999999997,-0.689453125,0.43505859375,0.3310546875,7.11647360249151,-0.520406100137334,-0.680039873185596,LVG2
121.597999999997,-0.763671875,0.6328125,0.56396484375,6.922784624526289,-0.387377955930449,-1.62932871024593,LVG2
121.61799999999701,-0.462890625,0.87841796875,0.654296875,6.91746349875801,-0.595966086046844,-3.02239943638042,LVG2
121.63899999999701,0.111328125,0.10302734375,0.43310546875,4.68791180185062,-0.608736787890705,-4.37928650729065,LVG2
121.65899999999701,0.28125,-0.37158203125,0.30224609375,3.4480894978424597,-0.684296773800216,-4.919912885347429,LVG2
121.677999999997,0.46923828125,-0.21875,0.02587890625,3.89506406237759,-1.66444814031654,-5.2381162062903,LVG2
121.702999999997,0.923828125,-1.06396484375,-0.1845703125,3.29909797633075,-2.1859184656075303,-4.9624818914936295,LVG2
121.722999999997,0.9130859375,-2.06298828125,0.0283203125,2.6605628841377,-1.8474948667452198,-3.8535592813850403,LVG2
121.743999999997,0.3916015625,-1.7177734375,0.12841796875,3.41297006777184,-2.3966350460312404,-2.74250822096914,LVG2
121.76399999999701,0.02099609375,-0.8662109375,-0.150390625,4.2004966814766,-3.38423598862315,-1.8879354225841103,LVG2
121.78399999999701,0.4072265625,-0.91943359375,0.236328125,3.91209166483607,-3.3608230352427406,-1.44841043412456,LVG2
121.803999999997,0.1591796875,-0.9228515625,1.54638671875,4.14409274833288,-2.43281870125551,-1.33773101814443,LVG2
121.823999999997,-0.28857421875,-0.8935546875,1.64404296875,2.8127470811103703,-2.00712863979348,-1.28451976046168,LVG2
121.84399999999701,-0.28271484375,-0.76953125,1.13232421875,2.45410320432861,-2.31043280858518,-1.1983175230156202,LVG2
121.863999999997,-0.02978515625,-0.40771484375,1.00341796875,2.2008176177587004,-2.84680228602734,-1.01314234627964,LVG2
121.883999999997,0.05859375,-0.587890625,1.77197265625,1.91773372688645,-2.4945437601675002,-1.05039022665756,LVG2
121.90399999999701,0.0263671875,-0.740234375,1.9306640625,1.75384305322357,-1.84536641643791,-1.08870233218915,LVG2
121.92399999999701,0.08544921875,-0.70947265625,1.43115234375,1.5420622476462098,-1.6580627893946103,-0.9546099628286059,LVG2
121.943999999997,0.37451171875,-0.5751953125,1.017578125,1.60165885625089,-1.7836413575259098,-0.801361540702275,LVG2
121.964999999997,0.546875,-0.6396484375,1.0546875,1.959238507879,-1.5271630954950401,-0.6949390253367671,LVG2
121.984999999997,0.3857421875,-0.478515625,0.96484375,2.2699922527462797,-1.27281328377147,-0.531048351673884,LVG2
122.00499999999701,0.33203125,-0.3330078125,0.80517578125,2.01351399071541,-1.3888138255198799,-0.328845572479419,LVG2
122.023999999997,0.40087890625,-0.21875,0.85986328125,2.11355115515899,-1.5016216918073202,-0.10855096567281801,LVG2
122.044999999997,0.380859375,-0.091796875,0.89794921875,1.73149432499681,-1.3717862230613997,-0.018091827612136003,LVG2
122.064999999997,0.427734375,-0.16552734375,0.90283203125,0.9056556057604721,-1.2430149794691299,0.024477178534067005,LVG2
122.08499999999701,0.54296875,-0.2529296875,0.96533203125,0.768370560938967,-1.20363864878389,0.00638535092193,LVG2
122.104999999997,0.56201171875,0.14013671875,1.13525390625,1.01739924689426,-1.1536200665621101,0.009578026382896,LVG2
122.124999999997,0.55029296875,0.3828125,1.0849609375,0.485286670066716,-0.8992702548385421,0.061725058911995,LVG2
122.145999999997,0.5712890625,0.103515625,0.9130859375,0.42781851176934205,-0.6715260719563549,0.27031318902839,LVG2
122.16599999999701,0.61083984375,-0.2470703125,1.02685546875,1.53248422126331,-0.638535092193047,0.239450659572393,LVG2
122.18599999999701,0.52880859375,0.1044921875,0.9716796875,1.58675970409972,-0.456552590918029,0.06917463498758,LVG2
122.205999999997,0.53173828125,0.20458984375,0.6357421875,1.22598737701065,-0.43420386269127204,-0.11174364113378302,LVG2
122.225999999997,0.5732421875,-0.03173828125,0.8779296875,1.68573264338965,-0.250092911108944,-0.20007432888715498,LVG2
122.246999999997,0.634765625,-0.11669921875,1.02783203125,1.1206290867988,-0.10429406505819801,-0.21497348103832603,LVG2
122.26699999999701,0.35205078125,0.05859375,0.5263671875,0.194753203118879,-0.06491773437296,-0.135156594514195,LVG2
122.28699999999701,0.24853515625,0.353515625,0.466796875,0.04895435706813401,-0.005321125768275,-0.230936858343152,LVG2
122.31099999999701,0.49560546875,0.6328125,0.98974609375,-0.788590838858414,-0.30649684425266305,-1.1174364113378301,LVG2
122.330999999997,0.62060546875,0.52490234375,0.767578125,-1.5388695721852401,-0.6278928406564971,-1.3973276267491201,LVG2
122.351999999997,0.17236328125,0.80810546875,0.5390625,-0.928004333987229,-0.553397079900641,-1.49097944027077,LVG2
122.371999999997,0.25244140625,1.03662109375,0.7060546875,-1.78896248329419,-0.6268286155028421,-1.48672253965615,LVG2
122.39199999999701,0.74267578125,0.8994140625,0.95166015625,-4.1174871194915,-0.801361540702275,-1.7719348808357098,LVG2
122.41199999999701,1.017578125,0.39794921875,0.7060546875,-5.787256385576321,-1.10785838495494,-1.9890368121813402,LVG2
122.431999999997,1.43212890625,-0.70849609375,0.29638671875,-5.42222715787263,-0.5448832786714001,-1.530355770956,LVG2
122.451999999997,1.47607421875,-1.39501953125,0.12353515625,-3.23311601680413,0.008513801229241,-0.7662421106316569,LVG2
122.47199999999701,1.01953125,-0.5810546875,0.4296875,-3.3544376843208097,0.06385350921930501,-0.168147574277502,LVG2
122.491999999997,0.81396484375,-0.0517578125,0.84521484375,-6.74399479871224,-0.079816886524131,0.26286361295280397,LVG2
122.511999999997,0.7275390625,0.06005859375,0.8662109375,-9.665292845495431,-0.31288219517459304,0.179854050967708,LVG2
122.53199999999701,0.85205078125,-0.38330078125,0.19189453125,-9.915385756604369,-0.12983546874592,-0.188367852196949,LVG2
122.552999999997,0.787109375,-0.6533203125,0.10302734375,-8.43185589240919,0.015963377304826,-0.292661917255147,LVG2
122.57299999999701,0.7314453125,-0.80517578125,0.3369140625,-7.66561378177754,0.307561069406318,-0.11067941598012801,LVG2
122.592999999996,0.60009765625,-1.10791015625,0.32421875,-6.2576439034918705,0.562975106283537,0.11280786628743801,LVG2
122.61299999999599,0.6171875,-1.236328125,0.30126953125,-4.94013316326688,0.73537958117566,0.170276024584813,LVG2
122.63299999999599,0.703125,-1.36669921875,-0.04638671875,-3.84610970530946,0.87585730145813,0.243707560187013,LVG2
122.652999999996,0.7509765625,-1.25927734375,-0.21533203125,-2.88511439155892,0.908848281221438,0.44803878968878796,LVG2
122.672999999996,0.75048828125,-1.138671875,-0.17578125,-2.96918817869767,0.8928849039166109,0.576810033281053,LVG2
122.69299999999599,0.755859375,-0.869140625,-0.0771484375,-4.0887530403428105,0.984408267130948,0.488479345527681,LVG2
122.712999999996,0.673828125,-0.8798828125,-0.49169921875,-4.0749181133453,0.770499011246277,0.681104098339251,LVG2
122.732999999996,0.65478515625,-0.826171875,-0.66064453125,-3.68221903164657,0.67897564803194,0.701324376258697,LVG2
122.75299999999599,0.62548828125,-0.73193359375,-0.55029296875,-4.28669891892266,0.872664625997165,0.7843339382437929,LVG2
122.773999999996,0.6005859375,-0.7841796875,-0.8193359375,-4.235616111547221,0.809875341931515,0.910976731528748,LVG2
122.797999999996,0.4169921875,-0.68212890625,-0.75634765625,-2.7872056774226497,0.051082807375443996,0.8322240701582719,LVG2
122.81799999999599,0.37451171875,-0.693359375,-0.509765625,-2.65311330806211,-0.329909797633074,0.555525530207951,LVG2
122.837999999996,0.39599609375,-0.9287109375,-0.3837890625,-3.05219774068277,-0.021284503073102003,0.522534550444644,LVG2
122.858999999996,0.28564453125,-1.13134765625,-0.4306640625,-2.0018075140252,-0.024477178534067005,0.632149741271117,LVG2
122.878999999996,0.13818359375,-1.18701171875,-0.15283203125,0.228808408035842,-0.567232006898157,0.641727767654013,LVG2
122.898999999996,0.02001953125,-1.28662109375,0.0966796875,1.31538228991768,-0.529984126520229,0.658755370112494,LVG2
122.91899999999599,0.05908203125,-1.11279296875,0.13623046875,2.99366535723174,-0.174532925199433,0.639599317346702,LVG2
122.938999999996,0.00146484375,-0.8310546875,0.10791015625,5.48501644193828,-0.320331771250179,0.28946924179418104,LVG2
122.958999999996,0.15869140625,-0.6298828125,0.2734375,8.391415336570299,-0.830095619850962,-0.21710193134563602,LVG2
122.97899999999599,0.587890625,-0.6015625,0.44482421875,8.507415878318701,-0.5778742584347081,-0.379928379854863,LVG2
122.99899999999599,0.84716796875,-0.439453125,0.216796875,5.69786147266929,0.307561069406318,-0.53424102713485,LVG2
123.018999999996,0.8359375,-0.7177734375,0.15283203125,5.09870271116149,0.38844218108410405,-0.913105181836058,LVG2
123.038999999996,0.818359375,-0.57177734375,-0.142578125,5.14233594246134,0.08300956198509599,-0.779012812475518,LVG2
123.05899999999599,0.81982421875,-0.62890625,-0.59326171875,6.06182647521933,0.10535829021185301,-0.29904726817707694,LVG2
123.07999999999599,0.58447265625,-0.3310546875,-0.57373046875,8.48081024947732,-0.4235616111547221,0.07343153560220099,LVG2
123.099999999996,0.5068359375,-0.02978515625,0.0517578125,7.8997433155816505,-1.4718233875049698,0.141541945436126,LVG2
123.119999999996,0.5380859375,-0.14501953125,0.67138671875,5.09444581054686,-1.77938445691129,0.323524446711144,LVG2
123.139999999996,0.7314453125,-0.39501953125,0.97119140625,3.8205683016217296,-1.2515287806983701,0.003192675460965,LVG2
123.15999999999599,0.60791015625,-0.068359375,1.07666015625,3.19267546096524,-0.6651407210344239,-0.6651407210344239,LVG2
123.179999999996,0.40087890625,0.119140625,0.92333984375,1.0780600806526,-0.20539545465543,-1.34943749483464,LVG2
123.199999999996,0.509765625,-0.67919921875,0.349609375,0.8343525204655821,0.225615732574877,-1.9858441367203798,LVG2
123.21999999999599,0.95654296875,-0.677734375,0.60205078125,3.71521001140988,-0.04150478099254799,-1.94008245511321,LVG2
123.239999999996,0.91845703125,0.07568359375,0.64990234375,3.44596104753515,-0.33948782401597,-1.47288761265863,LVG2
123.259999999996,0.8662109375,-0.44775390625,0.2734375,1.81769656244288,-0.610865238198015,-1.48352986419518,LVG2
123.280999999996,1.22314453125,-1.0751953125,0.25927734375,2.5136998129332997,-0.843930546848478,-1.0312341738917699,LVG2
123.300999999996,1.25390625,-0.5166015625,0.51171875,2.6722693608279,-1.0099496708186702,0.04682590676082401,LVG2
123.32099999999599,0.89794921875,0.197265625,0.95703125,1.60697998201917,-1.15681274202307,0.641727767654013,LVG2
123.340999999996,0.8095703125,0.06103515625,1.05029296875,0.876921526611785,-1.2472718800837501,0.38312105531582796,LVG2
123.360999999996,0.8583984375,0.05126953125,1.07666015625,-0.008513801229241,-1.194060622401,0.19688165342619002,LVG2
123.38099999999599,0.927734375,0.19970703125,1.38525390625,-1.01739924689426,-1.14617049048652,0.41398358477182595,LVG2
123.40099999999599,0.841796875,0.2109375,1.54541015625,-0.93864658552378,-0.7194162038708342,0.401212882927965,LVG2
123.420999999996,0.9013671875,0.01171875,1.44775390625,-0.316074870635558,-0.34055204916962495,0.04150478099254799,LVG2
123.440999999996,0.9140625,-0.42724609375,0.87109375,-0.548075954132366,-0.04150478099254799,-0.11174364113378302,LVG2
123.46099999999599,0.65087890625,-0.88525390625,0.5400390625,-0.021284503073102003,-0.074495760755856,-0.27989121541128603,LVG2
123.480999999996,0.75830078125,-0.84375,0.72216796875,1.6261360347849598,-0.41717626023279103,-0.025541403687721998,LVG2
123.500999999996,0.87109375,-0.33447265625,0.74755859375,2.33916688773386,-0.4235616111547221,0.29372614240880196,LVG2
123.520999999996,0.77392578125,-0.27587890625,0.69921875,1.53248422126331,-0.21390925588467102,0.365029227703692,LVG2
123.54099999999599,0.80615234375,-0.29345703125,0.86669921875,1.07167472973066,-0.251157136262599,0.47677286883747494,LVG2
123.560999999996,0.86474609375,0.00537109375,1.052734375,0.520406100137334,-0.242643335033358,0.825838719236341,LVG2
123.580999999996,0.8583984375,0.37646484375,1.1787109375,-0.606608337583395,-0.04895435706813401,1.2355654033935501,LVG2
123.60099999999599,0.84228515625,0.439453125,1.169921875,-1.49630056603904,0.155376872433642,1.34518059422002,LVG2
123.62199999999599,0.8671875,0.13525390625,0.99560546875,-1.7974762845234298,0.310753744867283,1.09083078249646,LVG2
123.640999999996,0.8134765625,-0.06640625,0.89501953125,-1.3781715739833302,0.6002229866614649,1.01314234627964,LVG2
123.66599999999599,0.732421875,-0.0009765625,0.87255859375,-1.2494003303910601,0.9322612346018492,1.02697727327715,LVG2
123.68699999999599,0.595703125,-0.03564453125,0.68359375,-1.66444814031654,1.16426231809866,0.9801513665163281,LVG2
123.706999999996,0.4892578125,0.02978515625,0.5048828125,-1.7506503777626101,1.29090511138361,0.6864252241075259,LVG2
123.726999999996,0.52685546875,0.0,0.42529296875,-2.15186326069057,1.40796987828567,0.26179938779914896,LVG2
123.74699999999599,0.50537109375,-0.3154296875,0.0048828125,-3.0436839394535298,1.69531066977254,0.06491773437296,LVG2
123.76699999999599,0.55419921875,-0.7978515625,-0.1201171875,-2.4094057478751,1.61655800840207,-0.030862529455997004,LVG2
123.786999999996,0.56005859375,-0.66552734375,0.05908203125,-0.387377955930449,1.0652893788087299,-0.34480894978424603,LVG2
123.806999999996,0.7568359375,-0.31689453125,0.2158203125,0.310753744867283,0.352258525859831,-0.36396500255003705,LVG2
123.82699999999599,0.8330078125,-0.515625,0.1591796875,-0.235193758957772,0.031926754609652,-0.11387209144109299,LVG2
123.846999999996,0.66748046875,-0.4755859375,0.1435546875,0.036183655224273,0.14686307120440098,-0.032990979763308,LVG2
123.866999999996,0.5556640625,-0.48779296875,0.32421875,0.9067198309141271,-0.137285044821505,-0.036183655224273,LVG2
123.886999999996,0.58642578125,-0.6630859375,0.6591796875,2.02734891771293,-0.907784056067782,0.086202237446062,LVG2
123.907999999996,0.66064453125,-0.71337890625,0.73388671875,1.5984661807899299,-1.1333997886426599,0.011706476690206002,LVG2
123.926999999996,0.71923828125,-0.87548828125,0.67041015625,0.8662792750752341,-0.904591380606817,0.045761681607168,LVG2
123.95199999999599,0.59814453125,-0.7294921875,0.65283203125,1.54631914826083,-0.941839260984745,0.36077232708907203,LVG2
123.971999999996,0.77099609375,-0.64794921875,0.8193359375,1.7272374243821897,-1.21640935062776,0.5693604572054671,LVG2
123.991999999996,0.91796875,-0.5771484375,0.8837890625,1.48459408934884,-1.03336262419908,0.788590838858414,LVG2
124.012999999996,0.85791015625,-0.60498046875,0.62548828125,1.3558228457565702,-0.685360998953871,0.889692228455646,LVG2
124.032999999996,0.69580078125,-0.548828125,0.45849609375,2.3540660398850397,-0.594901860893189,0.537433702595815,LVG2
124.05299999999599,0.74169921875,-0.32373046875,0.71142578125,2.9766377547732596,-0.8779857517654399,0.492736246142302,LVG2
124.07699999999599,0.6884765625,0.2724609375,0.5810546875,2.74357244612279,-0.8598939241533041,0.537433702595815,LVG2
124.09799999999599,0.65380859375,0.15966796875,0.384765625,2.8595729878712004,-0.7800770376291729,0.461873716686304,LVG2
124.11799999999599,0.72607421875,0.51123046875,0.9912109375,3.86207308261428,-0.6119294633516701,0.31288219517459304,LVG2
124.137999999996,1.2421875,0.9609375,1.599609375,2.3976992711848903,-0.12557856813129903,0.67259029711001,LVG2
124.157999999996,-0.35546875,0.43505859375,1.2705078125,0.42994696207665206,1.71659517284564,-0.06278928406565,LVG2
124.17799999999599,-0.15576171875,-0.17529296875,0.5966796875,0.9524815125212959,0.744957607558555,-1.5920808298679998,LVG2
124.197999999996,0.77783203125,-0.03857421875,1.0595703125,2.65737020867673,-0.09578026382895699,-1.3356025678371202,LVG2
124.217999999996,0.3232421875,0.15380859375,1.0400390625,1.83578839005501,0.195817428272535,-1.1376566892572801,LVG2
124.23799999999599,0.24853515625,0.36865234375,0.66357421875,-0.322460221557489,-0.141541945436126,-0.792847739473034,LVG2
124.25799999999599,0.77099609375,0.17333984375,0.65771484375,-1.7463934771479899,-0.292661917255147,-0.36609345285734707,LVG2
124.277999999996,0.7880859375,0.13232421875,0.9658203125,-2.73931554550817,0.04150478099254799,-0.502314272525197,LVG2
124.297999999996,0.53271484375,0.34765625,0.7490234375,-4.39524988459548,0.21390925588467102,-0.6129936885053261,LVG2
124.31799999999599,1.083984375,-0.02978515625,-0.279296875,-4.554883657643741,0.28840501664052604,-0.6534342443442189,LVG2
124.33899999999599,1.31591796875,-0.287109375,-0.10986328125,-1.928375978423,0.36290077739638205,-0.862022374460614,LVG2
124.358999999996,1.2275390625,-0.021484375,0.61669921875,-1.0046285450504,0.178789825814053,-0.6715260719563549,LVG2
124.38299999999599,1.34375,-0.326171875,0.58251953125,-3.2033177125017898,-0.058532383451029006,-0.249028685955288,LVG2
124.40399999999599,1.3671875,-0.85595703125,-0.4560546875,-4.17814795324984,0.076624211063166,0.158569547894607,LVG2
124.423999999996,1.080078125,-0.35205078125,-0.1826171875,-1.49630056603904,-0.06385350921930501,0.07023886014123501,LVG2
124.443999999996,1.0576171875,-0.07275390625,0.5224609375,-0.297983043023422,-0.5640393314371921,-0.005321125768275,LVG2
124.46399999999599,1.064453125,-0.69921875,0.4208984375,-0.34268049947693496,-0.6651407210344239,0.19794587857984502,LVG2
124.483999999996,0.892578125,-0.98828125,0.02490234375,1.08125275611356,-0.5416906032104349,0.492736246142302,LVG2
124.503999999996,0.9541015625,0.01220703125,0.57861328125,3.06071154191201,-0.5416906032104349,0.7258015547927641,LVG2
124.523999999996,0.81884765625,-0.09765625,0.6396484375,3.28951994994785,-0.16601912397019197,1.41116255374663,LVG2
124.54399999999599,0.70166015625,-0.21533203125,0.564453125,5.15936354491982,0.332038247940385,1.8645224692037,LVG2
124.563999999996,0.787109375,0.7216796875,1.16845703125,6.243808976494349,0.21178080557736104,2.10184467846878,LVG2
124.583999999996,1.0966796875,0.27099609375,1.24169921875,3.1745836333531,-0.030862529455997004,2.04544074532506,LVG2
124.60399999999599,0.94091796875,0.53564453125,1.3056640625,1.6452920875507502,0.6513057940369079,1.8485590918988701,LVG2
124.62399999999599,0.4609375,0.548828125,1.4111328125,0.5693604572054671,1.09295923280377,1.5016216918073202,LVG2
124.643999999996,0.5322265625,0.13818359375,1.53271484375,-0.616186363966291,0.772627461553587,1.2238589267033402,LVG2
124.663999999996,0.482421875,-0.56396484375,1.45654296875,-0.988665167745568,0.07130308529489,1.39413495128815,LVG2
124.68399999999599,0.216796875,0.02734375,1.27685546875,-1.25578568131299,-0.648113118575943,1.26217103223492,LVG2
124.703999999996,0.4111328125,0.26611328125,1.2451171875,-3.28313459902592,-1.52503464518773,0.893949129070266,LVG2
124.724999999996,0.79296875,0.05224609375,0.72509765625,-4.946518514188809,-1.71233827223102,0.8886280033019909,LVG2
124.744999999996,1.14306640625,-0.580078125,0.66796875,-5.88090819909797,-0.150055746665366,0.982279816823638,LVG2
124.764999999996,0.88134765625,-0.56640625,0.71484375,-6.17357011635311,2.3679009668825497,-0.2788269902576311,LVG2
124.788999999996,0.3291015625,-0.58642578125,-0.2216796875,-6.09268900467533,2.53072741539178,-1.59101660471434,LVG2
124.809999999996,0.14306640625,-1.3623046875,-0.5791015625,-3.80566914947056,1.09402345795742,-0.5363694774421599,LVG2
124.82999999999599,0.21484375,-1.12744140625,-0.384765625,-1.7463934771479899,-0.7066455020269731,0.21071658042370603,LVG2
124.849999999996,0.66845703125,-0.60986328125,-0.34228515625,-0.9343896849091591,-1.0855096567281801,0.8354167456192372,LVG2
124.869999999996,0.48095703125,-0.77685546875,0.0263671875,0.41824048538644604,-1.29516201199823,1.81450388698191,LVG2
124.889999999996,0.0771484375,-0.736328125,0.03759765625,2.01883511648368,-1.65487011393365,1.3473090445273301,LVG2
124.90999999999599,0.2451171875,-0.78466796875,0.240234375,3.6151728469663,-1.37923579913698,0.407598233849895,LVG2
124.929999999996,0.5810546875,-0.29931640625,0.72314453125,4.895435706813361,-0.133028144206885,-0.137285044821505,LVG2
124.949999999996,0.26904296875,0.3271484375,0.9267578125,5.064647506244519,0.428882736922997,-0.733251130868349,LVG2
124.96999999999599,0.19970703125,0.259765625,0.970703125,5.329639569504639,0.16601912397019197,-1.58995237956069,LVG2
124.989999999996,0.49462890625,0.26123046875,1.37841796875,4.77092136383572,-0.147927296358056,-1.35795129606388,LVG2
125.009999999996,0.91943359375,-0.10595703125,1.10546875,3.28313459902592,-0.47358019337651,-1.05996825304046,LVG2
125.030999999996,0.572265625,-0.4736328125,0.61474609375,3.2927126254088197,-0.12983546874592,-1.2515287806983701,LVG2
125.050999999996,0.1064453125,0.0927734375,0.744140625,3.93018349244821,0.384185280469484,-1.1344640137963102,LVG2
125.074999999996,0.568359375,0.57470703125,1.60498046875,2.34555223865579,0.101101389597233,-1.47075916235132,LVG2
125.09499999999599,0.68701171875,0.43994140625,0.8681640625,-0.317139095789214,-0.045761681607168,-2.2242305711391204,LVG2
125.11599999999599,1.22412109375,-0.30078125,-0.1396484375,-1.48991521511711,-0.258606712338184,-2.64247105652556,LVG2
125.13599999999599,1.5634765625,-0.86962890625,0.5302734375,0.2969188178697669,0.035119430070618,-1.7751275562966697,LVG2
125.155999999996,1.39453125,-0.759765625,0.66552734375,0.900334479992197,0.47358019337651,-0.930132784294539,LVG2
125.175999999996,1.337890625,-0.57958984375,0.7421875,0.233065308650462,0.41398358477182595,-0.492736246142302,LVG2
125.19599999999599,1.21142578125,-0.46875,0.75390625,-1.13659246410362,0.43420386269127204,0.147927296358056,LVG2
125.215999999996,1.05712890625,-0.244140625,0.88232421875,-2.3828001190337202,0.42994696207665206,0.9311970094481941,LVG2
125.236999999996,1.029296875,0.20947265625,0.99462890625,-3.17990475912138,0.22135883196025602,1.3622081966784998,LVG2
125.26099999999599,0.9482421875,0.52099609375,1.02392578125,-5.00611512279349,0.42675428661568704,1.0780600806526,LVG2
125.280999999996,1.0009765625,0.7119140625,1.06640625,-6.72803142140741,0.575745808127398,0.7651778854780021,LVG2
125.300999999996,0.9951171875,1.0263671875,0.80859375,-7.47937437988789,0.435268087844927,0.7736916867072429,LVG2
125.32099999999599,0.85791015625,0.04833984375,-0.12060546875,-9.54397117797875,-0.29372614240880196,1.9943579379496201,LVG2
125.34199999999599,0.708984375,-1.16162109375,-0.18310546875,-7.48256705534886,0.41717626023279103,1.16213386779135,LVG2
125.36599999999599,0.4169921875,-1.6708984375,-0.08935546875,-1.22705160216431,0.9067198309141271,0.7492145081731759,LVG2
125.38599999999599,0.43798828125,-0.837890625,0.50048828125,2.34874491411676,-0.10642251536550801,1.01846347204791,LVG2
125.405999999996,0.60400390625,-1.3046875,0.46923828125,3.03623436337794,-0.264992063260115,1.05251867696487,LVG2
125.426999999996,0.42529296875,-1.58447265625,0.064453125,6.220396023113941,0.6821683234929059,-0.042569006146202994,LVG2
125.446999999996,0.47607421875,-0.09619140625,0.7001953125,9.00760170053659,0.639599317346702,-1.07593163034528,LVG2
125.46699999999599,0.5869140625,0.55810546875,1.43505859375,5.889422000327211,-0.19049630250425897,-0.9258758836799191,LVG2
125.49099999999599,0.615234375,-0.13427734375,1.17431640625,0.904591380606817,-0.393763306852379,-0.5565897553616059,LVG2
125.51099999999599,0.47607421875,-0.51123046875,0.63671875,-0.128771243592265,0.17240447489212302,-0.7236731044854541,LVG2
125.53199999999599,0.21923828125,-0.61669921875,0.5634765625,0.648113118575943,0.33735937370866,-0.5384979277494699,LVG2
125.551999999996,-0.01416015625,-0.33251953125,0.6259765625,1.03868374996736,0.169211799431158,-0.192624752811569,LVG2
125.571999999996,0.0224609375,-0.18896484375,0.6923828125,0.415047809925481,-0.11280786628743801,0.225615732574877,LVG2
125.595999999996,0.1650390625,-0.0107421875,0.5146484375,-1.0471975511966,-0.16708334912384698,0.535305252288505,LVG2
125.61599999999599,0.21826171875,-0.3115234375,0.37841796875,-1.71340249738468,0.225615732574877,0.135156594514195,LVG2
125.636999999996,0.3232421875,-0.90478515625,0.3671875,-2.33916688773386,0.159633773048262,0.028734079148687,LVG2
125.65699999999599,0.58740234375,-0.900390625,0.71875,-2.6360857056036298,-0.311817970020938,0.30436839394535303,LVG2
125.676999999996,0.49755859375,-0.78125,0.884765625,-2.63289303014267,0.164954898816537,0.38099260500851795,LVG2
125.69599999999599,0.23828125,-0.7412109375,0.7314453125,-2.18485424045388,1.04826177635025,0.504442722832507,LVG2
125.720999999996,0.47412109375,-1.037109375,0.62255859375,-2.4658096810188197,1.00037164443577,1.18022569540348,LVG2
125.741999999996,0.54345703125,-0.982421875,0.416015625,-2.05608299686161,0.985472492284603,1.2674921580032,LVG2
125.761999999996,0.20166015625,-0.8125,0.70068359375,-0.7545356339414508,0.953545737674951,1.07593163034528,LVG2
125.78199999999599,0.19091796875,-0.73974609375,0.54248046875,0.101101389597233,0.36290077739638205,0.554461305054296,LVG2
125.801999999996,0.33984375,-0.77001953125,0.36474609375,0.9429034861384,-0.117064766902059,0.26286361295280397,LVG2
125.821999999996,0.21533203125,-0.53857421875,0.3603515625,2.8074259553421004,-0.35757965162810706,0.16282644850922698,LVG2
125.842999999996,-0.12548828125,-0.06201171875,0.52001953125,4.44739691712458,-0.770499011246277,0.233065308650462,LVG2
125.86299999999599,0.06591796875,0.4638671875,0.92724609375,4.74644418530165,-1.37604312367602,-0.118128992055714,LVG2
125.88299999999599,0.58837890625,0.3955078125,1.15576171875,3.8812291353800696,-1.56547520102662,-0.713030852948903,LVG2
125.902999999996,0.50146484375,-0.2587890625,0.66455078125,3.05006929037546,-1.27068483346416,-1.1142437358768702,LVG2
125.926999999996,0.14892578125,-0.2041015625,0.5537109375,4.14941387410115,-1.7144667225383299,-0.9833440419772929,LVG2
125.947999999996,0.8388671875,0.44873046875,0.73388671875,2.1007804533151297,-1.73787967591874,-1.1036014843403201,LVG2
125.967999999996,1.1103515625,-0.400390625,0.171875,-0.012770701843860999,-0.8364809707728921,-1.0769958554989398,LVG2
125.98799999999599,0.82958984375,-1.32470703125,0.0859375,1.8400452906696299,-0.630021290963807,-0.5512686295933311,LVG2
126.00799999999599,0.96533203125,-0.7607421875,0.69287109375,1.7729991059893602,-0.87585730145813,0.013834926997516001,LVG2
126.027999999996,1.14453125,-0.3759765625,0.560546875,0.20539545465543,-0.807746891624205,0.21923038165294603,LVG2
126.048999999996,1.162109375,-0.45654296875,0.6513671875,0.10961519082647302,-0.367157678011002,0.28946924179418104,LVG2
126.068999999996,1.40087890625,-0.43798828125,0.845703125,-0.259670937491839,0.10535829021185301,0.351194300706176,LVG2
126.08899999999599,1.31494140625,-0.1875,1.0693359375,-1.2376938537008602,-0.051082807375443996,0.508699623447128,LVG2
126.108999999996,1.2119140625,-0.25830078125,1.373046875,-1.7144667225383299,-0.407598233849895,0.650241568883253,LVG2
126.12799999999599,1.32470703125,-0.3720703125,1.3173828125,-1.48459408934884,-0.387377955930449,0.797104640087654,LVG2
126.148999999996,1.166015625,-0.05322265625,1.25732421875,-1.23343695308624,-0.419304710540101,1.13127133833535,LVG2
126.16899999999599,1.0869140625,-0.03515625,1.33642578125,-0.919490532757988,-0.393763306852379,1.31644651507133,LVG2
126.188999999996,1.10302734375,0.0859375,0.99853515625,-0.971637565287087,-0.039376330685238,1.27281328377147,LVG2
126.208999999996,1.12109375,0.03125,0.71875,-1.8889996477377702,-0.20752390496273998,1.24407920462279,LVG2
126.22899999999599,1.01806640625,-0.25341796875,0.46875,-2.30617590797056,-0.504442722832507,1.2057670990912,LVG2
126.24899999999599,0.9609375,0.021484375,0.3408203125,-2.94683945047091,-0.40866245900354997,1.6261360347849598,LVG2
126.268999999996,0.53955078125,-0.55517578125,0.14111328125,-2.28808408035842,-0.3682219031646571,2.02202779194465,LVG2
126.288999999996,0.2724609375,-0.5341796875,0.56103515625,-0.9056556057604721,-0.519341874983679,2.09013820177858,LVG2
126.30899999999599,0.08251953125,-0.49267578125,0.99267578125,-1.45798846050746,-0.731122680561039,1.69424644461889,LVG2
126.328999999996,0.482421875,0.21484375,1.3330078125,-3.24375826834068,0.18304672642867398,1.0099496708186702,LVG2
126.349999999996,0.13671875,-0.78759765625,0.556640625,-2.6616271092913504,0.630021290963807,1.1812899205571399,LVG2
126.369999999996,0.25537109375,-0.76123046875,0.91259765625,-2.3966350460312404,0.666204946188079,0.990793618052879,LVG2
126.389999999996,0.34130859375,-0.76953125,0.8359375,-2.8340315841834802,1.10679415980128,0.8322240701582719,LVG2
126.413999999996,0.19140625,-1.552734375,0.083984375,-1.51013549303656,0.8598939241533041,0.505506947986163,LVG2
126.43399999999599,0.544921875,-1.38232421875,0.2138671875,1.0993445837256999,-0.164954898816537,0.391634856545069,LVG2
126.45499999999599,0.796875,-1.529296875,0.2890625,2.68078316205714,-0.334166698247695,0.511892298908093,LVG2
126.474999999996,0.64501953125,-1.70458984375,0.087890625,4.87202275343295,0.254349811723564,0.143670395743436,LVG2
126.494999999996,0.3857421875,-1.2744140625,-0.58544921875,8.28818549666576,0.316074870635558,-0.319267546096524,LVG2
126.514999999996,-0.0615234375,0.71533203125,-0.3994140625,10.2048549983986,0.474644418530165,-1.1674549935596201,LVG2
126.53499999999599,-0.23193359375,1.36669921875,0.171875,8.09130384323957,-0.18730362704329398,-1.36007974637119,LVG2
126.55599999999599,0.58984375,0.5791015625,0.97412109375,4.7975269926771,-1.4260617058978102,-1.5548329494900701,LVG2
126.575999999996,0.74169921875,0.12451171875,0.68408203125,3.2022534873481296,-1.30580426353478,-1.5920808298679998,LVG2
126.595999999996,0.451171875,0.6904296875,0.26025390625,2.21890944537084,-1.07167472973066,-1.67615461700675,LVG2
126.61599999999599,0.83154296875,0.95751953125,0.6005859375,0.7981688652413091,-1.6452920875507502,-1.8762289458938999,LVG2
126.63599999999599,0.83984375,1.11767578125,1.11669921875,-1.07593163034528,-1.3590155212175399,-2.50305756139675,LVG2
126.655999999996,0.595703125,1.26953125,1.1611328125,-4.33884595145176,-0.844994772002133,-2.79571947865189,LVG2
126.676999999996,0.712890625,0.92236328125,0.61962890625,-7.70286166215546,-0.9067198309141271,-2.61054430191591,LVG2
126.700999999996,0.900390625,0.4150390625,-0.0703125,-8.28286437089748,-0.821581818621721,-2.5264705147771602,LVG2
126.720999999996,0.99755859375,0.02001953125,0.3056640625,-7.09412487426476,-0.8567012486923391,-2.32852463619731,LVG2
126.74099999999599,1.11767578125,-0.17333984375,0.61376953125,-6.5375351189031505,-0.46080949153264894,-2.1146153803126397,LVG2
126.761999999996,1.0166015625,-0.5712890625,0.041015625,-6.671627488263691,0.334166698247695,-1.7634210796064698,LVG2
126.78199999999599,0.83740234375,-0.92919921875,0.29248046875,-6.12567998443864,0.658755370112494,-2.1092942545443703,LVG2
126.801999999996,1.32421875,-1.478515625,0.4755859375,-5.6435859898328795,0.7055812768733171,-2.6445995068328703,LVG2
126.825999999996,0.95703125,-1.77880859375,0.0224609375,-3.35550190947446,1.29196933653727,-1.1376566892572801,LVG2
126.845999999996,0.88427734375,-1.2939453125,0.24462890625,-1.0780600806526,1.1036014843403201,-0.602351436968775,LVG2
126.866999999996,0.83984375,-1.28759765625,0.19189453125,0.9439677112920551,0.9311970094481941,-0.5416906032104349,LVG2
126.886999999996,0.75634765625,-1.25,0.341796875,3.0979594222899403,0.4991215970642321,-0.16601912397019197,LVG2
126.90699999999599,0.81982421875,-0.84814453125,0.2822265625,3.55770468866893,-0.09471603867530198,0.058532383451029006,LVG2
126.926999999996,1.0537109375,-1.17236328125,-0.10986328125,3.94188996913841,-0.122385892670334,0.195817428272535,LVG2
126.946999999996,0.9052734375,-0.15185546875,-0.10888671875,6.74399479871224,0.502314272525197,-0.229872633189497,LVG2
126.967999999996,0.93994140625,0.26171875,0.56591796875,7.90187176588896,0.571488907512777,-0.5651035565908471,LVG2
126.98799999999599,0.79345703125,0.56396484375,0.64453125,6.76208662632437,0.39695598231334395,-0.648113118575943,LVG2
127.011999999996,0.5654296875,0.7060546875,0.41943359375,3.7364945144829798,0.18623940188963897,-1.36752932244678,LVG2
127.03199999999599,0.68310546875,0.080078125,0.451171875,1.5005574666536599,-0.06385350921930501,-1.9688165342619,LVG2
127.051999999996,0.61767578125,0.1982421875,0.20458984375,1.55908985010469,-0.13196391905323,-2.04118384471044,LVG2
127.072999999996,0.37939453125,0.62744140625,0.505859375,1.33666679299078,-0.252221361416254,-1.61549378324841,LVG2
127.092999999996,0.41357421875,0.6611328125,0.4873046875,-0.8492516726167529,-0.5012500473715421,-1.01314234627964,LVG2
127.11299999999599,0.734375,-0.03271484375,0.48876953125,-2.43707560187013,-0.441653438766858,-0.21923038165294603,LVG2
127.136999999996,0.73828125,-0.05322265625,0.49169921875,-1.2674921580032,0.11174364113378302,0.650241568883253,LVG2
127.15699999999599,0.50634765625,-0.13525390625,0.80126953125,-0.41398358477182595,0.168147574277502,0.916297857297023,LVG2
127.17799999999599,0.69970703125,-0.1240234375,1.408203125,-2.25722155090242,-0.6651407210344239,0.492736246142302,LVG2
127.197999999996,1.06787109375,-0.73974609375,0.92236328125,-6.30021290963807,-0.635342416732082,0.858829698999649,LVG2
127.217999999996,0.95361328125,-0.466796875,0.666015625,-6.6514072103442405,-0.16708334912384698,1.60165885625089,LVG2
127.23799999999599,0.89306640625,-0.416015625,0.4404296875,-7.67306335785312,-0.148991521511711,1.9858441367203798,LVG2
127.25799999999599,0.6748046875,-0.7314453125,-0.01318359375,-8.39460801203126,-0.401212882927965,2.16037706191981,LVG2
127.277999999996,0.74755859375,-0.40576171875,0.0029296875,-8.941619741009971,-0.781141262782828,2.32213928527538,LVG2
127.297999999996,0.76513671875,-0.65625,-0.32373046875,-10.600746755558198,-0.959931088596881,2.94151832470264,LVG2
127.31799999999599,0.85791015625,-1.537109375,-1.02001953125,-9.55142075405433,-1.15042739110114,3.26717122172109,LVG2
127.337999999996,1.0322265625,-1.1875,-0.53076171875,-6.74080212325127,-0.9950505186674989,3.12669350143862,LVG2
127.357999999996,0.82568359375,-0.8564453125,0.123046875,-5.32751111919733,-0.887563778148336,2.7797561013470697,LVG2
127.37799999999599,0.6669921875,-1.451171875,-0.1064453125,-4.17069837717425,-0.9588668634432259,2.3530018147313796,LVG2
127.39799999999599,0.6162109375,-1.67041015625,-0.37158203125,-1.43670395743436,-1.4356397322807,2.1656981876880903,LVG2
127.417999999996,0.802734375,-1.02783203125,0.09814453125,0.7109024026415931,-1.80492586059901,2.1454779097686396,LVG2
127.437999999996,0.84326171875,-0.53759765625,0.0009765625,-0.145798846050746,-1.2749417340787799,2.0081928649471297,LVG2
127.45799999999599,0.5712890625,-0.72900390625,-0.134765625,-1.18022569540348,-0.81093956708517,1.7304300998431599,LVG2
127.47899999999599,0.4404296875,-0.9228515625,-0.07958984375,-1.4824656390415298,-1.09402345795742,1.57398900225586,LVG2
127.49899999999599,0.6015625,-0.9765625,-0.48046875,-0.645984668268633,-1.6931822194652302,1.54525492310717,LVG2
127.518999999996,0.6572265625,-0.73583984375,-0.35498046875,-0.159633773048262,-1.7389439010724,1.6591270145482702,LVG2
127.542999999996,0.23974609375,-0.6669921875,0.166015625,-1.1142437358768702,-1.6484847630117199,1.63890673662882,LVG2
127.562999999996,0.18408203125,-0.8203125,-0.35791015625,-3.1511706799726897,-1.52397042003407,1.35475862060292,LVG2
127.583999999996,0.05419921875,-1.10107421875,-0.7666015625,-3.5928241187395495,-1.48991521511711,1.25046455554472,LVG2
127.60399999999599,0.0029296875,-0.87939453125,-0.2197265625,-1.05571135242584,-2.12525763184919,1.16106964263769,LVG2
127.62399999999599,0.09423828125,-0.625,0.14892578125,-0.7119666277952479,-2.08800975147126,0.9641879892115021,LVG2
127.643999999996,-0.17529296875,-0.9013671875,-0.35400390625,-1.7921551587551499,-1.47075916235132,0.365029227703692,LVG2
127.663999999996,-0.3876953125,-1.013671875,-0.26611328125,-0.18091827612136302,-1.4952363408853897,-0.30436839394535303,LVG2
127.68399999999599,-0.333984375,-1.04248046875,-0.02001953125,0.9035271554531621,-1.77938445691129,-0.9024629302995071,LVG2
127.703999999996,-0.05224609375,-1.14208984375,-0.0498046875,0.9588668634432259,-1.8219534630575,-1.4175479046685702,LVG2
127.723999999996,0.22607421875,-1.18701171875,-0.30810546875,1.30048313776651,-1.60591575686551,-1.6878610936969598,LVG2
127.74399999999599,0.26220703125,-1.14892578125,-0.4375,1.96136695818631,-1.25365723100568,-2.01032131525444,LVG2
127.76399999999599,0.279296875,-1.11767578125,-0.55419921875,2.5392412166210203,-1.5367411218779299,-2.08588130116396,LVG2
127.78499999999599,0.419921875,-1.26318359375,-0.4697265625,3.96317447221151,-1.8794216213548702,-1.15468429171576,LVG2
127.804999999996,0.37353515625,-1.2021484375,-0.203125,5.260464934517059,-1.3132538396103701,-0.48209399460575103,LVG2
127.828999999996,0.21142578125,-1.41162109375,-0.154296875,5.624429937067091,-0.591709185432224,0.174532925199433,LVG2
127.848999999996,0.1904296875,-1.63427734375,-0.5634765625,7.84546783274524,-0.3682219031646571,0.870536175689855,LVG2
127.869999999996,0.24658203125,-0.828125,-0.00830078125,11.075391174088399,-0.37035035347196704,0.351194300706176,LVG2
127.889999999996,0.234375,0.03369140625,0.64794921875,9.34283262393794,-0.437396538152238,0.029798304302342003,LVG2
127.90999999999599,-0.01123046875,-0.224609375,0.5439453125,5.717017525435081,0.010642251536551002,0.101101389597233,LVG2
127.929999999996,-0.125,0.0654296875,0.97021484375,3.06922534314125,0.5384979277494699,-0.390570631391414,LVG2
127.949999999996,-0.19140625,-0.068359375,0.5888671875,0.33097402278673,0.34055204916962495,-0.66833339649539,LVG2
127.96999999999599,-0.1240234375,-0.3486328125,0.609375,-0.708773952334283,-0.135156594514195,-0.953545737674951,LVG2
127.989999999996,0.083984375,-0.56005859375,0.52880859375,-0.5661677817445021,-0.19794587857984502,-1.29303356169092,LVG2
128.00999999999598,0.27734375,-0.80126953125,0.404296875,-0.6268286155028421,-0.156441097587297,-1.39945607705643,LVG2
128.029999999996,0.36962890625,-0.83056640625,0.22265625,-0.572553132666432,-0.077688436216821,-1.50587859242194,LVG2
128.049999999996,0.2041015625,-0.5537109375,0.490234375,-0.768370560938967,-0.27137741418204503,-1.622943359324,LVG2
128.06999999999599,0.3798828125,-0.28857421875,0.9326171875,-1.50587859242194,-0.37460725408658796,-2.47645193255537,LVG2
128.090999999996,0.677734375,-0.56787109375,0.2841796875,-3.2363086922651,-0.10642251536550801,-2.5871313485355,LVG2
128.11099999999598,0.818359375,-0.62158203125,0.34765625,-4.94226161357419,-0.035119430070618,-2.06566102324451,LVG2
128.13499999999598,0.64013671875,-1.98876953125,-0.05859375,-6.704618468027,0.38099260500851795,-0.779012812475518,LVG2
128.154999999996,0.419921875,-1.26318359375,-0.2119140625,-5.31474041735347,0.45229569030340905,0.13834926997516,LVG2
128.174999999996,0.5986328125,-0.91552734375,-0.02880859375,-5.917091854322241,-0.14047772028247002,1.04400487573563,LVG2
128.195999999996,0.3466796875,-0.99267578125,-0.5107421875,-6.49283766244964,-0.27457008964301,1.5984661807899299,LVG2
128.215999999996,0.109375,-0.93212890625,-0.66162109375,-6.028835495456019,-0.38312105531582796,2.07736749993471,LVG2
128.23599999999598,0.05029296875,-0.8388671875,-0.80517578125,-5.80747666349577,-0.5746815829737429,2.09545932754685,LVG2
128.255999999996,-0.013671875,-1.04052734375,-0.85302734375,-5.63187951314268,-0.8747930763044749,2.17634043922464,LVG2
128.275999999996,0.07568359375,-1.04296875,-0.9462890625,-4.60277378955822,-1.26217103223492,2.3295888613509703,LVG2
128.29599999999598,0.1396484375,-1.1015625,-0.99658203125,-3.4959796297569303,-1.5026859169609699,2.3466164638094504,LVG2
128.315999999996,0.06591796875,-1.01123046875,-0.91748046875,-2.60948007676225,-1.59420928017531,2.10184467846878,LVG2
128.335999999996,-0.248046875,-0.88916015625,-0.79296875,-1.74745770230164,-1.52929154580235,1.80811853605998,LVG2
128.355999999996,-0.32763671875,-0.89404296875,-0.703125,-1.25365723100568,-1.4047772028246999,1.6261360347849598,LVG2
128.375999999996,-0.3408203125,-1.24267578125,-0.84130859375,-0.277762765103976,-1.03336262419908,1.2887766610763,LVG2
128.395999999996,-0.47021484375,-1.2412109375,-0.7470703125,1.7006317955408201,-0.633213966424772,1.1898037217863797,LVG2
128.415999999996,-0.7529296875,-0.9326171875,-0.4609375,2.6403426062182502,-0.25541403687721903,1.33453834268347,LVG2
128.435999999996,-0.76806640625,-0.724609375,-0.42724609375,2.94258254985629,-0.065981959526615,1.09189500765011,LVG2
128.45599999999598,-0.2998046875,-0.7353515625,-0.45654296875,3.38955711439143,0.116000541748404,0.8162606928534458,LVG2
128.475999999996,-0.02783203125,-0.4658203125,-0.1787109375,2.95961015231477,0.2788269902576311,1.01527079658695,LVG2
128.495999999996,0.05322265625,-0.76220703125,-0.52587890625,2.7637927240422404,0.33948782401597,1.3047400383811298,LVG2
128.51599999999598,-0.11962890625,-0.83349609375,-0.3798828125,3.6694483298027096,-0.29372614240880196,1.5367411218779299,LVG2
128.535999999996,-0.224609375,-0.7890625,-0.353515625,5.026335400712941,-0.7545356339414508,1.1812899205571399,LVG2
128.555999999996,-0.12109375,-0.5791015625,-0.05712890625,5.65954936713771,-0.35757965162810706,0.860958149306959,LVG2
128.575999999996,-0.12109375,-0.7080078125,0.35205078125,4.964610341800941,-0.42249738600106607,1.16213386779135,LVG2
128.596999999996,-0.21923828125,-0.87451171875,0.07421875,5.7212744260497,-0.5257272259056089,1.06635360396239,LVG2
128.61699999999598,-0.12841796875,-0.71923828125,-0.18701171875,5.03697765224949,-0.252221361416254,0.5640393314371921,LVG2
128.636999999996,-0.26953125,-0.55078125,-0.1279296875,3.91315588998973,-0.223487282267567,0.30649684425266305,LVG2
128.656999999996,-0.4873046875,-0.3359375,0.31103515625,3.95253222067496,-0.7034528265660072,0.295854592716112,LVG2
128.67699999999599,-0.56982421875,-0.40966796875,0.2431640625,3.8567519568460096,-1.16639076840597,-0.16282644850922698,LVG2
128.696999999996,-0.2236328125,-0.23095703125,0.5576171875,3.20970306342372,-0.914169406989713,-0.94716038675302,LVG2
128.716999999996,0.05615234375,-0.142578125,0.658203125,2.08800975147126,-0.141541945436126,-1.7506503777626101,LVG2
128.736999999996,-0.03955078125,-0.60693359375,0.341796875,1.31112538930306,-0.150055746665366,-2.16889086314905,LVG2
128.756999999996,-0.09814453125,-0.64013671875,0.068359375,1.69105376915792,-1.1174364113378301,-2.35832294049966,LVG2
128.776999999996,0.34375,-0.19091796875,0.3173828125,1.32921721691519,-1.2451434297764399,-2.7627284988885896,LVG2
128.797999999996,1.0087890625,-0.68408203125,0.71044921875,-0.567232006898157,-0.161762223355572,-2.92874762285878,LVG2
128.817999999996,1.02001953125,-1.56591796875,0.04345703125,-1.35263017029561,0.44803878968878796,-2.5349843160064,LVG2
128.837999999996,0.49072265625,-1.78466796875,-0.5869140625,0.220294606806601,-0.548075954132366,-2.0635325729372003,LVG2
128.857999999996,0.43212890625,-1.4521484375,-0.1533203125,1.6963748949261999,-1.8794216213548702,-1.46969493719766,LVG2
128.877999999996,0.32373046875,-0.70068359375,0.40380859375,1.52503464518773,-1.94221090542052,-0.767306335785312,LVG2
128.897999999996,0.3603515625,-0.94482421875,0.630859375,1.04826177635025,-1.5846312537924099,-0.573617357820088,LVG2
128.917999999996,0.05517578125,-1.287109375,0.5556640625,1.75171460291626,-1.3409236936053999,-0.5108280737544381,LVG2
128.93799999999598,-0.015625,-1.1064453125,1.16259765625,2.5615899448477797,-1.6399709617824798,-0.5033784976788521,LVG2
128.957999999996,0.17041015625,-0.689453125,1.15625,1.34198791875905,-1.2015101984765801,-0.356515426474451,LVG2
128.977999999996,0.34912109375,-0.74169921875,0.66357421875,0.764113660324347,-0.7651778854780021,-0.226679957728532,LVG2
128.99799999999598,0.0458984375,-0.8349609375,0.4287109375,1.2345011782398898,-0.803489991009585,-0.10642251536550801,LVG2
129.018999999996,-0.0908203125,-0.79150390625,0.591796875,3.02346366153408,-1.3696577727540902,0.06704618468026999,LVG2
129.038999999996,0.02490234375,-0.5537109375,0.8349609375,3.2916484002551605,-1.38774960036622,-0.20007432888715498,LVG2
129.058999999996,0.080078125,-0.4453125,0.7978515625,3.40871316715722,-1.26110680708127,-0.47358019337651,LVG2
129.078999999996,0.17578125,-0.75634765625,0.63134765625,3.6566776279588504,-1.3356025678371202,-0.419304710540101,LVG2
129.09899999999598,0.39208984375,-0.8505859375,0.765625,4.39418565944182,-1.76129262929916,-0.07130308529489,LVG2
129.118999999996,0.52001953125,-0.51611328125,0.9296875,4.48358057234885,-2.12845030731016,0.20326700434811998,LVG2
129.138999999996,0.7548828125,-0.21923828125,0.5732421875,3.3874286640841205,-2.07736749993471,0.128771243592265,LVG2
129.15899999999598,0.98193359375,-0.34130859375,0.8896484375,3.23098756649682,-1.56653942618028,0.395891757159689,LVG2
129.178999999996,0.7861328125,-0.1015625,1.36572265625,2.5956451497647404,-1.1174364113378301,0.9013987051458521,LVG2
129.198999999996,0.5498046875,-0.1787109375,1.18603515625,1.12914288802804,-0.74602183271221,1.1419135898719,LVG2
129.218999999996,0.455078125,-0.8193359375,0.74560546875,1.18022569540348,-0.557653980515261,1.31112538930306,LVG2
129.238999999996,0.57470703125,-0.41943359375,0.849609375,2.62863612952805,-0.946096161599365,1.5420622476462098,LVG2
129.25999999999598,0.43017578125,0.564453125,1.21630859375,2.68291161236445,-1.14510626533287,1.59633773048262,LVG2
129.28399999999598,0.40673828125,0.5859375,0.904296875,-0.5012500473715421,-0.489543570681336,1.3632724218321601,LVG2
129.303999999996,0.4619140625,-0.12255859375,1.2958984375,-0.887563778148336,0.8598939241533041,1.37497889852236,LVG2
129.32499999999598,0.15087890625,0.193359375,1.107421875,-0.638535092193047,0.7279300051000741,0.814132242546135,LVG2
129.344999999996,0.18798828125,0.0556640625,0.84228515625,-1.4292543813587701,0.41717626023279103,0.36183655224272704,LVG2
129.364999999996,0.1767578125,-0.845703125,1.103515625,-1.3505017199882998,0.617250589119946,0.595966086046844,LVG2
129.38499999999598,0.154296875,-0.619140625,1.57470703125,-0.522534550444644,0.26286361295280397,0.6513057940369079,LVG2
129.404999999996,0.142578125,-0.64306640625,0.861328125,0.07023886014123501,-0.242643335033358,0.774755911860898,LVG2
129.424999999996,0.1650390625,-0.32275390625,0.87890625,1.6176222335557198,-0.195817428272535,0.9322612346018492,LVG2
129.44499999999599,0.31396484375,0.03662109375,1.21826171875,1.1472347156401799,-0.228808408035842,0.80242576585593,LVG2
129.464999999996,0.43701171875,-0.265625,1.12353515625,-0.028734079148687,-0.33523092340134997,0.639599317346702,LVG2
129.484999999996,0.39453125,-0.6806640625,1.244140625,-0.150055746665366,-0.32565289701845396,0.990793618052879,LVG2
129.504999999996,0.31640625,-1.04736328125,1.64697265625,0.41398358477182595,-1.06635360396239,1.6665765906238503,LVG2
129.524999999996,0.3681640625,-0.4677734375,1.4814453125,0.164954898816537,-2.1710193134563602,1.71233827223102,LVG2
129.54599999999598,0.15087890625,-0.201171875,0.5087890625,-1.49630056603904,-2.90427044432471,1.60697998201917,LVG2
129.565999999996,0.26806640625,-0.5185546875,-0.0859375,-2.73718709520086,-2.8936281927881606,0.959931088596881,LVG2
129.585999999996,0.4072265625,-0.56884765625,-0.04931640625,-2.07736749993471,-1.91134837596452,0.36396500255003705,LVG2
129.609999999996,0.28369140625,0.07666015625,0.00732421875,-0.7396364817902801,-0.393763306852379,0.028734079148687,LVG2
129.630999999996,0.13330078125,-0.00830078125,0.046875,-0.19688165342619002,0.234129533804117,0.435268087844927,LVG2
129.650999999996,0.36376953125,-0.2294921875,0.5859375,0.9013987051458521,-0.150055746665366,0.594901860893189,LVG2
129.67099999999598,0.705078125,-0.107421875,1.07421875,1.7293658746895,-0.573617357820088,0.18517517673598397,LVG2
129.690999999996,0.6015625,0.38916015625,1.13232421875,1.5367411218779299,-0.571488907512777,-0.08726646259971699,LVG2
129.709999999996,0.21484375,0.23388671875,1.11767578125,0.5980945363541539,-0.45229569030340905,0.28095544056494104,LVG2
129.730999999996,-0.0087890625,-0.36767578125,1.32861328125,0.872664625997165,-0.641727767654013,-0.09365181352164699,LVG2
129.750999999996,0.3671875,0.02880859375,1.46728515625,1.54419069795352,-1.5825028034850999,-1.56866787648759,LVG2
129.770999999996,0.5654296875,-0.02001953125,0.994140625,0.10003716444357699,-1.72298052376757,-3.12562927628497,LVG2
129.79599999999598,0.76318359375,-0.52685546875,0.75341796875,-0.04150478099254799,-1.43670395743436,-3.16287715666289,LVG2
129.815999999996,1.3935546875,-1.3076171875,1.50244140625,1.1014730340330101,-1.14510626533287,-2.38173589388007,LVG2
129.83699999999598,1.38330078125,-0.98828125,1.61865234375,0.772627461553587,-0.491672020988646,-1.6601912397019198,LVG2
129.856999999996,1.24462890625,-1.06689453125,0.77783203125,1.1770330199425199,0.19156052765791398,-0.8779857517654399,LVG2
129.876999999996,1.25927734375,-0.8359375,0.28466796875,2.56478262030874,0.7981688652413091,-0.032990979763308,LVG2
129.89699999999598,1.19140625,-0.03173828125,0.2021484375,2.0975877778541596,0.9971789689748091,0.597030311200499,LVG2
129.92099999999598,0.943359375,0.25732421875,0.041015625,1.2110882248594799,0.9482246119066758,0.883306877533716,LVG2
129.941999999996,0.9609375,0.2744140625,0.24609375,1.0163350217406,0.843930546848478,1.0471975511966,LVG2
129.96199999999598,0.94091796875,0.33447265625,0.55322265625,0.557653980515261,0.969509114979777,1.05251867696487,LVG2
129.981999999996,0.84326171875,0.00830078125,0.55322265625,-0.5448832786714001,1.16639076840597,1.11850063649149,LVG2
130.001999999996,0.7890625,-0.4482421875,0.68603515625,-0.850315897770408,1.09721613341839,1.31644651507133,LVG2
130.02199999999598,0.71875,-0.22509765625,0.564453125,-0.602351436968775,0.919490532757988,1.35156594514195,LVG2
130.041999999996,0.5927734375,-0.1904296875,0.61328125,-0.6651407210344239,0.8513801229240631,1.3217676408396102,LVG2
130.061999999996,0.501953125,-0.0654296875,0.79931640625,-1.1014730340330101,0.67471874741732,1.2462076549301002,LVG2
130.081999999997,0.46728515625,0.0078125,0.8515625,-1.98477991156672,0.300111493330732,0.9897293928992241,LVG2
130.10199999999702,0.43408203125,-0.009765625,0.90234375,-2.6179938779914904,-0.253285586569909,0.884371102687371,LVG2
130.121999999997,0.41455078125,-0.10302734375,0.88232421875,-2.6946180890546603,-0.7524071836341409,0.915233632143368,LVG2
130.141999999997,0.45751953125,-0.095703125,0.9453125,-2.13270720792478,-0.8779857517654399,0.9248116585262629,LVG2
130.161999999997,0.6923828125,-0.0146484375,0.91748046875,-2.22635902144642,-1.2376938537008602,0.535305252288505,LVG2
130.182999999997,0.77880859375,-0.65185546875,0.83544921875,-3.0160140854584903,-1.3845569249052598,-0.001064225153655,LVG2
130.206999999997,0.40380859375,-0.9091796875,0.6318359375,-0.94716038675302,-1.8059900857526698,0.18730362704329398,LVG2
130.22699999999702,0.72314453125,-0.650390625,0.84912109375,-0.5938376357395339,-2.0731105993200902,0.6119294633516701,LVG2
130.247999999997,0.66015625,-0.3671875,0.80419921875,-0.772627461553587,-0.7577283094024159,0.774755911860898,LVG2
130.26799999999702,0.44091796875,-0.5029296875,0.57861328125,-0.145798846050746,-0.5523328547469859,0.640663542500358,LVG2
130.287999999997,0.40478515625,-0.6015625,0.42041015625,-0.18517517673598397,-0.788590838858414,0.516149199522713,LVG2
130.307999999997,0.34765625,-0.60400390625,0.494140625,-0.09152336321433699,-0.891820678762956,0.449103014842443,LVG2
130.32799999999702,0.68212890625,-0.5830078125,0.47119140625,-0.078752661370476,-0.884371102687371,0.20645967980908497,LVG2
130.347999999997,0.6484375,-0.7099609375,0.384765625,0.36290077739638205,0.037247880377928,-0.05959660860468499,LVG2
130.367999999997,0.37548828125,-0.5576171875,0.43701171875,0.8247744940826859,0.061725058911995,-0.032990979763308,LVG2
130.388999999997,0.25439453125,-0.42333984375,0.78857421875,0.73750803148297,-0.075559985909511,-0.148991521511711,LVG2
130.412999999997,0.65576171875,-0.6044921875,0.58642578125,0.533176801981195,-0.15111997181902098,-0.37460725408658796,LVG2
130.432999999997,0.73974609375,-0.69482421875,0.345703125,0.6247001651955311,0.137285044821505,-0.34374472463059,LVG2
130.453999999997,0.64111328125,-0.50634765625,0.5048828125,1.00675699535771,0.336295148555005,-0.223487282267567,LVG2
130.473999999997,0.654296875,-0.38720703125,0.55419921875,1.1397851395645902,0.2969188178697669,-0.251157136262599,LVG2
130.49399999999702,0.8701171875,-0.7275390625,0.470703125,1.28239131015437,0.355451201320796,-0.28946924179418104,LVG2
130.513999999997,0.7451171875,-0.7138671875,0.6015625,1.82727458882577,0.67471874741732,-0.48422244491306105,LVG2
130.533999999997,0.59765625,-0.4736328125,0.5751953125,2.14122100915402,0.437396538152238,-0.550204404439676,LVG2
130.55399999999702,0.6142578125,-0.58154296875,0.57568359375,2.4807088331699902,0.164954898816537,-0.511892298908093,LVG2
130.573999999997,0.70361328125,-0.31689453125,0.8212890625,3.4608601996863197,0.28201966571859605,-0.356515426474451,LVG2
130.593999999997,0.68896484375,-0.12548828125,0.78955078125,3.2650427714137797,0.5693604572054671,-0.227744182882187,LVG2
130.613999999997,0.64208984375,-0.22412109375,0.79736328125,2.14015678400036,0.591709185432224,-0.26392783810646,LVG2
130.633999999997,0.611328125,-0.3662109375,0.634765625,1.63571406116786,0.21923038165294603,-0.20645967980908497,LVG2
130.65499999999702,0.62890625,-0.17431640625,0.62451171875,1.93156865388397,-0.034055204916963,-0.168147574277502,LVG2
130.674999999997,0.74462890625,0.15283203125,0.953125,1.990101037335,-0.097908714136267,-0.118128992055714,LVG2
130.694999999997,0.7626953125,-0.00390625,0.72119140625,1.2472718800837501,-0.080881111677786,-0.034055204916963,LVG2
130.71499999999702,0.77587890625,-0.09375,0.6435546875,1.3441163690663702,0.09684448898261201,-0.08300956198509599,LVG2
130.734999999997,0.67822265625,0.13232421875,0.826171875,1.4090341034393201,0.26179938779914896,0.035119430070618,LVG2
130.754999999997,0.7490234375,0.2001953125,0.87646484375,0.818389143160756,0.158569547894607,0.16389067366288199,LVG2
130.774999999997,0.734375,0.3486328125,0.951171875,0.5033784976788521,0.150055746665366,0.09258758836799198,LVG2
130.794999999997,0.59130859375,0.2041015625,0.80615234375,-0.11387209144109299,0.026605628841377002,0.037247880377928,LVG2
130.814999999997,0.681640625,-0.1875,0.77783203125,-0.47677286883747494,-0.277762765103976,0.080881111677786,LVG2
130.834999999997,0.75439453125,-0.05322265625,0.95068359375,-0.044697456453513,-0.076624211063166,0.00212845030731,LVG2
130.855999999997,0.83447265625,-0.103515625,1.0859375,-0.46825906760823494,0.235193758957772,-0.084073787138751,LVG2
130.875999999997,0.66455078125,-0.2705078125,0.97900390625,-1.1898037217863797,0.4320754123839621,0.022348728226757004,LVG2
130.895999999997,0.58642578125,-0.31787109375,0.92236328125,-0.909912506375093,0.466130617300925,0.31501064548190305,LVG2
130.915999999997,0.68212890625,-0.125,0.90380859375,-0.8662792750752341,0.253285586569909,0.5906449602785689,LVG2
130.935999999997,0.7607421875,-0.26123046875,0.8271484375,-1.6463563127044099,-0.06278928406565,0.675782972570975,LVG2
130.955999999997,0.66943359375,-0.16357421875,0.7861328125,-1.7559715035308798,-0.324588671864799,0.591709185432224,LVG2
130.97599999999701,0.65625,0.08837890625,0.9697265625,-2.26573535213166,-0.550204404439676,0.40227710808162,LVG2
130.995999999997,0.798828125,-0.2080078125,0.83349609375,-3.3831717634695,-0.7247373296391091,0.236257984111428,LVG2
131.015999999997,0.78369140625,-0.47900390625,0.58642578125,-2.99047268177077,-0.543819053517745,0.022348728226757004,LVG2
131.03599999999702,0.7626953125,-0.2255859375,0.7470703125,-2.32639618589,-0.34055204916962495,0.259670937491839,LVG2
131.055999999997,0.68212890625,-0.2529296875,0.65185546875,-3.06283999221932,-0.19688165342619002,0.740700706943935,LVG2
131.075999999997,0.62451171875,-0.619140625,0.30224609375,-3.1330788523605495,-0.179854050967708,0.8194533683144108,LVG2
131.09599999999702,0.70849609375,-0.5888671875,0.55419921875,-2.28063450428283,-0.13196391905323,0.529984126520229,LVG2
131.115999999997,0.6708984375,-0.41552734375,0.72021484375,-2.05821144716892,-0.12557856813129903,0.959931088596881,LVG2
131.135999999997,0.76318359375,-0.36865234375,0.66943359375,-2.5732964215379797,-0.00638535092193,1.08657388188184,LVG2
131.156999999997,0.66162109375,-0.74072265625,0.2568359375,-1.99329371279596,0.37460725408658796,0.853508573231373,LVG2
131.176999999997,0.599609375,-0.5625,0.60888671875,-0.949288837060331,0.227744182882187,0.73750803148297,LVG2
131.19699999999702,0.6171875,-0.7177734375,0.38525390625,-1.14404204017921,0.46825906760823494,1.02059192235522,LVG2
131.216999999997,0.4287109375,-0.8525390625,0.15283203125,-0.5012500473715421,0.818389143160756,0.8567012486923391,LVG2
131.236999999997,0.1611328125,-1.083984375,0.00244140625,1.60697998201917,0.42994696207665206,0.295854592716112,LVG2
131.256999999997,0.2763671875,-0.69775390625,0.7021484375,2.5041217865504,0.037247880377928,0.05959660860468499,LVG2
131.276999999997,0.34033203125,-0.677734375,0.63134765625,2.42643335033358,0.127707018438609,-0.011706476690206002,LVG2
131.296999999997,0.2880859375,-1.0830078125,0.0068359375,4.146221198640189,0.029798304302342003,-0.10535829021185301,LVG2
131.32199999999702,0.51220703125,-0.419921875,0.89208984375,5.72978822727895,-0.22135883196025602,-0.08513801229240599,LVG2
131.341999999997,0.681640625,-0.1884765625,0.91162109375,5.1678773461490595,-0.09258758836799198,-0.20433122950177499,LVG2
131.36299999999702,0.68359375,-0.28515625,0.802734375,4.71558165584566,0.118128992055714,-0.491672020988646,LVG2
131.382999999997,0.64990234375,-0.0927734375,0.990234375,4.84116022397695,0.19901010373349998,-0.562975106283537,LVG2
131.402999999997,0.73095703125,0.3662109375,0.9443359375,4.195175555708319,0.308625294559973,-0.526791451059264,LVG2
131.42299999999702,0.5908203125,0.1923828125,0.6064453125,2.77230652527148,0.399084432620655,-0.73537958117566,LVG2
131.44699999999702,0.48779296875,0.04345703125,0.701171875,1.9379540048058999,-0.011706476690206002,-0.6598195952661489,LVG2
131.467999999997,0.60888671875,0.0888671875,0.9931640625,1.1972532978619599,0.08833068775337198,-0.38312105531582796,LVG2
131.488999999997,0.6669921875,0.1982421875,0.94091796875,0.435268087844927,0.533176801981195,-0.26924896387473496,LVG2
131.507999999997,0.55712890625,0.17578125,0.99267578125,-0.31501064548190305,0.848187447463098,-0.355451201320796,LVG2
131.532999999997,0.36474609375,0.04736328125,1.20361328125,-0.41079090931086,0.722608879331799,-0.20220277919446497,LVG2
131.552999999997,0.55419921875,0.27734375,1.55810546875,-0.622571714888221,0.8343525204655821,0.119193217209369,LVG2
131.572999999997,0.6220703125,0.21630859375,1.19921875,-1.49842901634635,1.02484882296984,0.121321667516679,LVG2
131.592999999997,0.6767578125,0.115234375,0.53173828125,-3.0617757670656602,0.796040414933999,0.077688436216821,LVG2
131.61299999999702,0.748046875,0.02734375,0.64453125,-4.12174402010612,0.40653400869623996,0.504442722832507,LVG2
131.632999999997,0.83935546875,0.02099609375,0.84423828125,-4.77411403929669,0.13196391905323,0.8779857517654399,LVG2
131.652999999997,0.47705078125,-0.68994140625,0.0517578125,-5.499915594089449,0.007449576075585999,0.9450319364457099,LVG2
131.67299999999702,0.2998046875,-0.8837890625,0.13232421875,-3.32038247940385,0.061725058911995,0.519341874983679,LVG2
131.693999999997,0.18408203125,-0.24267578125,1.06201171875,-1.57292477710221,-0.130899693899575,0.435268087844927,LVG2
131.717999999997,0.576171875,-0.4384765625,0.97265625,-2.4232406748726203,-0.27989121541128603,0.933325459755504,LVG2
131.73799999999702,0.44921875,-0.71630859375,0.6572265625,-2.24657929936587,-0.127707018438609,0.893949129070266,LVG2
131.757999999997,0.51611328125,-0.4931640625,0.8603515625,-1.4537315598928402,0.236257984111428,0.67471874741732,LVG2
131.778999999997,0.77685546875,-0.40625,0.98681640625,-2.35619449019235,0.33735937370866,1.4313828316660802,LVG2
131.798999999997,0.5810546875,-0.525390625,0.548828125,-2.6978107645156197,0.95141728736764,1.5835670286387602,LVG2
131.818999999997,0.49560546875,-0.396484375,0.482421875,-2.4988006607821296,0.8854353278410259,1.56015407525835,LVG2
131.83899999999701,0.33251953125,-0.14306640625,0.52001953125,-2.3976992711848903,0.8194533683144108,2.1774046643782903,LVG2
131.858999999997,-0.01220703125,-0.78564453125,0.64794921875,-3.7269164881000902,1.41648367951491,2.24657929936587,LVG2
131.879999999997,0.0654296875,-1.498046875,0.6142578125,-3.62155819788823,2.13909255884671,0.8790499769190949,LVG2
131.899999999997,-0.1982421875,-1.3271484375,0.39599609375,-2.87979326579064,2.1273860821565,0.5363694774421599,LVG2
131.923999999997,-0.07421875,-1.19580078125,0.4091796875,-0.9578026382895709,1.19193217209369,0.116000541748404,LVG2
131.943999999997,-0.0576171875,-1.046875,0.44970703125,-0.355451201320796,1.15468429171576,0.141541945436126,LVG2
131.96399999999701,0.125,-1.3251953125,0.33740234375,0.156441097587297,1.01739924689426,0.08194533683144099,LVG2
131.984999999997,0.42529296875,-1.384765625,0.58935546875,0.8269029443899959,1.03868374996736,0.018091827612136003,LVG2
132.004999999997,0.48291015625,-1.25048828125,0.62841796875,1.2015101984765801,1.51226394334387,0.243707560187013,LVG2
132.024999999997,0.3232421875,-1.03515625,0.11474609375,0.738572256636625,1.86984359497197,0.15111997181902098,LVG2
132.048999999997,0.01416015625,-0.716796875,-0.14404296875,0.6119294633516701,1.8166323372892201,0.415047809925481,LVG2
132.068999999997,-0.12890625,-0.51025390625,0.01416015625,0.584259609356638,1.35688707091023,0.27669853995032107,LVG2
132.08999999999702,-0.18115234375,-0.42529296875,0.318359375,0.37886415470120793,1.08125275611356,-0.024477178534067005,LVG2
132.109999999997,-0.32861328125,-0.4169921875,0.38525390625,0.5363694774421599,0.941839260984745,-0.137285044821505,LVG2
132.129999999997,-0.4306640625,-0.3818359375,0.4111328125,0.7183519787171779,0.660883820419804,-0.171340249738468,LVG2
132.149999999997,-0.30859375,-0.611328125,0.5634765625,-0.142606170589781,0.355451201320796,-0.311817970020938,LVG2
132.169999999997,-0.1474609375,-0.78857421875,0.67041015625,-0.984408267130948,0.16389067366288199,-0.246900235647978,LVG2
132.189999999997,-0.10498046875,-0.86181640625,0.67236328125,-1.25259300585203,0.18304672642867398,-0.042569006146202994,LVG2
132.209999999997,0.00732421875,-0.96875,0.677734375,-1.1844825960181,-0.10216561475088799,0.19794587857984502,LVG2
132.229999999997,0.103515625,-1.47314453125,0.4384765625,-1.20363864878389,-0.244771785340668,0.321395996403834,LVG2
132.24999999999702,0.01220703125,-1.587890625,0.06884765625,-0.038312105531583,-0.032990979763308,0.39482753200603404,LVG2
132.269999999997,-0.267578125,-1.0927734375,0.1376953125,1.69105376915792,0.012770701843860999,0.60980101304436,LVG2
132.289999999997,-0.626953125,-0.39111328125,-0.15283203125,2.5615899448477797,-0.455488365764374,0.43420386269127204,LVG2
132.310999999997,-0.8193359375,-0.015625,-0.50146484375,3.3735937370866003,-1.11530796103052,0.18623940188963897,LVG2
132.330999999997,-0.7978515625,-0.08349609375,-0.6533203125,4.53892028033891,-1.93369710419128,-0.20645967980908497,LVG2
132.354999999997,-0.16064453125,0.13330078125,-0.14013671875,6.31298361148193,-3.1501064548190296,-0.73537958117566,LVG2
132.37499999999702,0.1923828125,0.35205078125,0.8251953125,4.44101156620264,-3.40552049169625,-0.47570864368382,LVG2
132.395999999997,0.4462890625,-0.63671875,1.08203125,2.6371499307572903,-3.3182540290965403,-0.16708334912384698,LVG2
132.415999999997,0.59228515625,-0.8623046875,1.1650390625,2.18698269076119,-3.0021791584609803,0.14473462089709102,LVG2
132.435999999997,0.72509765625,-0.5068359375,1.34033203125,1.48459408934884,-2.60948007676225,0.41717626023279103,LVG2
132.455999999997,0.89892578125,-0.32763671875,1.31201171875,1.12701443772073,-2.04331229501775,0.267120513567425,LVG2
132.474999999997,0.81689453125,-0.2470703125,1.38232421875,0.515084974369058,-1.4313828316660802,0.056403933143719005,LVG2
132.495999999997,0.64306640625,-0.451171875,1.154296875,-0.051082807375443996,-1.04187642542832,-0.123450117823989,LVG2
132.515999999997,0.68994140625,-0.41064453125,1.1201171875,-0.308625294559973,-0.8343525204655821,-0.27031318902839,LVG2
132.53599999999702,0.67236328125,-0.43212890625,0.7587890625,-0.8556370235386841,-0.6268286155028421,-0.252221361416254,LVG2
132.555999999997,0.59033203125,-0.4453125,0.6279296875,-0.349065850398866,-0.40014865777430997,-0.305432619099008,LVG2
132.575999999997,0.5673828125,-0.46923828125,0.75830078125,0.20752390496273998,-0.326717122172109,-0.336295148555005,LVG2
132.59599999999702,0.44775390625,-0.4228515625,0.873046875,0.10855096567281801,-0.310753744867283,-0.3682219031646571,LVG2
132.615999999997,0.45654296875,-0.44775390625,0.890625,-0.35013007555252096,-0.307561069406318,-0.30117571848438696,LVG2
132.635999999997,0.5595703125,-0.74462890625,1.01318359375,-0.421433160847411,-0.137285044821505,-0.12557856813129903,LVG2
132.655999999997,0.5634765625,-0.75439453125,1.1611328125,-0.00638535092193,-0.06704618468026999,-0.120257442363024,LVG2
132.675999999997,0.65771484375,-0.26025390625,1.1943359375,-0.055339707990064005,0.139413495128815,-0.23200108349680698,LVG2
132.69699999999702,0.720703125,-0.33154296875,1.607421875,-0.730058455407384,0.664076495880769,-0.32565289701845396,LVG2
132.716999999997,0.546875,-0.54736328125,1.47119140625,-1.1589411923303798,0.9439677112920551,-0.506571173139818,LVG2
132.736999999997,0.458984375,-0.31298828125,0.88916015625,-1.58995237956069,1.3047400383811298,-0.41717626023279103,LVG2
132.756999999997,0.4697265625,-0.5517578125,0.9716796875,-1.9475320311887898,1.7442650268406699,-0.258606712338184,LVG2
132.780999999997,0.17919921875,-0.8369140625,1.08984375,-1.9241190778083799,1.78789825814053,-0.29372614240880196,LVG2
132.801999999997,0.10302734375,-0.4775390625,0.662109375,-2.2550931005951096,1.69105376915792,-0.33310247309403995,LVG2
132.82199999999702,0.12060546875,-0.5576171875,0.3505859375,-3.28207037387226,1.50587859242194,-0.27031318902839,LVG2
132.841999999997,0.2490234375,-0.8876953125,0.4765625,-2.1667624128417398,1.04400487573563,-0.237322209265083,LVG2
132.861999999997,0.265625,-0.76953125,0.7001953125,-0.666204946188079,0.5033784976788521,-0.06704618468026999,LVG2
132.881999999997,0.375,-0.90380859375,0.81982421875,-0.19794587857984502,-0.042569006146202994,0.11280786628743801,LVG2
132.901999999997,0.40625,-0.892578125,0.9794921875,1.1749045696352098,-0.67897564803194,0.251157136262599,LVG2
132.921999999997,0.4892578125,-1.18408203125,0.88916015625,2.11142270485168,-0.887563778148336,0.669397621649045,LVG2
132.941999999997,0.3798828125,-0.96337890625,0.50537109375,3.5428055365177595,-0.4969931467569221,1.13127133833535,LVG2
132.961999999997,0.17138671875,-0.1875,0.36474609375,4.29202004469093,-0.10535829021185301,1.58782392925338,LVG2
132.98199999999702,0.13427734375,0.3037109375,0.30908203125,3.06816111798759,-0.22455150742122199,1.9688165342619,LVG2
133.002999999997,0.07421875,0.16748046875,0.35107421875,2.06566102324451,-0.5033784976788521,2.15079903553691,LVG2
133.022999999997,-0.185546875,0.603515625,0.36669921875,2.6211865534524597,-0.7002601511050419,1.62187913417034,LVG2
133.042999999997,-0.4091796875,-0.0361328125,0.5087890625,2.54349811723564,-1.09721613341839,1.1472347156401799,LVG2
133.066999999997,0.0419921875,0.0166015625,0.765625,2.2221021208317997,-2.05714722201527,1.13872091441093,LVG2
133.086999999997,0.57177734375,-0.24462890625,1.17626953125,1.1759687947888602,-2.5168924883942596,1.05358290211853,LVG2
133.107999999997,0.68896484375,-0.83837890625,1.517578125,0.474644418530165,-1.91986217719376,0.744957607558555,LVG2
133.127999999997,0.64892578125,-1.3359375,1.1279296875,0.019156052765792,-1.2568499064666498,0.25541403687721903,LVG2
133.147999999997,0.60400390625,-0.931640625,0.84228515625,1.5005574666536599,-0.970573340133432,-0.192624752811569,LVG2
133.167999999997,0.4755859375,-0.6845703125,0.70947265625,1.61442955809475,-0.959931088596881,-0.025541403687721998,LVG2
133.191999999997,0.64697265625,-0.97998046875,0.55810546875,1.7240447489212298,-1.15574851686942,0.238386434418738,LVG2
133.212999999997,0.7275390625,-0.4384765625,0.53173828125,2.9021419940174003,-1.03336262419908,0.5235987755982989,LVG2
133.232999999997,0.6337890625,0.01123046875,0.626953125,2.26892802759263,-0.7768843621682081,0.913105181836058,LVG2
133.252999999997,0.6533203125,0.22900390625,0.98583984375,0.930132784294539,-0.568296232051812,1.08763810703549,LVG2
133.272999999997,0.58837890625,-0.10595703125,0.97021484375,0.5661677817445021,-0.519341874983679,1.07593163034528,LVG2
133.292999999997,0.4677734375,-0.078125,0.755859375,1.51013549303656,-0.4714517430692,0.95141728736764,LVG2
133.312999999997,0.55322265625,-0.34326171875,0.68701171875,1.57186055194855,-0.40653400869623996,1.1589411923303798,LVG2
133.332999999997,0.53564453125,0.25048828125,1.1572265625,1.31112538930306,-0.5619108811298821,1.5282273206486898,LVG2
133.352999999997,0.33935546875,0.5810546875,1.16748046875,0.491672020988646,-0.930132784294539,1.34943749483464,LVG2
133.372999999998,0.0703125,0.52197265625,0.90869140625,0.5906449602785689,-1.03442684935274,0.49486469644961206,LVG2
133.392999999998,0.14990234375,0.13671875,1.01318359375,0.5257272259056089,-1.13020711318169,-0.244771785340668,LVG2
133.412999999998,0.63330078125,-0.48583984375,1.15380859375,1.43457550712705,-1.00888544566502,-0.38099260500851795,LVG2
133.433999999998,0.60693359375,0.35498046875,1.31640625,2.4285618006408902,-0.726865779946419,-0.575745808127398,LVG2
133.453999999998,0.32080078125,0.5224609375,0.9765625,0.759856759709726,-0.275634314796665,-1.21640935062776,LVG2
133.473999999998,0.0341796875,-0.38427734375,0.27294921875,-0.9727017904407421,-0.122385892670334,-1.36007974637119,LVG2
133.493999999998,0.1494140625,-0.78564453125,0.3466796875,0.8524443480777181,-0.9439677112920551,-0.867343500228889,LVG2
133.513999999998,0.7490234375,0.7080078125,1.1484375,2.24338662390491,-1.08870233218915,-0.803489991009585,LVG2
133.533999999998,-0.13232421875,1.51171875,0.5615234375,0.461873716686304,-0.450167239996098,-1.21002399970582,LVG2
133.55399999999798,0.2607421875,1.4248046875,1.44189453125,-1.37391467336871,-0.946096161599365,-1.95285315695707,LVG2
133.573999999998,0.611328125,1.09228515625,1.62255859375,-2.8404169351054103,-0.681104098339251,-3.16500560697021,LVG2
133.593999999998,1.1328125,-0.48974609375,1.02734375,-3.03623436337794,-0.26605628841377,-2.6137369773768704,LVG2
133.614999999998,1.583984375,-0.5361328125,1.0546875,-2.1731477637636702,0.077688436216821,-1.3207034156859498,LVG2
133.634999999998,2.17578125,0.056640625,1.3134765625,-3.59814524450782,0.847123222309443,-0.608736787890705,LVG2
133.65499999999798,1.9697265625,-0.08837890625,0.65625,-5.50630094501138,1.77406333114302,0.18517517673598397,LVG2
133.673999999998,1.052734375,-0.27490234375,-0.45654296875,-4.677269550314071,1.98690836187403,0.572553132666432,LVG2
133.698999999998,0.56640625,0.29248046875,0.04248046875,-3.3118686781746103,1.35475862060292,0.5938376357395339,LVG2
133.719999999998,0.64892578125,0.06884765625,0.41064453125,-3.52790638436659,1.09828035857204,0.5246630007519539,LVG2
133.739999999998,0.56396484375,-0.24853515625,0.396484375,-3.35869458493543,1.46330958627573,0.234129533804117,LVG2
133.759999999998,0.400390625,-0.4814453125,0.37353515625,-2.57436064669164,1.5825028034850999,-0.17666137550674302,LVG2
133.77999999999798,0.52197265625,-0.74072265625,0.8818359375,-1.33985946845174,1.0833812064208699,-0.428882736922997,LVG2
133.799999999998,0.525390625,-0.60888671875,1.00537109375,-0.352258525859831,0.715159303256213,-0.421433160847411,LVG2
133.819999999998,0.48193359375,-0.47021484375,0.966796875,-0.243707560187013,0.644920443114978,-0.320331771250179,LVG2
133.83999999999799,0.408203125,-0.53173828125,0.73876953125,-0.483158219759406,0.575745808127398,-0.159633773048262,LVG2
133.860999999998,0.4736328125,-0.5625,0.89111328125,0.031926754609652,0.43846076330589295,-0.133028144206885,LVG2
133.884999999998,0.478515625,-0.31201171875,0.98974609375,-0.058532383451029006,0.405469783542585,-0.20433122950177499,LVG2
133.90499999999798,0.22607421875,-0.30322265625,0.7392578125,-0.5938376357395339,0.455488365764374,-0.22135883196025602,LVG2
133.925999999998,0.12841796875,-0.36181640625,0.4609375,0.407598233849895,0.148991521511711,-0.48209399460575103,LVG2
133.945999999998,-0.01953125,0.109375,0.08984375,1.43989663289532,-0.379928379854863,-0.862022374460614,LVG2
133.965999999998,-0.109375,0.0634765625,0.11474609375,1.82621036367212,-1.07380318003797,-1.15468429171576,LVG2
133.989999999998,0.10791015625,-0.03173828125,0.33984375,2.36151561596062,-1.59633773048262,-1.47075916235132,LVG2
134.009999999998,-0.06591796875,0.51171875,0.16748046875,2.62863612952805,-2.18485424045388,-1.8325957145940501,LVG2
134.030999999998,0.05712890625,0.43505859375,0.50537109375,2.19230381652946,-2.9021419940174003,-2.59032402399646,LVG2
134.050999999998,0.908203125,-0.732421875,1.44091796875,1.4792729635805602,-3.1341430775142096,-3.29484107571613,LVG2
134.070999999998,1.607421875,-1.283203125,2.4267578125,1.3100611641493998,-2.36045139080697,-2.83935270995175,LVG2
134.090999999998,1.27294921875,-0.95556640625,1.73095703125,0.419304710540101,-1.75277882806992,-1.3962634015954598,LVG2
134.114999999998,1.32275390625,-0.916015625,1.31103515625,0.036183655224273,-1.66125546485558,-0.228808408035842,LVG2
134.135999999998,1.48974609375,-0.36181640625,1.43359375,0.645984668268633,-0.915233632143368,0.571488907512777,LVG2
134.155999999998,1.3681640625,0.26513671875,1.2431640625,-0.10003716444357699,0.35332275101348604,0.8641508247679242,LVG2
134.175999999998,1.20849609375,0.57275390625,1.3115234375,-2.0943951023932,1.24195075431548,1.00888544566502,LVG2
134.195999999998,1.1123046875,0.28125,1.30810546875,-3.887614486302,1.6261360347849598,1.32602454145423,LVG2
134.215999999998,1.19384765625,-0.17626953125,0.732421875,-4.4910301484244295,1.6101726574801298,1.54099802249255,LVG2
134.235999999998,1.32421875,-0.41650390625,0.4091796875,-3.3608230352427406,1.37604312367602,1.60910843232648,LVG2
134.255999999998,1.1826171875,-0.67529296875,0.27734375,-1.30154736292016,1.27813440953975,1.8198250127501898,LVG2
134.275999999998,1.19921875,-0.7861328125,0.3505859375,0.950353062213986,1.20363864878389,1.9517889318034198,LVG2
134.295999999998,1.20263671875,-0.40966796875,0.56591796875,2.02202779194465,1.37604312367602,2.04650497047872,LVG2
134.31599999999798,0.93701171875,-0.34716796875,0.392578125,1.92092640234742,1.75916417899185,2.22529479629277,LVG2
134.335999999998,0.701171875,-0.53125,0.11328125,2.7116456915131404,1.96668808395459,2.2284874717537404,LVG2
134.356999999998,0.4375,-0.1806640625,-0.00732421875,3.62262242304189,2.08588130116396,2.04544074532506,LVG2
134.380999999998,0.10400390625,0.103515625,-0.11962890625,3.7631001433243596,1.60804420717282,2.17846888953195,LVG2
134.400999999998,-0.15478515625,0.583984375,0.1025390625,2.87979326579064,0.909912506375093,2.1210007312345702,LVG2
134.420999999998,0.13330078125,0.33837890625,0.390625,1.1780972450961698,0.07023886014123501,2.08907397662492,LVG2
134.441999999998,0.04150390625,-0.20654296875,0.70947265625,0.49486469644961206,-0.018091827612136003,2.16889086314905,LVG2
134.461999999998,-0.1904296875,0.31005859375,1.0556640625,0.348001625245211,-0.080881111677786,1.94646780603514,LVG2
134.485999999998,-0.24560546875,0.43505859375,1.099609375,-0.821581818621721,-0.313946420328248,1.47820873842691,LVG2
134.505999999998,-0.02587890625,-0.04736328125,1.1005859375,-1.15574851686942,-0.321395996403834,0.893949129070266,LVG2
134.525999999998,0.0751953125,-0.46044921875,0.884765625,-0.920554757911643,-0.305432619099008,0.610865238198015,LVG2
134.546999999998,0.07666015625,-0.14794921875,1.125,0.516149199522713,-0.26605628841377,0.696003250490422,LVG2
134.566999999998,-0.04248046875,-0.0439453125,1.69580078125,1.77938445691129,0.308625294559973,0.7779485873218629,LVG2
134.586999999998,-0.15283203125,-0.22998046875,1.4892578125,0.7194162038708342,0.453359915457064,1.00675699535771,LVG2
134.610999999998,-0.244140625,0.0546875,0.9853515625,-1.63890673662882,-0.7843339382437929,1.3207034156859498,LVG2
134.630999999998,0.00244140625,0.02490234375,0.482421875,-1.2887766610763,-1.2632352573885801,0.9397108106774351,LVG2
134.651999999998,0.09033203125,-0.02490234375,0.1708984375,-0.148991521511711,-1.55589717464373,0.28734079148687103,LVG2
134.671999999998,0.43115234375,0.1455078125,0.46337890625,1.1248859874134198,-1.8123754366746003,-0.195817428272535,LVG2
134.691999999998,0.68115234375,0.193359375,0.90380859375,1.82940303913308,-1.5984661807899299,-0.518277649830024,LVG2
134.711999999998,0.62060546875,0.32080078125,1.34716796875,1.2451434297764399,-1.19618907270831,-0.8396736462338571,LVG2
134.731999999998,0.7255859375,0.02099609375,1.6630859375,-0.797104640087654,-0.736443806329315,-0.9439677112920551,LVG2
134.751999999998,0.65234375,-0.4951171875,1.23291015625,-0.8311598450046171,-0.36183655224272704,-1.04400487573563,LVG2
134.771999999998,0.46923828125,-0.37548828125,0.9287109375,-0.591709185432224,-0.35757965162810706,-0.8747930763044749,LVG2
134.79199999999798,0.45654296875,-0.623046875,0.49267578125,-0.074495760755856,-0.37247880377927794,-0.8886280033019909,LVG2
134.811999999998,0.4052734375,-0.37060546875,0.74072265625,0.451231465149754,-0.46719484245458,-0.9354539100628141,LVG2
134.831999999998,0.548828125,-0.09228515625,1.2822265625,-0.025541403687721998,-0.42781851176934205,-0.6534342443442189,LVG2
134.852999999998,0.54345703125,-0.236328125,1.146484375,-0.302239943638043,-0.21603770619198104,-0.449103014842443,LVG2
134.872999999998,0.5078125,-0.27392578125,1.0390625,-0.5257272259056089,-0.143670395743436,-0.389506406237759,LVG2
134.892999999998,0.703125,-0.3671875,1.07666015625,-0.41398358477182595,-0.025541403687721998,-0.33097402278673,LVG2
134.91699999999798,0.66552734375,-0.23779296875,0.71142578125,-0.640663542500358,0.123450117823989,-0.14686307120440098,LVG2
134.936999999998,0.78076171875,-0.412109375,0.49658203125,-0.772627461553587,0.116000541748404,0.011706476690206002,LVG2
134.957999999998,0.97998046875,-0.60546875,0.40869140625,-0.22455150742122199,-0.121321667516679,0.526791451059264,LVG2
134.977999999998,1.0908203125,-0.36767578125,0.61083984375,0.781141262782828,-0.622571714888221,1.57186055194855,LVG2
134.997999999998,0.9111328125,-0.0234375,0.78515625,1.70382447100178,-0.9216189830652979,1.99648638825693,LVG2
135.016999999998,0.60107421875,0.10595703125,0.8818359375,1.71020982192371,-0.9524815125212959,1.93369710419128,LVG2
135.037999999998,0.41064453125,-0.14501953125,0.8505859375,1.48991521511711,-1.12914288802804,1.9358255544985903,LVG2
135.057999999998,0.376953125,-0.052734375,0.89599609375,1.8602655685890799,-1.52503464518773,1.93156865388397,LVG2
135.07799999999799,0.30224609375,0.2177734375,0.640625,1.9145410514254901,-1.8666509195110101,1.48565831450249,LVG2
135.097999999998,0.2822265625,0.36669921875,1.03173828125,1.05571135242584,-1.8719720452792799,0.46825906760823494,LVG2
135.117999999998,0.49365234375,-0.22021484375,1.1650390625,-0.015963377304826,-1.54099802249255,-0.249028685955288,LVG2
135.137999999998,0.30908203125,-0.62451171875,0.375,0.47358019337651,-1.0855096567281801,-0.41079090931086,LVG2
135.158999999998,-0.064453125,-0.3212890625,0.037109375,1.00250009474308,-1.0780600806526,-0.34268049947693496,LVG2
135.17899999999798,0.099609375,0.369140625,0.95361328125,0.9248116585262629,-1.61868645870938,-0.701324376258697,LVG2
135.198999999998,0.24755859375,-0.45947265625,0.9228515625,-0.10535829021185301,-1.7389439010724,-1.3068684886884399,LVG2
135.218999999998,0.15673828125,-0.4453125,0.62646484375,0.7162235284098679,-1.8027974102917002,-1.3217676408396102,LVG2
135.238999999998,0.51220703125,0.59130859375,1.19775390625,1.26429948254223,-2.16037706191981,-1.21321667516679,LVG2
135.258999999998,0.9384765625,0.611328125,1.19775390625,0.029798304302342003,-2.13909255884671,-1.76554952991378,LVG2
135.27999999999798,1.41748046875,0.57470703125,0.892578125,-1.28451976046168,-1.82621036367212,-1.86239401889639,LVG2
135.30399999999798,2.02783203125,0.88671875,1.02490234375,-2.2987263318949704,-1.60485153171186,-1.4409608580489799,LVG2
135.323999999998,2.2626953125,-0.3662109375,1.25390625,-3.0553904161437297,-0.683232548646561,-0.5746815829737429,LVG2
135.343999999998,2.13232421875,0.38720703125,1.2587890625,-1.39200650098084,0.807746891624205,0.608736787890705,LVG2
135.364999999998,1.771484375,0.759765625,0.74169921875,-1.8219534630575,1.78789825814053,1.14297781502556,LVG2
135.384999999998,1.56005859375,0.2578125,0.61376953125,-2.77230652527148,2.39237814541662,1.74745770230164,LVG2
135.408999999998,1.37060546875,0.359375,0.55322265625,-3.2022534873481296,2.98728000630981,1.5271630954950401,LVG2
135.42899999999798,1.09033203125,0.28125,0.306640625,-4.55169098218277,3.34698810824522,1.35475862060292,LVG2
135.448999999998,0.93505859375,-0.5146484375,-0.09765625,-5.3636947744215995,3.4619244248399705,1.5016216918073202,LVG2
135.469999999998,0.52685546875,-1.35107421875,-0.4619140625,-3.39381401500605,3.34379543278426,1.4452177586636001,LVG2
135.489999999998,0.19482421875,-1.31396484375,-0.40185546875,0.7215446541781441,2.5349843160064,0.955674187982261,LVG2
135.509999999998,0.126953125,-0.38232421875,-0.1103515625,4.15686345017674,1.60485153171186,0.194753203118879,LVG2
135.528999999998,0.07470703125,0.3515625,0.26953125,4.97418836818384,1.1248859874134198,-0.428882736922997,LVG2
135.55399999999798,-0.0478515625,0.34326171875,0.3916015625,4.17495527778888,0.7247373296391091,-0.690682124722146,LVG2
135.574999999998,-0.21337890625,0.10546875,0.48486328125,2.7563431479666503,0.20433122950177499,-0.8247744940826859,LVG2
135.594999999998,-0.2666015625,0.0478515625,0.5947265625,1.61442955809475,-0.488479345527681,-0.9035271554531621,LVG2
135.614999999998,0.0009765625,-0.1455078125,0.5927734375,0.614057913658981,-1.2057670990912,-0.975894465901708,LVG2
135.634999999998,0.2119140625,-0.888671875,0.4013671875,-0.11174364113378302,-1.60165885625089,-0.7279300051000741,LVG2
135.65499999999798,0.38330078125,-1.11572265625,0.77490234375,0.891820678762956,-1.89432077350604,-0.09045913806068198,LVG2
135.674999999998,0.5859375,-0.51904296875,1.57080078125,1.8166323372892201,-1.69850334523351,0.345873174937901,LVG2
135.694999999998,0.7265625,-0.419921875,1.59130859375,0.974830240748052,-0.9397108106774351,0.20007432888715498,LVG2
135.71499999999799,0.724609375,-0.779296875,0.94482421875,0.435268087844927,-0.44058921361320297,0.09897293928992199,LVG2
135.734999999998,0.5302734375,-0.076171875,0.4501953125,1.35156594514195,-0.403341333235275,0.505506947986163,LVG2
135.754999999998,0.2099609375,1.06103515625,0.30224609375,1.22705160216431,-0.5640393314371921,0.35757965162810706,LVG2
135.775999999998,0.54736328125,0.8330078125,0.5,-0.34161627432328,-1.09189500765011,-0.338423598862315,LVG2
135.795999999998,0.51953125,0.15966796875,0.48046875,-1.0493260015039099,-1.27174905861782,-0.620443264580911,LVG2
135.81599999999798,0.17041015625,0.447265625,-0.02978515625,-0.635342416732082,-1.60591575686551,-0.7662421106316569,LVG2
135.835999999998,0.25048828125,0.50439453125,-0.18896484375,-0.6715260719563549,-2.5924524743037702,-1.1770330199425199,LVG2
135.855999999998,1.16162109375,-0.443359375,1.373046875,-0.243707560187013,-3.40871316715722,-1.40690565313201,LVG2
135.875999999998,1.79296875,-0.4580078125,2.490234375,1.4526673347391799,-2.97344507931229,-1.15468429171576,LVG2
135.895999999998,1.88818359375,-0.4111328125,2.4462890625,0.39695598231334395,-1.41009832859298,-0.5459475038250561,LVG2
135.915999999998,1.79443359375,-0.7109375,1.64892578125,-1.16426231809866,0.37460725408658796,0.077688436216821,LVG2
135.935999999998,1.29541015625,0.00830078125,0.28466796875,-0.7258015547927641,1.58037435317779,0.5853238345102929,LVG2
135.955999999998,0.68359375,0.966796875,-0.07177734375,-0.127707018438609,1.6101726574801298,0.7258015547927641,LVG2
135.976999999998,0.80810546875,1.03515625,0.18798828125,-1.2121524500131398,1.0259130481235001,0.389506406237759,LVG2
135.996999999998,1.1806640625,0.52392578125,0.810546875,-2.53179164054543,0.8747930763044749,0.169211799431158,LVG2
136.016999999998,1.41943359375,0.3564453125,1.380859375,-3.04581238976084,1.30793271384209,0.16708334912384698,LVG2
136.036999999998,1.5419921875,0.1865234375,1.48046875,-3.82269675192904,2.08588130116396,0.384185280469484,LVG2
136.056999999998,1.4033203125,0.177734375,1.16259765625,-4.521892677880429,2.9585459271611203,0.709838177487938,LVG2
136.076999999998,1.06982421875,0.0029296875,0.67724609375,-5.10083116146879,3.62049397273458,0.982279816823638,LVG2
136.096999999998,0.43212890625,-0.7236328125,0.01220703125,-4.78475629083324,3.90038518814587,1.0769958554989398,LVG2
136.116999999998,0.0849609375,-0.7666015625,-0.02197265625,-2.21784522021718,3.60240214512244,0.515084974369058,LVG2
136.136999999998,-0.0078125,-0.60107421875,-0.130859375,-0.228808408035842,3.1064732235191803,-0.034055204916963,LVG2
136.156999999998,-0.25634765625,-0.53466796875,0.26806640625,0.49592892160326707,2.70100343997659,-0.28840501664052604,LVG2
136.177999999998,-0.318359375,-0.8134765625,0.29443359375,0.843930546848478,1.72085207346026,-0.300111493330732,LVG2
136.197999999998,-0.236328125,-0.74267578125,-0.03955078125,2.0230920170983,0.580002708742018,-0.7162235284098679,LVG2
136.217999999998,-0.0205078125,-0.310546875,0.095703125,2.3998277214922004,-0.227744182882187,-0.969509114979777,LVG2
136.237999999998,0.3564453125,0.294921875,0.3408203125,1.9358255544985903,-0.884371102687371,-1.09189500765011,LVG2
136.256999999998,0.38818359375,0.3515625,0.3056640625,0.25541403687721903,-1.20363864878389,-1.07486740519163,LVG2
136.277999999998,0.49560546875,-0.9521484375,-0.265625,-1.83685261520867,-1.48352986419518,-0.80668266647055,LVG2
136.29799999999798,0.54345703125,-1.376953125,-0.3701171875,-0.08833068775337198,-1.9975506134105803,-0.616186363966291,LVG2
136.317999999998,0.27197265625,0.22998046875,-0.06689453125,2.8978850934027798,-2.5264705147771602,-0.450167239996098,LVG2
136.337999999998,0.177734375,1.9228515625,1.30078125,2.66588400990597,-2.9638670529293996,-0.9226832082189541,LVG2
136.357999999998,0.89404296875,0.16064453125,2.58544921875,-1.01101389597233,-3.22566644072854,-1.47608028811959,LVG2
136.378999999998,1.42724609375,-1.5107421875,2.23046875,-1.7729991059893602,-2.62225077860612,-1.52609887034138,LVG2
136.398999999998,1.42626953125,-1.07177734375,2.06494140625,0.077688436216821,-1.4952363408853897,-0.7864623885511031,LVG2
136.418999999998,1.447265625,-0.20556640625,1.9736328125,0.722608879331799,-0.371414578625623,0.114936316594749,LVG2
136.438999999998,1.451171875,0.3232421875,1.35205078125,-0.382056830162173,0.5831953842029829,0.73537958117566,LVG2
136.45899999999799,1.24853515625,0.50927734375,0.92041015625,-1.7155309476919902,1.28771243592265,1.01739924689426,LVG2
136.479999999998,1.19580078125,0.3828125,0.86328125,-2.5360485411600497,1.62187913417034,1.05996825304046,LVG2
136.499999999998,1.29443359375,0.34619140625,0.8515625,-2.94896790077822,1.9485962563424502,0.8567012486923391,LVG2
136.519999999998,1.2763671875,0.4111328125,0.7958984375,-3.72372381263912,2.4902868595528798,0.767306335785312,LVG2
136.539999999998,1.05419921875,0.25390625,0.54296875,-4.86776585281833,3.05219774068277,0.822646043775376,LVG2
136.55999999999798,0.75732421875,-0.244140625,0.16552734375,-5.7563938561203205,3.3214467045575,0.8354167456192372,LVG2
136.579999999998,0.56201171875,-0.54296875,-0.0458984375,-5.29239168912671,3.3427312076306004,0.7034528265660072,LVG2
136.599999999998,0.48779296875,-0.912109375,-0.11962890625,-4.53998450549257,3.16394138181655,0.628957065810152,LVG2
136.619999999998,0.3662109375,-1.083984375,-0.05322265625,-3.3523092340135,3.05964731675835,0.520406100137334,LVG2
136.639999999998,0.13232421875,-0.923828125,0.30224609375,-1.04294065058198,3.07561069406318,-0.04789013191447901,LVG2
136.659999999998,0.01318359375,-0.51806640625,0.53515625,0.616186363966291,2.7765634258861,-0.693874800183112,LVG2
136.679999999998,-0.10791015625,-0.5224609375,0.267578125,0.44803878968878796,2.23593704782932,-0.9673806646724671,LVG2
136.700999999998,-0.15478515625,-0.82080078125,0.0185546875,0.582131159049328,1.5707963267949,-1.13552823894997,LVG2
136.72099999999799,-0.03857421875,-0.9091796875,0.08154296875,1.70382447100178,0.841802096541167,-1.3845569249052598,LVG2
136.740999999998,-0.0068359375,-0.8115234375,0.1328125,2.61905810314515,0.28201966571859605,-1.4952363408853897,LVG2
136.759999999998,0.02392578125,-0.623046875,0.13330078125,2.6861042878254198,-0.36077232708907203,-1.3717862230613997,LVG2
136.780999999998,0.21484375,-0.6181640625,0.2939453125,2.08056017539568,-1.07593163034528,-1.05571135242584,LVG2
136.800999999998,0.27783203125,-0.94140625,0.40380859375,1.26429948254223,-1.38774960036622,-0.698131700797732,LVG2
136.820999999998,0.30859375,-0.87744140625,0.60400390625,1.3409236936053999,-1.44734620897091,-0.67471874741732,LVG2
136.840999999998,0.41064453125,-0.6025390625,0.56396484375,1.54738337341449,-1.42499748074415,-0.772627461553587,LVG2
136.860999999998,0.51806640625,-0.4658203125,0.7685546875,1.52609887034138,-1.1472347156401799,-0.623635940041876,LVG2
136.880999999999,0.5830078125,-0.67626953125,1.240234375,1.00888544566502,-0.7194162038708342,-0.171340249738468,LVG2
136.901999999998,0.4736328125,-0.50927734375,1.41357421875,0.8311598450046171,-0.239450659572393,-0.133028144206885,LVG2
136.921999999999,0.412109375,-0.27490234375,1.24658203125,0.27457008964301,0.023412953380412004,-0.194753203118879,LVG2
136.941999999999,0.384765625,-0.20166015625,1.07177734375,-0.27989121541128603,0.153248422126331,-0.246900235647978,LVG2
136.961999999999,0.3662109375,-0.18798828125,0.97607421875,-0.8194533683144108,0.20752390496273998,-0.311817970020938,LVG2
136.981999999999,0.33251953125,-0.22119140625,0.82470703125,-1.2121524500131398,0.19688165342619002,-0.295854592716112,LVG2
137.00199999999901,0.361328125,-0.31591796875,0.75244140625,-1.44628198381725,0.06917463498758,-0.23200108349680698,LVG2
137.021999999999,0.45263671875,-0.6015625,0.65478515625,-1.9273117532693502,-0.034055204916963,-0.19368897796522402,LVG2
137.041999999999,0.48193359375,-0.859375,0.59765625,-2.06140412262989,-0.042569006146202994,-0.19688165342619002,LVG2
137.06199999999902,0.5087890625,-0.861328125,0.6943359375,-1.12701443772073,-0.08194533683144099,-0.20965235527005102,LVG2
137.081999999999,0.5439453125,-0.70556640625,0.7978515625,0.086202237446062,-0.133028144206885,-0.142606170589781,LVG2
137.101999999999,0.5791015625,-0.5830078125,0.80322265625,0.00212845030731,-0.120257442363024,-0.008513801229241,LVG2
137.12199999999902,0.5830078125,-0.62060546875,0.81884765625,-0.46825906760823494,-0.114936316594749,0.158569547894607,LVG2
137.141999999999,0.52490234375,-0.58837890625,0.82958984375,-0.10003716444357699,-0.09471603867530198,0.20752390496273998,LVG2
137.161999999999,0.4794921875,-0.505859375,0.8125,0.259670937491839,-0.07023886014123501,0.160697998201917,LVG2
137.18199999999902,0.427734375,-0.48193359375,0.8173828125,0.065981959526615,-0.028734079148687,0.130899693899575,LVG2
137.202999999999,0.45458984375,-0.541015625,0.80419921875,-0.332038247940385,-0.06491773437296,0.120257442363024,LVG2
137.22299999999902,0.4814453125,-0.5908203125,0.759765625,-0.893949129070266,-0.040440555838893,0.10642251536550801,LVG2
137.242999999999,0.41064453125,-0.7412109375,0.61572265625,-1.2206662512423798,0.09578026382895699,0.09258758836799198,LVG2
137.262999999999,0.39990234375,-0.64208984375,0.53271484375,-0.767306335785312,0.06066083375833999,0.042569006146202994,LVG2
137.28299999999902,0.39794921875,-0.49853515625,0.49462890625,-0.13834926997516,-0.051082807375443996,-0.127707018438609,LVG2
137.302999999999,0.34716796875,-0.52783203125,0.52490234375,0.36290077739638205,-0.13409236936053998,-0.316074870635558,LVG2
137.322999999999,0.392578125,-0.66845703125,0.5693359375,0.514020749215403,-0.26179938779914896,-0.41079090931086,LVG2
137.342999999999,0.44677734375,-0.7158203125,0.60693359375,0.7034528265660072,-0.277762765103976,-0.45868104122533904,LVG2
137.362999999999,0.453125,-0.6650390625,0.68505859375,0.8194533683144108,-0.156441097587297,-0.47783709399113106,LVG2
137.38299999999902,0.49462890625,-0.60546875,0.74755859375,0.685360998953871,-0.015963377304826,-0.437396538152238,LVG2
137.402999999999,0.5458984375,-0.56201171875,0.76220703125,0.6268286155028421,0.09578026382895699,-0.40014865777430997,LVG2
137.423999999999,0.556640625,-0.515625,0.78857421875,0.5235987755982989,0.168147574277502,-0.37460725408658796,LVG2
137.44399999999902,0.548828125,-0.501953125,0.82421875,0.30649684425266305,0.251157136262599,-0.285212341179561,LVG2
137.463999999999,0.55517578125,-0.58544921875,0.7939453125,0.072367310448545,0.291597692101492,-0.147927296358056,LVG2
137.483999999999,0.53857421875,-0.55078125,0.76904296875,0.10642251536550801,0.27244163933570004,-0.078752661370476,LVG2
137.503999999999,0.4951171875,-0.439453125,0.75048828125,0.29372614240880196,0.259670937491839,-0.050018582221788996,LVG2
137.523999999999,0.4169921875,-0.36376953125,0.7900390625,0.290533466947837,0.273505864489355,-0.036183655224273,LVG2
137.54399999999902,0.42626953125,-0.4609375,0.83251953125,-0.019156052765792,0.20113855404081,-0.015963377304826,LVG2
137.563999999999,0.49365234375,-0.70703125,0.82080078125,-0.29372614240880196,0.08513801229240599,-0.031926754609652,LVG2
137.584999999999,0.49267578125,-0.73779296875,0.814453125,0.043633231299858,-0.00212845030731,-0.050018582221788996,LVG2
137.604999999999,0.4755859375,-0.458984375,0.87841796875,0.591709185432224,-0.06385350921930501,-0.121321667516679,LVG2
137.624999999999,0.5556640625,-0.37451171875,0.8310546875,0.19794587857984502,-0.11174364113378302,-0.008513801229241,LVG2
137.64499999999902,0.55615234375,-0.49755859375,0.7890625,-0.48635089522037106,-0.015963377304826,0.233065308650462,LVG2
137.664999999999,0.5380859375,-0.65673828125,0.76171875,-0.863086599614269,0.044697456453513,0.391634856545069,LVG2
137.684999999999,0.52392578125,-0.7080078125,0.75341796875,-0.8598939241533041,0.04895435706813401,0.479965544298441,LVG2
137.70499999999902,0.4794921875,-0.65380859375,0.76513671875,-0.5619108811298821,0.09365181352164699,0.5384979277494699,LVG2
137.724999999999,0.46044921875,-0.6513671875,0.734375,-0.080881111677786,0.06066083375833999,0.407598233849895,LVG2
137.744999999999,0.458984375,-0.55615234375,0.75439453125,0.40653400869623996,-0.036183655224273,0.137285044821505,LVG2
137.76499999999902,0.4833984375,-0.37890625,0.84619140625,0.41611203507913597,0.065981959526615,0.009578026382896,LVG2
137.784999999999,0.42919921875,-0.3955078125,0.79833984375,-0.44803878968878796,0.373543028932933,0.26179938779914896,LVG2
137.804999999999,0.3466796875,-0.53271484375,0.63818359375,-0.867343500228889,0.291597692101492,0.336295148555005,LVG2
137.825999999999,0.42138671875,-0.76220703125,0.6318359375,-0.7247373296391091,0.10322983990454301,0.389506406237759,LVG2
137.845999999999,0.4443359375,-0.80908203125,0.64599609375,-0.137285044821505,0.003192675460965,0.399084432620655,LVG2
137.86599999999902,0.4248046875,-0.69189453125,0.70947265625,0.356515426474451,-0.051082807375443996,0.42569006146203203,LVG2
137.885999999999,0.3916015625,-0.658203125,0.74609375,0.28840501664052604,-0.10216561475088799,0.479965544298441,LVG2
137.905999999999,0.4013671875,-0.9521484375,0.7783203125,0.46400216699361496,-0.145798846050746,0.630021290963807,LVG2
137.92599999999902,0.42919921875,-1.18115234375,0.822265625,1.30793271384209,-0.074495760755856,0.799233090394964,LVG2
137.945999999999,0.392578125,-0.6328125,0.79931640625,0.937582360370125,0.09258758836799198,1.1036014843403201,LVG2
137.965999999999,0.30029296875,-0.693359375,0.7060546875,0.08300956198509599,0.156441097587297,1.59101660471434,LVG2
137.985999999999,0.18505859375,-1.037109375,0.7412109375,0.767306335785312,0.051082807375443996,1.84430219128425,LVG2
138.005999999999,-0.0166015625,-0.94287109375,0.681640625,1.89112809804508,-0.195817428272535,1.84430219128425,LVG2
138.02599999999902,0.0205078125,-0.59033203125,0.7392578125,2.4274975754872403,-0.4969931467569221,1.7815129072186002,LVG2
138.045999999999,0.1494140625,-0.34765625,0.7763671875,2.5126355877796405,-0.7513429584804859,1.75171460291626,LVG2
138.065999999999,0.2275390625,-0.232421875,0.6904296875,2.07630327478106,-0.9982431941284642,1.6101726574801298,LVG2
138.08599999999902,0.25537109375,-0.67431640625,0.185546875,2.2455150742122205,-1.3207034156859498,1.2494003303910601,LVG2
138.105999999999,0.41455078125,-0.4619140625,0.07177734375,3.9472110949066903,-1.88687119743046,0.36396500255003705,LVG2
138.12699999999901,0.654296875,0.74169921875,0.31005859375,3.5928241187395495,-2.2987263318949704,-0.39695598231334395,LVG2
138.146999999999,0.72705078125,1.2451171875,0.50439453125,0.854572798385028,-2.4924153098601898,-0.7875266137047591,LVG2
138.166999999999,1.1650390625,0.11865234375,0.96533203125,-1.194060622401,-1.86877936981832,-0.6268286155028421,LVG2
138.18699999999902,1.0673828125,-1.06982421875,1.47802734375,-0.142606170589781,-0.736443806329315,-0.17666137550674302,LVG2
138.206999999999,0.466796875,-0.3505859375,1.2236328125,-0.28840501664052604,-0.25541403687721903,-0.346937400091556,LVG2
138.226999999999,0.14990234375,-0.58203125,0.60205078125,-1.1589411923303798,-0.30117571848438696,-0.36290077739638205,LVG2
138.24699999999902,0.35595703125,-1.1279296875,0.78515625,0.277762765103976,-0.42569006146203203,-0.387377955930449,LVG2
138.266999999999,0.37548828125,-0.50927734375,0.73583984375,1.27813440953975,-0.450167239996098,-0.31501064548190305,LVG2
138.286999999999,0.357421875,0.14404296875,0.77099609375,0.937582360370125,-0.5427548283640901,-0.384185280469484,LVG2
138.30699999999902,0.59814453125,0.14794921875,1.123046875,0.122385892670334,-0.504442722832507,-0.562975106283537,LVG2
138.327999999999,0.62158203125,-0.28125,0.98974609375,-0.042569006146202994,-0.356515426474451,-0.49060779583499203,LVG2
138.34799999999902,0.52197265625,-0.35302734375,0.86572265625,0.13834926997516,-0.28840501664052604,-0.28946924179418104,LVG2
138.367999999999,0.60302734375,-0.3349609375,0.9462890625,0.16389067366288199,-0.26818473872107995,-0.20645967980908497,LVG2
138.387999999999,0.611328125,-0.25927734375,0.8896484375,0.09684448898261201,-0.244771785340668,-0.137285044821505,LVG2
138.40799999999902,0.6767578125,-0.18505859375,0.91259765625,-0.09471603867530198,-0.16389067366288199,-0.09045913806068198,LVG2
138.427999999999,0.849609375,-0.08544921875,0.93408203125,-0.7822054879364829,0.00425690061462,0.051082807375443996,LVG2
138.44899999999902,0.9208984375,-0.185546875,1.04443359375,-1.62187913417034,0.33097402278673,0.334166698247695,LVG2
138.467999999999,0.91552734375,0.0625,1.060546875,-2.03054159317389,0.669397621649045,0.367157678011002,LVG2
138.492999999999,0.8515625,0.20458984375,1.1083984375,-3.0372985885316,0.984408267130948,0.358643876781762,LVG2
138.512999999999,0.65625,0.017578125,0.92041015625,-4.03128488204544,1.40690565313201,0.329909797633074,LVG2
138.533999999999,0.39697265625,-0.06103515625,0.7626953125,-4.55701210795105,1.70382447100178,0.154312647279986,LVG2
138.553999999999,0.20166015625,-0.20751953125,0.52294921875,-5.02101427494466,1.78576980783322,-0.14047772028247002,LVG2
138.57399999999902,0.03515625,-0.56640625,0.1943359375,-4.59638843863629,1.71872362315295,-0.453359915457064,LVG2
138.593999999999,-0.05712890625,-0.6796875,0.1884765625,-3.0766749192168303,1.5271630954950401,-0.889692228455646,LVG2
138.613999999999,-0.037109375,-0.87451171875,0.478515625,-1.58037435317779,1.31112538930306,-1.21853780093507,LVG2
138.63399999999902,0.0849609375,-0.60791015625,0.70703125,-0.07023886014123501,1.0354910745063899,-1.6325213857068899,LVG2
138.654999999999,0.2421875,-0.42138671875,0.564453125,0.257542487184529,0.6129936885053261,-2.01457821586906,LVG2
138.678999999999,0.34814453125,-0.57177734375,0.29833984375,0.013834926997516001,0.126642793284954,-2.1178080557736103,LVG2
138.69899999999902,0.4794921875,-0.70166015625,0.171875,0.086202237446062,-0.38099260500851795,-2.15079903553691,LVG2
138.718999999999,0.630859375,-0.6640625,0.28271484375,0.319267546096524,-0.946096161599365,-2.09971622816147,LVG2
138.73999999999901,0.853515625,-0.5625,0.41845703125,0.33523092340134997,-1.3951991764418101,-1.99648638825693,LVG2
138.759999999999,1.01416015625,-0.6533203125,0.46630859375,-0.348001625245211,-1.48140141388787,-1.76661375506743,LVG2
138.779999999999,1.0625,-0.77978515625,0.5439453125,-1.18341837086445,-1.22173047639603,-1.4377681825880102,LVG2
138.798999999999,1.06591796875,-0.8193359375,0.52734375,-1.69105376915792,-0.9024629302995071,-0.9641879892115021,LVG2
138.82399999999902,0.96923828125,-1.119140625,0.349609375,-2.18698269076119,-0.27031318902839,-0.137285044821505,LVG2
138.844999999999,0.853515625,-0.84228515625,0.53369140625,-1.0855096567281801,0.003192675460965,0.10003716444357699,LVG2
138.86499999999901,0.8017578125,-0.45361328125,0.51953125,-0.696003250490422,-0.09684448898261201,0.074495760755856,LVG2
138.884999999999,0.8544921875,-0.37939453125,0.6630859375,-1.21321667516679,-0.145798846050746,0.124514342977644,LVG2
138.904999999999,0.9169921875,-0.447265625,0.5634765625,-1.64742053785806,-0.020220277919447,0.06491773437296,LVG2
138.92499999999902,0.748046875,-0.40673828125,0.4736328125,-1.67189771639213,0.19901010373349998,-0.058532383451029006,LVG2
138.944999999999,0.6650390625,-0.39892578125,0.5380859375,-1.92092640234742,0.157505322740952,-0.08833068775337198,LVG2
138.964999999999,0.7177734375,-0.53173828125,0.42724609375,-2.1092942545443703,0.007449576075585999,-0.076624211063166,LVG2
138.98499999999902,0.7978515625,-0.80859375,0.31201171875,-1.8815500716621798,-0.052147032529099004,-0.020220277919447,LVG2
139.004999999999,0.76416015625,-0.96337890625,0.19921875,-1.6261360347849598,0.086202237446062,0.084073787138751,LVG2
139.024999999999,0.5537109375,-1.0771484375,0.0244140625,-1.0280414984308102,0.051082807375443996,0.290533466947837,LVG2
139.045999999999,0.57568359375,-0.73876953125,0.0654296875,0.5427548283640901,-0.26924896387473496,0.16389067366288199,LVG2
139.065999999999,0.68408203125,-0.41357421875,0.2490234375,1.04613332604294,-0.345873174937901,-0.058532383451029006,LVG2
139.08599999999902,0.7607421875,-0.53857421875,0.30224609375,0.28095544056494104,-0.239450659572393,0.007449576075585999,LVG2
139.10999999999902,0.79833984375,-0.72021484375,0.2978515625,-0.247964460801633,-0.065981959526615,0.036183655224273,LVG2
139.129999999999,0.748046875,-0.90966796875,0.14501953125,-0.305432619099008,-0.00425690061462,0.145798846050746,LVG2
139.15099999999902,0.6962890625,-0.916015625,0.0478515625,0.29372614240880196,-0.10535829021185301,0.258606712338184,LVG2
139.170999999999,0.7197265625,-0.7607421875,0.29736328125,0.9450319364457099,-0.240514884726048,0.300111493330732,LVG2
139.190999999999,0.80078125,-0.470703125,0.53857421875,0.898206029684887,-0.290533466947837,0.44058921361320297,LVG2
139.21099999999902,0.69775390625,-0.66650390625,0.330078125,-0.12983546874592,-0.18091827612136302,0.571488907512777,LVG2
139.230999999999,0.6572265625,-0.9716796875,0.2685546875,-0.41611203507913597,-0.122385892670334,0.5597824308225721,LVG2
139.250999999999,0.70263671875,-1.00244140625,0.43896484375,0.20220277919446497,-0.179854050967708,0.488479345527681,LVG2
139.27099999999902,0.7216796875,-0.98095703125,0.4619140625,0.622571714888221,-0.120257442363024,0.5512686295933311,LVG2
139.291999999999,0.6484375,-0.87939453125,0.43408203125,1.0514544518112199,-0.017027602458481002,0.5448832786714001,LVG2
139.315999999999,0.640625,-0.84912109375,0.2724609375,1.32283186599326,-0.13834926997516,0.4969931467569221,LVG2
139.33599999999902,0.595703125,-0.60498046875,0.34814453125,1.42499748074415,-0.05959660860468499,0.419304710540101,LVG2
139.356999999999,0.45068359375,-0.7392578125,0.11474609375,1.4090341034393201,-0.008513801229241,0.35757965162810706,LVG2
139.37699999999901,0.40283203125,-0.72314453125,0.14697265625,1.76661375506743,-0.06066083375833999,0.20007432888715498,LVG2
139.396999999999,0.4404296875,-0.6572265625,0.2158203125,1.92518330296204,-0.114936316594749,-0.00425690061462,LVG2
139.416999999999,0.58935546875,-0.5400390625,0.50634765625,1.56334675071931,-0.025541403687721998,-0.14473462089709102,LVG2
139.43699999999902,0.697265625,-0.63427734375,0.47314453125,1.26004258192761,0.056403933143719005,-0.13834926997516,LVG2
139.456999999999,0.609375,-0.4111328125,0.52685546875,1.03016994873812,0.10642251536550801,-0.133028144206885,LVG2
139.476999999999,0.5,-0.45361328125,0.46533203125,0.860958149306959,-0.013834926997516001,-0.20220277919446497,LVG2
139.49699999999902,0.51025390625,-0.56787109375,0.41455078125,1.05358290211853,-0.114936316594749,-0.42036893569375605,LVG2
139.516999999999,0.41064453125,-0.6064453125,0.23974609375,2.17208353861002,-0.10535829021185301,-0.8460589971557879,LVG2
139.536999999999,0.2578125,-0.13134765625,0.6513671875,2.2221021208317997,-0.38312105531582796,-1.41541945436126,LVG2
139.55699999999902,0.6650390625,-0.43359375,0.82763671875,0.775820137014553,-0.502314272525197,-1.58782392925338,LVG2
139.577999999999,0.94189453125,-0.77197265625,0.77392578125,-0.18411095158232899,-0.247964460801633,-1.62081490901669,LVG2
139.601999999999,1.1015625,-1.22607421875,0.2802734375,0.9024629302995071,-0.06491773437296,-1.3909422758271899,LVG2
139.62199999999902,1.36572265625,-0.67822265625,0.615234375,3.3118686781746103,0.036183655224273,-0.610865238198015,LVG2
139.641999999999,1.365234375,0.380859375,0.75830078125,4.11003754341592,0.6598195952661489,0.478901319144786,LVG2
139.66299999999902,1.19384765625,0.6748046875,0.859375,2.2284874717537404,1.19618907270831,1.41648367951491,LVG2
139.682999999999,1.171875,0.16455078125,0.74072265625,-0.713030852948903,1.4143552292076,2.3242677355826897,LVG2
139.702999999999,1.2724609375,-0.26513671875,0.8203125,-1.6516774384726798,1.7144667225383299,2.95641747685381,LVG2
139.72299999999902,1.18115234375,-0.24658203125,0.8349609375,-1.47075916235132,1.65699856424096,2.9138484707076096,LVG2
139.742999999999,0.77294921875,-0.4111328125,0.6103515625,-1.9156052765791398,1.39839185190277,2.82232510749327,LVG2
139.762999999999,0.28857421875,-0.72900390625,0.2431640625,-3.04581238976084,0.872664625997165,2.9117200204003,LVG2
139.783999999999,0.00439453125,-0.48486328125,0.50341796875,-2.44239672763841,0.253285586569909,2.1710193134563602,LVG2
139.803999999999,-0.21826171875,-0.74560546875,0.31494140625,-1.30580426353478,-0.20007432888715498,1.3951991764418101,LVG2
139.827999999999,-0.40478515625,-0.607421875,0.09228515625,0.489543570681336,-0.844994772002133,0.321395996403834,LVG2
139.84799999999902,-0.29150390625,-0.77294921875,0.37646484375,1.02272037266253,-0.637470867039392,-0.065981959526615,LVG2
139.868999999999,-0.0595703125,-0.85400390625,1.2236328125,1.1898037217863797,-0.227744182882187,-0.264992063260115,LVG2
139.88899999999902,0.09375,-0.96875,1.18310546875,-0.47251596822285497,0.14686307120440098,-0.259670937491839,LVG2
139.908999999999,0.0546875,-1.244140625,0.685546875,0.022348728226757004,0.21390925588467102,-0.19049630250425897,LVG2
139.928999999999,0.078125,-0.90087890625,0.53857421875,0.704517051719662,-0.054275482836409004,-0.056403933143719005,LVG2
139.94899999999998,0.1328125,-0.56103515625,0.5439453125,0.620443264580911,-0.177725600660398,-0.075559985909511,LVG2
139.969,0.30322265625,-0.6337890625,0.52490234375,0.35757965162810706,-0.628957065810152,-0.169211799431158,LVG2
139.989,0.482421875,-0.8623046875,0.46728515625,1.75277882806992,-0.9120409566824029,-0.245836010494323,LVG2
140.009,0.63671875,-0.623046875,0.64892578125,2.45729587978958,-1.06422515365508,-0.253285586569909,LVG2
140.029,0.7412109375,-0.71875,0.826171875,2.2625426766707,-1.0280414984308102,-0.170276024584813,LVG2
140.049,0.94287109375,-0.89013671875,0.9013671875,2.83935270995175,-0.918426307604333,0.029798304302342003,LVG2
140.069,0.96826171875,-0.48583984375,0.94091796875,3.7205311371781598,-0.5874522848176039,0.28201966571859605,LVG2
140.09,0.6240234375,-0.61279296875,0.6591796875,3.44596104753515,-0.121321667516679,0.527855676212919,LVG2
140.11,0.42041015625,-0.4599609375,0.56884765625,4.74325150984069,-0.045761681607168,0.5448832786714001,LVG2
140.134,0.3291015625,0.3369140625,0.7705078125,4.2717997667714895,-0.522534550444644,0.568296232051812,LVG2
140.154,0.22314453125,0.025390625,0.6923828125,2.12845030731016,-0.733251130868349,0.44058921361320297,LVG2
140.175,0.22021484375,-0.35546875,0.76416015625,1.35156594514195,-0.946096161599365,0.17666137550674302,LVG2
140.195,0.373046875,-0.345703125,0.8515625,1.74320080168702,-1.3622081966784998,0.175597150353088,LVG2
140.215,0.615234375,-0.2041015625,0.8466796875,1.20363864878389,-1.5186492942658,0.259670937491839,LVG2
140.235,0.7060546875,-0.24462890625,0.74462890625,0.39695598231334395,-1.22811582731796,0.30436839394535303,LVG2
140.254,0.666015625,-0.63818359375,0.37109375,0.36290077739638205,-1.2834555353080301,0.39482753200603404,LVG2
140.275,0.8046875,-0.79443359375,0.21728515625,1.58675970409972,-1.59953040594358,0.5853238345102929,LVG2
140.295,0.89990234375,-0.16650390625,0.35107421875,3.52897060952024,-1.4665022617366998,0.576810033281053,LVG2
140.315,0.814453125,0.42138671875,0.7490234375,4.206882032398529,-0.8854353278410259,0.313946420328248,LVG2
140.335,0.65234375,0.49755859375,0.95068359375,3.3735937370866003,-0.528919901366574,0.238386434418738,LVG2
140.355,0.671875,0.6826171875,0.994140625,2.29234098097304,-0.40440555838892994,-0.06491773437296,LVG2
140.376,0.7119140625,0.37451171875,0.75390625,0.984408267130948,-0.240514884726048,-0.30649684425266305,LVG2
140.39600000000002,0.6552734375,-0.01513671875,0.62451171875,0.637470867039392,-0.15111997181902098,-0.38312105531582796,LVG2
140.416,0.6591796875,0.2861328125,0.77099609375,0.9801513665163281,-0.251157136262599,-0.521470325290989,LVG2
140.435,0.68212890625,0.3896484375,0.81689453125,0.31288219517459304,-0.36928612831831203,-0.487415120374026,LVG2
140.46,0.76708984375,0.05810546875,0.81201171875,-0.7055812768733171,-0.424625836308377,-0.435268087844927,LVG2
140.481,0.89453125,-0.37890625,0.822265625,-0.9216189830652979,-0.39695598231334395,-0.297983043023422,LVG2
140.501,0.87158203125,-0.2421875,0.8251953125,0.050018582221788996,-0.243707560187013,-0.09365181352164699,LVG2
140.52100000000002,0.71533203125,0.13134765625,0.70556640625,0.53424102713485,-0.13196391905323,0.09471603867530198,LVG2
140.541,0.7109375,0.3095703125,0.67626953125,0.351194300706176,-0.157505322740952,0.14686307120440098,LVG2
140.565,0.71826171875,0.228515625,0.63916015625,0.194753203118879,-0.17240447489212302,0.027669853995032002,LVG2
140.586,0.7265625,0.21923828125,0.6279296875,0.328845572479419,-0.233065308650462,0.035119430070618,LVG2
140.606,0.740234375,0.48486328125,0.64013671875,-0.179854050967708,-0.37247880377927794,0.077688436216821,LVG2
140.626,0.79248046875,0.31005859375,0.560546875,-1.2015101984765801,-0.321395996403834,-0.11280786628743801,LVG2
140.64600000000002,0.74365234375,-0.15283203125,0.5458984375,-1.21853780093507,-0.295854592716112,-0.27457008964301,LVG2
140.666,0.7099609375,-0.193359375,0.62548828125,-0.595966086046844,-0.356515426474451,-0.250092911108944,LVG2
140.686,0.75,0.0361328125,0.70849609375,-0.93864658552378,-0.35013007555252096,-0.114936316594749,LVG2
140.70600000000002,0.72314453125,-0.068359375,0.78173828125,-1.15787696717673,-0.174532925199433,-0.161762223355572,LVG2
140.726,0.71923828125,-0.0537109375,0.87841796875,-1.22705160216431,-0.18411095158232899,-0.20645967980908497,LVG2
140.746,0.8232421875,0.017578125,0.9130859375,-1.71127404707737,-0.142606170589781,-0.15111997181902098,LVG2
140.766,0.90380859375,0.09326171875,0.9130859375,-2.40302039695317,0.036183655224273,-0.10855096567281801,LVG2
140.786,0.859375,-0.0439453125,0.82177734375,-2.44346095279206,0.126642793284954,0.06278928406565,LVG2
140.806,0.8671875,-0.18798828125,0.75244140625,-2.16889086314905,0.078752661370476,0.322460221557489,LVG2
140.826,0.912109375,-0.5224609375,0.54833984375,-1.1174364113378301,0.09897293928992199,0.47677286883747494,LVG2
140.851,0.849609375,-0.57958984375,0.6552734375,0.830095619850962,0.234129533804117,0.488479345527681,LVG2
140.871,0.79052734375,-0.2373046875,0.70849609375,1.65487011393365,0.21390925588467102,0.669397621649045,LVG2
140.892,0.70556640625,-0.46337890625,0.578125,1.47501606296594,0.18517517673598397,0.803489991009585,LVG2
140.912,0.77490234375,-0.73828125,0.54150390625,2.28595563005111,0.10003716444357699,0.7875266137047591,LVG2
140.93200000000002,0.9990234375,-0.49267578125,0.60205078125,3.3735937370866003,0.13196391905323,0.87585730145813,LVG2
140.952,1.0830078125,-0.00439453125,0.6513671875,3.22034531496027,0.455488365764374,1.2238589267033402,LVG2
140.976,1.02294921875,0.177734375,0.59765625,0.5661677817445021,1.0046285450504,1.3590155212175399,LVG2
140.997,0.97119140625,-0.396484375,0.26513671875,0.21178080557736104,0.9482246119066758,1.24407920462279,LVG2
141.017,0.86328125,-0.0869140625,0.0732421875,1.2887766610763,0.713030852948903,0.988665167745568,LVG2
141.037,0.56787109375,0.8212890625,-0.13427734375,0.5246630007519539,0.241579109879703,0.6864252241075259,LVG2
141.05700000000002,0.4365234375,1.20166015625,-0.03759765625,-0.689617899568491,-0.06704618468026999,0.435268087844927,LVG2
141.077,0.671875,0.46435546875,0.2802734375,-3.14265687874345,-0.533176801981195,-0.35757965162810706,LVG2
141.097,0.6376953125,0.033203125,0.61572265625,-3.37146528677929,-0.41398358477182595,-1.03336262419908,LVG2
141.11700000000002,0.50537109375,0.1142578125,0.8740234375,-3.40871316715722,-0.30117571848438696,-1.2015101984765801,LVG2
141.137,0.580078125,-0.34716796875,0.90234375,-4.30266229622749,-0.123450117823989,-1.29729046230554,LVG2
141.157,0.46875,-0.97216796875,0.8271484375,-3.7120173359489197,0.300111493330732,-1.2866482107689898,LVG2
141.17700000000002,0.2978515625,-0.55517578125,0.7802734375,-1.83685261520867,0.4235616111547221,-1.06209670334777,LVG2
141.19799999999998,0.390625,-0.0234375,1.05419921875,-1.45479578504649,0.36183655224272704,-0.7587925345560709,LVG2
141.218,0.6474609375,-0.310546875,1.26904296875,-2.02734891771293,0.60341566212243,-0.6310855161174621,LVG2
141.238,0.71240234375,-0.5654296875,1.1943359375,-2.11142270485168,0.928004333987229,-0.41611203507913597,LVG2
141.25799999999998,0.8408203125,-0.56591796875,1.13037109375,-1.7698064305284,0.999307419282119,-0.252221361416254,LVG2
141.282,0.6806640625,-0.47265625,0.869140625,-1.47075916235132,0.94716038675302,-0.010642251536551002,LVG2
141.303,0.630859375,-0.51220703125,0.65283203125,-1.43989663289532,0.7502787333268308,0.079816886524131,LVG2
141.32299999999998,0.6513671875,-0.4921875,0.80517578125,-0.969509114979777,0.539562152903125,0.14473462089709102,LVG2
141.343,0.63818359375,-0.38037109375,0.9326171875,-0.6513057940369079,0.33310247309403995,0.126642793284954,LVG2
141.363,0.615234375,-0.50732421875,0.87548828125,-0.736443806329315,0.19794587857984502,0.119193217209369,LVG2
141.38299999999998,0.58447265625,-0.39501953125,0.7890625,-0.555525530207951,0.169211799431158,0.09471603867530198,LVG2
141.404,0.5830078125,-0.462890625,0.81884765625,-0.547011728978711,0.153248422126331,0.10535829021185301,LVG2
141.424,0.5439453125,-0.4248046875,0.87939453125,-0.334166698247695,0.00212845030731,0.10748674051916302,LVG2
141.444,0.521484375,-0.37158203125,0.8408203125,-0.08833068775337198,-0.124514342977644,0.14473462089709102,LVG2
141.468,0.56982421875,-0.3740234375,0.8671875,-0.032990979763308,-0.16389067366288199,0.175597150353088,LVG2
141.488,0.57568359375,-0.38818359375,0.85791015625,-0.161762223355572,-0.18091827612136302,0.116000541748404,LVG2
141.509,0.62109375,-0.56298828125,0.90234375,-0.124514342977644,-0.228808408035842,0.015963377304826,LVG2
141.529,0.59619140625,-0.5595703125,0.74560546875,-0.003192675460965,-0.329909797633074,0.039376330685238,LVG2
141.549,0.6396484375,-0.55322265625,0.7587890625,-0.10855096567281801,-0.43420386269127204,0.241579109879703,LVG2
141.569,0.67236328125,-0.55029296875,0.78076171875,-0.292661917255147,-0.435268087844927,0.33097402278673,LVG2
141.593,0.603515625,-0.49267578125,0.26171875,1.13659246410362,-0.675782972570975,0.10961519082647302,LVG2
141.614,0.70703125,-0.576171875,0.24169921875,1.60272308140455,-1.00782122051136,0.19794587857984502,LVG2
141.634,0.7861328125,-0.46484375,0.42529296875,1.42286903043684,-1.14617049048652,0.356515426474451,LVG2
141.654,0.8701171875,-0.3671875,0.6064453125,1.9485962563424502,-1.05571135242584,0.19901010373349998,LVG2
141.674,0.853515625,-0.357421875,0.705078125,2.4636812307115097,-0.649177343729598,0.25541403687721903,LVG2
141.694,0.65771484375,-0.55615234375,0.697265625,2.10503735392975,-0.43846076330589295,0.4969931467569221,LVG2
141.714,0.52880859375,-1.0732421875,0.416015625,2.64566373198653,-0.645984668268633,0.744957607558555,LVG2
141.734,0.5859375,-0.6962890625,0.45947265625,4.32820369991521,-0.923747433372609,0.862022374460614,LVG2
141.754,0.66796875,-0.30078125,0.693359375,4.24838681339108,-0.9343896849091591,0.9950505186674989,LVG2
141.774,0.76953125,0.13232421875,0.60791015625,2.388121244802,-0.681104098339251,1.00250009474308,LVG2
141.79399999999998,0.74169921875,0.06640625,0.32421875,1.95072470664976,-0.5619108811298821,0.7481502830195209,LVG2
141.814,0.72705078125,0.73193359375,0.42138671875,1.6463563127044099,-0.49380047129595706,0.324588671864799,LVG2
141.835,0.6982421875,1.22216796875,0.66943359375,-0.7289942302537291,-0.065981959526615,-0.19368897796522402,LVG2
141.85399999999998,0.48828125,1.009765625,0.6328125,-3.84185280469484,0.275634314796665,-0.8151964676997909,LVG2
141.879,0.96337890625,-0.77587890625,0.4921875,-4.17708372809619,0.485286670066716,-1.08657388188184,LVG2
141.899,0.7958984375,-0.630859375,0.3974609375,-3.39381401500605,0.842866321694823,-0.920554757911643,LVG2
141.92,0.75439453125,-0.39208984375,0.53076171875,-3.4257407696157003,0.966316439518812,-0.7002601511050419,LVG2
141.94,0.81689453125,-0.45166015625,0.67919921875,-3.35656613462812,1.08870233218915,-0.67471874741732,LVG2
141.96,0.71923828125,-0.57177734375,0.490234375,-2.68716851297907,1.15042739110114,-0.656626919805184,LVG2
141.98,0.697265625,-0.4375,0.60498046875,-2.0358627189421696,1.0322983990454302,-0.5863880596639489,LVG2
142.004,0.7724609375,-0.61962890625,0.70263671875,-2.64992063260115,0.9897293928992241,-0.284148116025906,LVG2
142.025,0.67041015625,-0.72021484375,0.67822265625,-2.05821144716892,0.984408267130948,-0.142606170589781,LVG2
142.045,0.5419921875,-0.67431640625,0.67138671875,-1.7346870004577801,0.7736916867072429,0.044697456453513,LVG2
142.065,0.47509765625,-0.7333984375,0.6953125,-1.29622623715189,0.46506639214726997,0.21284503073101602,LVG2
142.085,0.51220703125,-0.79345703125,0.8037109375,-0.5693604572054671,0.18730362704329398,0.25541403687721903,LVG2
142.10399999999998,0.57958984375,-0.74755859375,0.8671875,-0.28095544056494104,0.142606170589781,0.244771785340668,LVG2
142.125,0.50439453125,-0.71826171875,0.716796875,0.275634314796665,0.00212845030731,0.17240447489212302,LVG2
142.145,0.43017578125,-0.87451171875,0.49462890625,1.1866110463254098,-0.466130617300925,0.18198250127501897,LVG2
142.165,0.609375,-0.9501953125,0.5185546875,2.19656071714408,-0.844994772002133,0.233065308650462,LVG2
142.185,0.85986328125,-0.76171875,0.73681640625,2.4285618006408902,-0.8747930763044749,0.292661917255147,LVG2
142.205,0.90283203125,-0.7060546875,0.68310546875,2.72335216820335,-0.644920443114978,0.34480894978424603,LVG2
142.225,0.7958984375,-0.50537109375,0.537109375,3.9152843402970396,-0.38631373077679404,0.316074870635558,LVG2
142.246,0.765625,-0.078125,0.62548828125,4.68471912638966,-0.308625294559973,0.228808408035842,LVG2
142.27,0.76318359375,-0.62451171875,0.3134765625,2.1295145324638103,-0.33523092340134997,0.5608466559762271,LVG2
142.29,0.5673828125,-1.03759765625,-0.05126953125,2.98621578115615,-0.640663542500358,0.7864623885511031,LVG2
142.31,0.5859375,-0.12939453125,0.23046875,5.12956524061748,-1.32496031630057,0.909912506375093,LVG2
142.33100000000002,0.85595703125,0.3134765625,0.861328125,4.41227748705396,-1.6442278623971,0.981215591669983,LVG2
142.351,0.93310546875,-0.1044921875,1.01904296875,2.4977364356284704,-1.0727389548843198,0.865215049921579,LVG2
142.375,0.7158203125,0.0673828125,0.70654296875,2.20613874352698,-0.34055204916962495,0.6055441124297399,LVG2
142.395,0.58544921875,0.826171875,0.5322265625,2.20401029321967,-0.12983546874592,0.230936858343152,LVG2
142.415,0.509765625,0.87890625,0.603515625,0.461873716686304,-0.257542487184529,0.06704618468026999,LVG2
142.436,0.67626953125,0.47021484375,0.7021484375,-0.792847739473034,-0.3682219031646571,-0.316074870635558,LVG2
142.45600000000002,0.73681640625,-0.1552734375,0.623046875,-1.1004088088793502,-0.13622081966785002,-0.617250589119946,LVG2
142.476,0.59912109375,-0.0712890625,0.4697265625,-1.0610324781941098,0.236257984111428,-0.812003792238825,LVG2
142.5,0.58642578125,-0.0859375,0.3544921875,-1.62187913417034,-0.005321125768275,-0.6821683234929059,LVG2
142.52100000000002,0.791015625,0.2099609375,0.755859375,-1.36646509729312,-0.354386976167141,-0.731122680561039,LVG2
142.541,0.6435546875,-0.12890625,0.85205078125,-1.82621036367212,-0.08194533683144099,-0.9354539100628141,LVG2
142.561,0.7353515625,-0.47998046875,1.1513671875,-1.99861483856424,-0.042569006146202994,-0.860958149306959,LVG2
142.58100000000002,1.0703125,-0.6005859375,1.43798828125,-0.898206029684887,-0.10855096567281801,-0.487415120374026,LVG2
142.601,0.92236328125,-0.40087890625,1.224609375,0.250092911108944,0.35013007555252096,-0.356515426474451,LVG2
142.621,0.77099609375,-0.44482421875,0.99951171875,0.649177343729598,0.527855676212919,-0.08300956198509599,LVG2
142.642,0.75830078125,0.05419921875,0.95556640625,1.04613332604294,0.41398358477182595,0.133028144206885,LVG2
142.662,0.67529296875,0.18310546875,0.70556640625,0.38312105531582796,0.5874522848176039,-0.10216561475088799,LVG2
142.686,0.50634765625,-0.25439453125,0.3974609375,-0.37035035347196704,0.608736787890705,-0.2788269902576311,LVG2
142.70600000000002,0.56494140625,-0.333984375,0.5009765625,0.305432619099008,0.19688165342619002,-0.226679957728532,LVG2
142.726,0.796875,-0.01416015625,0.80126953125,0.7619852100170369,-0.09897293928992199,-0.13834926997516,LVG2
142.747,0.88818359375,0.17041015625,0.71533203125,0.308625294559973,0.019156052765792,-0.19794587857984502,LVG2
142.767,0.78271484375,0.03955078125,0.51416015625,-0.21710193134563602,0.128771243592265,-0.275634314796665,LVG2
142.787,0.64111328125,-0.11376953125,0.43896484375,-0.114936316594749,-0.035119430070618,-0.226679957728532,LVG2
142.811,0.7939453125,-0.03125,0.7265625,-0.194753203118879,-0.27137741418204503,-0.19794587857984502,LVG2
142.832,0.8447265625,-0.0400390625,0.88037109375,-0.5693604572054671,-0.037247880377928,-0.19901010373349998,LVG2
142.852,0.6962890625,-0.0751953125,0.79052734375,-0.860958149306959,0.080881111677786,-0.119193217209369,LVG2
142.872,0.66015625,0.04541015625,0.75537109375,-1.10998683526225,0.005321125768275,-0.026605628841377002,LVG2
142.892,0.7421875,0.1767578125,0.76953125,-1.52077774457311,-0.025541403687721998,0.051082807375443996,LVG2
142.912,0.7900390625,0.1953125,0.83544921875,-1.92624752811569,0.003192675460965,0.06704618468026999,LVG2
142.933,0.7470703125,0.16552734375,0.9521484375,-2.31043280858518,0.040440555838893,0.014899152151171002,LVG2
142.953,0.75244140625,0.05029296875,0.994140625,-2.67439781113521,0.08726646259971699,-0.044697456453513,LVG2
142.972,0.73828125,-0.19384765625,0.90625,-2.81700398172499,0.18091827612136302,-0.074495760755856,LVG2
142.997,0.53515625,-0.1689453125,0.603515625,-1.8602655685890799,0.18091827612136302,-0.260735162645494,LVG2
143.017,0.66357421875,-0.158203125,0.75830078125,-1.50587859242194,0.021284503073102003,-0.141541945436126,LVG2
143.03799999999998,0.779296875,-0.4296875,0.7275390625,-2.65630598352308,0.10535829021185301,0.00638535092193,LVG2
143.058,0.7900390625,-1.0087890625,0.41796875,-2.10184467846878,0.256478262030874,-0.039376330685238,LVG2
143.078,0.78125,-0.92919921875,0.490234375,0.168147574277502,0.161762223355572,0.10855096567281801,LVG2
143.09799999999998,0.72705078125,-0.73828125,0.4345703125,1.12914288802804,-0.06704618468026999,0.317139095789214,LVG2
143.122,0.7099609375,-0.67041015625,0.49365234375,1.80811853605998,-0.521470325290989,0.6651407210344239,LVG2
143.143,0.80224609375,-0.59765625,0.69873046875,2.87979326579064,-0.48422244491306105,0.7502787333268308,LVG2
143.16299999999998,0.828125,-0.03076171875,0.95361328125,2.55839726938681,-0.247964460801633,0.833288295311927,LVG2
143.183,0.7197265625,-0.19677734375,0.802734375,1.54419069795352,-0.13622081966785002,0.9013987051458521,LVG2
143.203,0.69970703125,-1.40673828125,0.515625,1.4441535335099398,-0.39695598231334395,1.5197135194194498,LVG2
143.22299999999998,0.73779296875,-1.3154296875,0.44921875,2.9989864830000097,-0.549140179286021,1.62400758447765,LVG2
143.243,0.720703125,0.369140625,0.67041015625,4.86670162766468,-0.48209399460575103,1.3430521439127099,LVG2
143.263,0.748046875,0.52001953125,0.60791015625,2.3998277214922004,-0.311817970020938,1.33985946845174,LVG2
143.283,0.77392578125,-0.0390625,0.310546875,1.4516031095855302,-0.19794587857984502,1.33666679299078,LVG2
143.303,0.580078125,0.23291015625,0.11767578125,0.9216189830652979,-0.052147032529099004,1.08018853095991,LVG2
143.32299999999998,0.34814453125,0.4189453125,0.04345703125,0.142606170589781,-0.17666137550674302,0.622571714888221,LVG2
143.344,0.33056640625,0.64111328125,0.31103515625,-0.970573340133432,-0.5980945363541539,-0.19156052765791398,LVG2
143.364,0.5537109375,0.6533203125,0.6123046875,-2.47645193255537,-0.46719484245458,-0.602351436968775,LVG2
143.384,0.681640625,0.32275390625,0.66455078125,-2.8808574909442997,-0.20858813011639601,-0.8492516726167529,LVG2
143.404,0.92041015625,-0.30810546875,0.828125,-3.04155548914622,0.20645967980908497,-1.2015101984765801,LVG2
143.424,0.998046875,-0.73828125,0.85546875,-2.54988346815757,0.643856217961323,-1.24407920462279,LVG2
143.444,0.87890625,-0.59619140625,0.87548828125,-1.7442650268406699,1.1514916162548001,-1.25259300585203,LVG2
143.465,0.8232421875,-0.2646484375,0.7734375,-1.08657388188184,1.40158452736374,-1.4175479046685702,LVG2
143.489,0.79345703125,-0.39990234375,0.68408203125,-0.863086599614269,1.2345011782398898,-1.2568499064666498,LVG2
143.509,0.75146484375,-0.583984375,0.70361328125,-0.709838177487938,0.9567384131359159,-0.9024629302995071,LVG2
143.529,0.697265625,-0.69189453125,0.72412109375,-0.45868104122533904,0.7343153560220049,-0.558718205668917,LVG2
143.55,0.5888671875,-0.69775390625,0.72900390625,-0.277762765103976,0.594901860893189,-0.33097402278673,LVG2
143.57,0.53564453125,-0.66650390625,0.7265625,-0.17240447489212302,0.317139095789214,-0.00212845030731,LVG2
143.594,0.49072265625,-0.607421875,0.77783203125,0.116000541748404,0.020220277919447,0.371414578625623,LVG2
143.614,0.50244140625,-0.48486328125,0.79150390625,0.526791451059264,-0.117064766902059,0.42569006146203203,LVG2
143.634,0.54345703125,-0.421875,0.8056640625,0.8322240701582719,-0.160697998201917,0.39482753200603404,LVG2
143.655,0.5966796875,-0.38427734375,0.833984375,1.2121524500131398,-0.18091827612136302,0.39269908169872403,LVG2
143.675,0.54833984375,-0.27197265625,0.84716796875,1.53248422126331,-0.153248422126331,0.459745266378994,LVG2
143.695,0.48779296875,0.06787109375,0.736328125,1.71872362315295,-0.137285044821505,0.302239943638043,LVG2
143.715,0.58935546875,0.0537109375,0.7783203125,1.30154736292016,-0.18517517673598397,0.18517517673598397,LVG2
143.735,0.73388671875,0.0830078125,0.8623046875,1.07593163034528,-0.237322209265083,0.030862529455997004,LVG2
143.755,0.83837890625,0.09130859375,0.87890625,0.9641879892115021,-0.250092911108944,-0.10429406505819801,LVG2
143.775000000001,0.90234375,0.0419921875,0.806640625,0.7066455020269731,-0.171340249738468,-0.10535829021185301,LVG2
143.80000000000098,0.9599609375,-0.267578125,0.73681640625,-0.052147032529099004,0.023412953380412004,-0.007449576075585999,LVG2
143.820000000001,0.85498046875,-0.1083984375,0.72021484375,0.405469783542585,0.10642251536550801,0.123450117823989,LVG2
143.840000000001,0.84619140625,-0.0859375,0.7216796875,0.5831953842029829,0.076624211063166,0.20752390496273998,LVG2
143.86100000000098,0.6181640625,-0.0458984375,0.62841796875,0.876921526611785,0.00638535092193,0.137285044821505,LVG2
143.881000000001,0.5703125,0.11767578125,0.79150390625,0.87372885115082,-0.188367852196949,-0.035119430070618,LVG2
143.901000000001,0.7041015625,-0.21337890625,0.9365234375,0.267120513567425,-0.320331771250179,0.14047772028247002,LVG2
143.92500000000098,0.76708984375,-0.17431640625,0.89892578125,-0.06811040983392501,-0.164954898816537,0.336295148555005,LVG2
143.945000000001,0.669921875,0.5048828125,0.83056640625,-1.2376938537008602,0.135156594514195,0.5108280737544381,LVG2
143.966000000001,0.50390625,-0.8935546875,0.49609375,-4.66449884847021,0.36928612831831203,1.10679415980128,LVG2
143.98600000000098,0.26904296875,-0.1103515625,0.4443359375,-1.194060622401,0.367157678011002,0.28840501664052604,LVG2
144.006000000001,0.49560546875,0.3359375,0.69482421875,0.41079090931086,-0.229872633189497,-0.246900235647978,LVG2
144.025000000001,0.6982421875,-0.3408203125,0.77685546875,-0.656626919805184,-0.36290077739638205,-0.121321667516679,LVG2
144.05000000000098,0.86474609375,-0.70068359375,0.9951171875,-0.322460221557489,-0.07343153560220099,0.012770701843860999,LVG2
144.071000000001,0.830078125,-0.49169921875,0.9716796875,-0.160697998201917,0.454424140610719,0.037247880377928,LVG2
144.091000000001,0.63671875,0.0322265625,0.8818359375,-1.15042739110114,0.6044798872760849,0.072367310448545,LVG2
144.11100000000098,0.8046875,-0.45947265625,0.5703125,-1.4888509899634599,0.5363694774421599,0.267120513567425,LVG2
144.131000000001,0.9208984375,-1.10498046875,0.66162109375,0.017027602458481002,0.466130617300925,0.630021290963807,LVG2
144.151000000001,0.7138671875,-0.9599609375,0.6123046875,1.77406333114302,0.154312647279986,0.8567012486923391,LVG2
144.171000000001,0.66259765625,-0.47216796875,0.5771484375,2.04969764593968,-0.10642251536550801,0.918426307604333,LVG2
144.191000000001,0.67431640625,-0.38427734375,0.51123046875,1.46543803658304,-0.058532383451029006,0.915233632143368,LVG2
144.21100000000098,0.470703125,-0.80419921875,0.2265625,2.01670666617637,-0.328845572479419,0.8928849039166109,LVG2
144.231000000001,0.55419921875,-0.67919921875,0.3671875,3.5555762383616205,-0.7853981633974481,1.0610324781941098,LVG2
144.251000000001,0.89306640625,0.24609375,0.77783203125,2.60522317614763,-0.7343153560220049,1.3962634015954598,LVG2
144.27100000000098,0.716796875,1.556640625,0.8330078125,0.18730362704329398,-0.052147032529099004,0.602351436968775,LVG2
144.292000000001,0.24560546875,1.41845703125,0.3623046875,-1.93369710419128,0.036183655224273,-0.702388601412352,LVG2
144.316000000001,0.54248046875,-0.716796875,0.3779296875,-1.38668537521257,-0.791783514319379,-0.918426307604333,LVG2
144.33600000000098,0.9345703125,-0.18701171875,1.06298828125,-0.310753744867283,-1.10572993464763,-0.9013987051458521,LVG2
144.356000000001,0.83642578125,0.4814453125,1.5419921875,-1.2089597745521699,-0.352258525859831,-0.863086599614269,LVG2
144.377000000001,0.5927734375,-0.21337890625,1.02685546875,-2.6445995068328703,0.43420386269127204,-0.933325459755504,LVG2
144.397000000001,0.6318359375,-0.1611328125,0.7177734375,-1.48565831450249,0.303304168791697,-0.7396364817902801,LVG2
144.417000000001,0.86376953125,-0.0888671875,0.88720703125,-1.09828035857204,0.07343153560220099,-0.548075954132366,LVG2
144.43700000000098,0.72314453125,-0.12451171875,0.67724609375,-1.37923579913698,0.27989121541128603,-0.7002601511050419,LVG2
144.457000000001,0.49658203125,-0.45263671875,0.28662109375,-1.90921992565721,0.26818473872107995,-0.783269713090138,LVG2
144.477000000001,0.693359375,-0.7294921875,0.65380859375,-1.27813440953975,-0.228808408035842,-0.42249738600106607,LVG2
144.49800000000099,0.7548828125,-0.5595703125,1.11083984375,-0.451231465149754,-0.226679957728532,-0.313946420328248,LVG2
144.518000000001,0.52880859375,-0.75390625,1.04345703125,-0.5938376357395339,0.21390925588467102,-0.295854592716112,LVG2
144.538000000001,0.4951171875,-0.52978515625,0.88330078125,-0.36077232708907203,0.39802020746699995,-0.235193758957772,LVG2
144.558000000001,0.595703125,-0.1220703125,0.8271484375,-0.018091827612136003,0.36077232708907203,-0.128771243592265,LVG2
144.578000000001,0.6455078125,-0.1669921875,0.79931640625,-0.169211799431158,0.32778134732576397,-0.09684448898261201,LVG2
144.59800000000098,0.66064453125,-0.31591796875,0.79345703125,-0.26605628841377,0.313946420328248,-0.18411095158232899,LVG2
144.618000000001,0.68505859375,-0.3955078125,0.857421875,-0.345873174937901,0.32565289701845396,-0.18411095158232899,LVG2
144.638000000001,0.74462890625,-0.31787109375,1.01513671875,-0.332038247940385,0.28840501664052604,-0.032990979763308,LVG2
144.65800000000098,0.74169921875,-0.2529296875,1.0615234375,-0.531048351673884,0.295854592716112,0.114936316594749,LVG2
144.678000000001,0.69140625,-0.2880859375,0.916015625,-0.9322612346018492,0.295854592716112,0.244771785340668,LVG2
144.698000000001,0.701171875,-0.4013671875,0.87353515625,-1.00037164443577,0.137285044821505,0.355451201320796,LVG2
144.71800000000098,0.685546875,-0.3095703125,0.93505859375,-0.229872633189497,-0.055339707990064005,0.338423598862315,LVG2
144.738000000001,0.6181640625,-0.21630859375,0.576171875,0.4320754123839621,-0.284148116025906,0.148991521511711,LVG2
144.758000000001,0.640625,0.146484375,0.80908203125,0.384185280469484,-0.36290077739638205,-0.018091827612136003,LVG2
144.779000000001,0.62548828125,-0.22607421875,0.79443359375,-0.078752661370476,-0.230936858343152,-0.20007432888715498,LVG2
144.799000000001,0.68017578125,-0.62548828125,0.9296875,-0.27244163933570004,-0.154312647279986,-0.022348728226757004,LVG2
144.81900000000098,0.77880859375,-0.9326171875,0.666015625,-0.7194162038708342,-0.030862529455997004,0.101101389597233,LVG2
144.84300000000098,0.6962890625,-0.888671875,0.5947265625,0.548075954132366,0.127707018438609,0.19368897796522402,LVG2
144.863000000001,0.67724609375,-0.568359375,0.63720703125,2.55201191846488,0.074495760755856,0.18943207735060397,LVG2
144.88400000000098,0.69775390625,-0.50048828125,0.6142578125,2.9553532517001497,-0.037247880377928,0.38844218108410405,LVG2
144.904000000001,0.60546875,-0.4833984375,0.57421875,2.68078316205714,-0.157505322740952,0.7779485873218629,LVG2
144.924000000001,0.5537109375,-0.42236328125,0.5244140625,3.14159265358979,-0.382056830162173,0.9876009425919129,LVG2
144.94400000000098,0.6181640625,0.07421875,0.77392578125,3.4789520272984507,-0.567232006898157,0.893949129070266,LVG2
144.964000000001,0.7119140625,-0.1640625,0.8173828125,1.9134768262718302,-0.5448832786714001,0.985472492284603,LVG2
144.984000000001,0.64501953125,-0.4677734375,0.5625,1.11317951072321,-0.290533466947837,0.93864658552378,LVG2
145.005000000001,0.4677734375,-0.4833984375,0.4169921875,1.3834926997516,-0.258606712338184,0.9833440419772929,LVG2
145.029000000001,0.52099609375,-0.2353515625,0.888671875,0.80242576585593,-0.36396500255003705,1.0993445837256999,LVG2
145.049000000001,0.4365234375,-0.14306640625,0.5869140625,0.9609953137505358,0.021284503073102003,0.7343153560220049,LVG2
145.06900000000098,0.4541015625,0.03662109375,0.38330078125,1.44841043412456,-0.05959660860468499,0.48635089522037106,LVG2
145.090000000001,0.6396484375,-0.11962890625,0.6943359375,0.277762765103976,-0.21603770619198104,0.6917463498758011,LVG2
145.11000000000098,0.59521484375,-0.939453125,0.40966796875,-1.18235414571079,0.018091827612136003,0.9343896849091591,LVG2
145.130000000001,0.18408203125,-0.4287109375,0.30078125,0.014899152151171002,0.08833068775337198,0.759856759709726,LVG2
145.154000000001,-0.10107421875,-0.80615234375,0.64794921875,0.18623940188963897,-0.48635089522037106,0.812003792238825,LVG2
145.174000000001,0.6142578125,0.06298828125,1.18017578125,2.2827629545901402,-0.740700706943935,0.20433122950177499,LVG2
145.195000000001,1.15283203125,1.31982421875,1.3876953125,3.2033177125017898,0.139413495128815,-0.7662421106316569,LVG2
145.215000000001,0.91259765625,-0.51708984375,0.2880859375,-0.21497348103832603,0.8641508247679242,-0.35332275101348604,LVG2
145.23500000000098,1.0146484375,0.27392578125,0.24267578125,1.05039022665756,0.355451201320796,-0.00638535092193,LVG2
145.255000000001,1.26806640625,2.0556640625,0.7939453125,0.9801513665163281,-0.18304672642867398,-0.256478262030874,LVG2
145.279000000001,1.0947265625,2.1640625,0.85888671875,-3.79821957339498,0.035119430070618,-1.17384034448155,LVG2
145.30000000000098,1.15234375,0.99560546875,0.57666015625,-5.5903747321501305,0.04895435706813401,-1.4973647911927,LVG2
145.320000000001,1.2041015625,-0.57666015625,0.43359375,-4.92842668657667,0.5363694774421599,-1.62826448509227,LVG2
145.340000000001,1.1376953125,-1.138671875,0.54541015625,-1.76235685445281,0.973766015594397,-1.8283388139794299,LVG2
145.36000000000098,1.0126953125,-0.53076171875,0.6669921875,-1.0589040278868,1.1142437358768702,-1.3962634015954598,LVG2
145.38400000000098,0.55419921875,-0.7763671875,0.6259765625,-2.34448801350214,1.2462076549301002,-0.857765473845994,LVG2
145.406000000001,0.48291015625,-0.5146484375,0.6630859375,-2.04011961955679,1.3196391905323,-0.8407378713875121,LVG2
145.42600000000098,0.42138671875,-0.33056640625,0.60498046875,-1.9219906275010703,1.23343695308624,-0.80242576585593,LVG2
145.446000000001,0.38427734375,-0.31689453125,0.52294921875,-2.4902868595528798,1.03336262419908,-0.6268286155028421,LVG2
145.470000000001,0.38134765625,-0.47412109375,0.45751953125,-2.94151832470264,0.7215446541781441,-0.40014865777430997,LVG2
145.49100000000098,0.3955078125,-0.73193359375,0.48583984375,-2.33916688773386,0.5853238345102929,-0.377799929547553,LVG2
145.511000000001,0.41650390625,-0.8203125,0.630859375,-1.6559343390873,0.313946420328248,-0.21923038165294603,LVG2
145.531000000001,0.4248046875,-0.76171875,0.68212890625,-1.5080070427292498,0.08300956198509599,0.08194533683144099,LVG2
145.55100000000098,0.39892578125,-0.74462890625,0.67822265625,-1.1472347156401799,-0.04789013191447901,0.227744182882187,LVG2
145.571000000001,0.33935546875,-0.6357421875,0.6005859375,-0.7396364817902801,-0.18623940188963897,0.154312647279986,LVG2
145.590000000001,0.32421875,-0.6328125,0.50341796875,-0.15111997181902098,-0.49380047129595706,-0.030862529455997004,LVG2
145.61100000000098,0.51611328125,-0.4755859375,0.63720703125,-0.065981959526615,-0.768370560938967,-0.008513801229241,LVG2
145.631000000001,0.556640625,-0.466796875,0.71728515625,-0.078752661370476,-0.821581818621721,-0.038312105531583,LVG2
145.651000000001,0.4931640625,-0.58349609375,0.74609375,0.450167239996098,-0.8364809707728921,-0.35013007555252096,LVG2
145.671000000001,0.63525390625,-0.68701171875,0.873046875,0.647048893422288,-0.7279300051000741,-0.41824048538644604,LVG2
145.691000000001,0.79443359375,-0.556640625,1.05078125,0.602351436968775,-0.581066933895673,-0.376735704393898,LVG2
145.71200000000098,0.48583984375,-0.28662109375,0.720703125,0.9450319364457099,-0.171340249738468,-0.753471408787796,LVG2
145.732000000001,0.4296875,-0.0537109375,0.60009765625,1.1419135898719,-0.38631373077679404,-1.2494003303910601,LVG2
145.756000000001,1.173828125,-0.197265625,0.91259765625,0.792847739473034,-0.689617899568491,-1.19086794694003,LVG2
145.776000000001,1.2841796875,-0.533203125,1.1669921875,0.124514342977644,-0.18730362704329398,-0.731122680561039,LVG2
145.797000000001,0.88330078125,-0.708984375,0.92138671875,-0.09152336321433699,0.399084432620655,-0.20965235527005102,LVG2
145.817000000001,0.6787109375,-0.72021484375,0.533203125,0.035119430070618,0.39269908169872403,-0.09471603867530198,LVG2
145.83700000000098,0.646484375,-0.57568359375,0.53515625,0.305432619099008,0.18730362704329398,-0.052147032529099004,LVG2
145.857000000001,0.693359375,-0.37744140625,0.61376953125,0.401212882927965,0.042569006146202994,0.10216561475088799,LVG2
145.881000000001,0.67529296875,-0.31591796875,0.54150390625,0.175597150353088,0.065981959526615,0.27137741418204503,LVG2
145.90200000000098,0.595703125,-0.49658203125,0.4384765625,-0.135156594514195,0.09258758836799198,0.37247880377927794,LVG2
145.922000000001,0.568359375,-0.41796875,0.5146484375,0.324588671864799,-0.013834926997516001,0.36077232708907203,LVG2
145.942000000001,0.7099609375,-0.51953125,0.64013671875,0.684296773800216,-0.173468700045778,0.36290077739638205,LVG2
145.96200000000098,0.833984375,-0.60205078125,0.6669921875,0.9684448898261221,-0.160697998201917,0.377799929547553,LVG2
145.982000000001,0.74169921875,-0.6689453125,0.583984375,1.28026285984706,-0.04895435706813401,0.431011187230307,LVG2
146.002000000001,0.81494140625,-0.74755859375,0.64111328125,1.9305044287303101,-0.22135883196025602,0.5906449602785689,LVG2
146.023000000001,0.86328125,-0.326171875,0.90380859375,2.7510220221983794,-0.15111997181902098,0.7258015547927641,LVG2
146.043000000001,0.58203125,0.220703125,0.9169921875,2.4232406748726203,0.254349811723564,0.6119294633516701,LVG2
146.067000000001,0.24462890625,0.6162109375,0.47802734375,0.844994772002133,0.454424140610719,0.003192675460965,LVG2
146.08700000000098,0.43994140625,0.19921875,0.37158203125,-0.443781889074168,0.029798304302342003,-0.371414578625623,LVG2
146.108000000001,0.80810546875,-0.23779296875,0.6005859375,-0.8971418045312322,-0.415047809925481,-0.47358019337651,LVG2
146.12800000000098,0.783203125,-0.21435546875,0.85400390625,-0.502314272525197,-0.34055204916962495,-0.37460725408658796,LVG2
146.148000000001,0.7353515625,-0.16943359375,1.0185546875,-0.236257984111428,-0.076624211063166,-0.40014865777430997,LVG2
146.168000000001,0.68701171875,-0.14697265625,1.0205078125,-0.045761681607168,0.10535829021185301,-0.379928379854863,LVG2
146.192000000001,0.5546875,-0.1923828125,1.0166015625,0.011706476690206002,0.20858813011639601,-0.324588671864799,LVG2
146.213000000001,0.4638671875,-0.57080078125,0.88525390625,-0.079816886524131,0.252221361416254,-0.300111493330732,LVG2
146.233000000001,0.52197265625,-0.70458984375,0.826171875,0.8130680173924799,0.036183655224273,-0.15111997181902098,LVG2
146.25300000000098,0.62548828125,-0.333984375,1.10595703125,1.45586001020015,-0.09152336321433699,0.018091827612136003,LVG2
146.273000000001,0.5634765625,-0.1162109375,1.11572265625,1.1333997886426599,0.06385350921930501,0.141541945436126,LVG2
146.293000000001,0.5556640625,-0.37255859375,1.015625,0.669397621649045,0.18730362704329398,0.161762223355572,LVG2
146.31300000000098,0.5859375,-0.70458984375,0.9580078125,0.8375451959265471,0.161762223355572,0.26924896387473496,LVG2
146.334000000001,0.5654296875,0.0087890625,0.79736328125,1.74852192745529,0.13834926997516,0.09152336321433699,LVG2
146.35400000000098,0.517578125,0.38623046875,0.90185546875,0.891820678762956,0.170276024584813,0.055339707990064005,LVG2
146.374000000001,0.56640625,-0.1826171875,0.705078125,-0.177725600660398,0.133028144206885,-0.10429406505819801,LVG2
146.394000000001,0.5595703125,-0.12060546875,0.634765625,0.43420386269127204,0.07130308529489,-0.31288219517459304,LVG2
146.415000000001,0.46630859375,0.330078125,0.52734375,0.5608466559762271,-0.072367310448545,-0.49592892160326707,LVG2
146.435000000001,0.5869140625,0.21923828125,0.3681640625,-0.09471603867530198,-0.53424102713485,-0.5246630007519539,LVG2
146.45500000000098,0.81005859375,0.1943359375,0.57275390625,-0.348001625245211,-0.788590838858414,-0.488479345527681,LVG2
146.475000000001,0.84619140625,0.44677734375,0.763671875,-0.7055812768733171,-0.6513057940369079,-0.300111493330732,LVG2
146.499000000001,1.07373046875,0.3408203125,0.814453125,-3.03836281368525,-0.5384979277494699,0.127707018438609,LVG2
146.520000000001,1.08349609375,-0.169921875,0.6103515625,-4.32394679930059,-0.34055204916962495,0.26605628841377,LVG2
146.540000000001,0.8818359375,-0.74755859375,0.52978515625,-4.11642289433785,-0.20220277919446497,0.519341874983679,LVG2
146.560000000001,0.728515625,-0.65625,0.70263671875,-2.43281870125551,-0.338423598862315,0.6917463498758011,LVG2
146.58000000000098,0.90576171875,-0.4052734375,0.7919921875,-1.3622081966784998,-0.37460725408658796,0.610865238198015,LVG2
146.600000000001,0.95556640625,-0.1748046875,0.85400390625,-1.83472416490136,0.407598233849895,0.5033784976788521,LVG2
146.620000000001,0.5810546875,-0.6796875,0.5986328125,-1.72617319922854,0.635342416732082,0.37035035347196704,LVG2
146.641000000001,0.44482421875,-0.78515625,0.3828125,-0.175597150353088,0.328845572479419,0.16389067366288199,LVG2
146.661000000001,0.7490234375,-0.38916015625,0.76806640625,0.46293794183995896,0.005321125768275,0.120257442363024,LVG2
146.685000000001,0.8525390625,-0.1884765625,0.85009765625,0.017027602458481002,0.156441097587297,0.177725600660398,LVG2
146.70500000000098,0.63232421875,-0.49072265625,0.47998046875,-0.8322240701582719,0.502314272525197,0.395891757159689,LVG2
146.726000000001,0.521484375,-0.9599609375,0.2900390625,-0.779012812475518,0.4427176639205129,0.43952498845954796,LVG2
146.746000000001,0.42431640625,-0.810546875,0.38720703125,0.382056830162173,0.20433122950177499,0.286276566333216,LVG2
146.766000000001,0.4794921875,-0.572265625,0.634765625,1.04081220027467,-0.13196391905323,0.226679957728532,LVG2
146.786000000001,0.7021484375,-0.642578125,0.7666015625,1.27068483346416,-0.256478262030874,0.273505864489355,LVG2
146.80600000000098,0.77490234375,-0.71875,0.74609375,1.32921721691519,-0.158569547894607,0.488479345527681,LVG2
146.827000000001,0.712890625,-0.5126953125,0.6826171875,1.77087065568205,0.019156052765792,0.5416906032104349,LVG2
146.847000000001,0.63330078125,-0.28173828125,0.6904296875,1.9187979520401102,0.168147574277502,0.47783709399113106,LVG2
146.86700000000098,0.509765625,0.150390625,0.84033203125,1.4973647911927,0.358643876781762,0.356515426474451,LVG2
146.887000000001,0.44970703125,0.31640625,0.81640625,0.43633231299858205,0.491672020988646,0.06491773437296,LVG2
146.907000000001,0.4365234375,0.07568359375,0.685546875,-0.412919359618171,0.43633231299858205,-0.127707018438609,LVG2
146.927000000001,0.5517578125,-0.04931640625,0.662109375,-0.409726684157205,0.33735937370866,-0.45229569030340905,LVG2
146.948000000001,0.57373046875,-0.38916015625,0.68359375,-0.7587925345560709,0.401212882927965,-0.517213424676368,LVG2
146.972000000001,0.60791015625,-0.80322265625,0.66357421875,-0.29372614240880196,0.338423598862315,-0.34268049947693496,LVG2
146.99200000000098,0.6044921875,-0.7236328125,0.7861328125,0.309689519713628,0.37247880377927794,-0.08726646259971699,LVG2
147.012000000001,0.419921875,-0.78076171875,0.60400390625,0.637470867039392,0.192624752811569,0.20113855404081,LVG2
147.03300000000098,0.3662109375,-0.17724609375,0.65185546875,0.290533466947837,-0.10003716444357699,0.130899693899575,LVG2
147.053000000001,0.4111328125,-0.33642578125,0.66015625,-0.20645967980908497,-0.329909797633074,0.29904726817707694,LVG2
147.073000000001,0.4189453125,-0.58056640625,0.51904296875,-0.030862529455997004,-0.639599317346702,0.412919359618171,LVG2
147.097000000001,0.50146484375,-0.62255859375,0.70849609375,0.078752661370476,-0.684296773800216,0.555525530207951,LVG2
147.11700000000098,0.55859375,-0.564453125,0.68701171875,0.437396538152238,-0.763049435170692,0.638535092193047,LVG2
147.138000000001,0.658203125,-0.46484375,0.81689453125,0.841802096541167,-0.772627461553587,0.581066933895673,LVG2
147.15800000000098,0.9013671875,-0.32470703125,0.97265625,0.955674187982261,-0.7289942302537291,0.5384979277494699,LVG2
147.178000000001,1.07568359375,0.1552734375,0.92626953125,1.02378459781619,-0.441653438766858,0.334166698247695,LVG2
147.198000000001,0.81103515625,0.025390625,0.86767578125,0.101101389597233,-0.09684448898261201,0.351194300706176,LVG2
147.21800000000098,0.76806640625,-0.26123046875,0.955078125,-0.5097638486007829,0.039376330685238,0.290533466947837,LVG2
147.238000000001,0.763671875,-0.4462890625,1.14013671875,-0.53424102713485,0.286276566333216,0.17666137550674302,LVG2
147.258000000001,0.66552734375,-0.6162109375,0.96923828125,-0.16601912397019197,0.60341566212243,0.10961519082647302,LVG2
147.278000000001,0.45361328125,-0.24951171875,0.73486328125,0.842866321694823,0.73537958117566,-0.061725058911995,LVG2
147.298000000001,0.42919921875,-0.1171875,0.69140625,0.67259029711001,0.5523328547469859,-0.10642251536550801,LVG2
147.31800000000098,0.45849609375,-0.59326171875,0.662109375,-0.20858813011639601,0.373543028932933,0.030862529455997004,LVG2
147.339000000001,0.48388671875,-1.1328125,0.5869140625,0.161762223355572,0.251157136262599,0.139413495128815,LVG2
147.359000000001,0.548828125,-0.755859375,0.6650390625,1.7495861526089498,0.10535829021185301,0.194753203118879,LVG2
147.383000000001,0.5673828125,-0.2197265625,0.625,2.1103584796980197,-0.029798304302342003,0.373543028932933,LVG2
147.403000000001,0.61181640625,-0.1357421875,0.6279296875,1.60272308140455,-0.13622081966785002,0.43846076330589295,LVG2
147.423000000001,0.6962890625,-0.28076171875,0.6982421875,1.5846312537924099,-0.234129533804117,0.291597692101492,LVG2
147.44400000000098,0.67138671875,-0.408203125,0.92822265625,1.32283186599326,-0.21603770619198104,0.42249738600106607,LVG2
147.464000000001,0.60888671875,-0.50048828125,0.87841796875,0.779012812475518,-0.06917463498758,0.684296773800216,LVG2
147.484000000001,0.3369140625,-0.68310546875,0.6640625,0.8864995529946809,0.142606170589781,0.8088111167778599,LVG2
147.50400000000099,0.34619140625,-0.27880859375,0.63134765625,1.81024698636729,0.042569006146202994,0.709838177487938,LVG2
147.524000000001,0.53271484375,-0.36279296875,0.56787109375,1.6601912397019198,-0.152184196972676,0.7864623885511031,LVG2
147.544000000001,0.48876953125,-0.708984375,0.47021484375,1.22918005247162,-0.220294606806601,1.0993445837256999,LVG2
147.564000000001,0.36279296875,-0.8525390625,0.474609375,1.194060622401,-0.5033784976788521,1.5431264727998601,LVG2
147.584000000001,0.26318359375,-0.83837890625,0.51171875,0.9311970094481941,-0.818389143160756,2.12845030731016,LVG2
147.60400000000098,0.37744140625,-0.58984375,0.73583984375,1.47714451327325,-0.908848281221438,2.1710193134563602,LVG2
147.624000000001,0.51904296875,0.64892578125,1.5751953125,3.11498702474842,-0.47358019337651,1.2494003303910601,LVG2
147.645000000001,0.146484375,0.728515625,1.3212890625,1.7602284041455,0.10642251536550801,0.80668266647055,LVG2
147.665000000001,0.1953125,0.95361328125,0.61865234375,0.9429034861384,0.13196391905323,0.6257643903491871,LVG2
147.685000000002,0.45849609375,0.72509765625,0.5029296875,0.075559985909511,0.078752661370476,0.22135883196025602,LVG2
147.704000000001,0.28857421875,0.36279296875,0.130859375,-0.399084432620655,-0.19688165342619002,-0.441653438766858,LVG2
147.724000000002,-0.00634765625,-0.5087890625,-0.18896484375,-0.730058455407384,-1.0142065714332902,-0.527855676212919,LVG2
147.745000000001,0.2587890625,-0.138671875,0.0791015625,0.622571714888221,-2.11993650608092,-0.222423057113912,LVG2
147.765000000002,0.623046875,0.55712890625,0.69775390625,1.28239131015437,-2.86063721302485,-0.3682219031646571,LVG2
147.78500000000201,1.14794921875,0.7724609375,0.8935546875,0.358643876781762,-3.0011149333073197,-1.06635360396239,LVG2
147.805000000002,1.19482421875,-0.1513671875,0.63720703125,-0.692810575029456,-2.61054430191591,-1.2110882248594799,LVG2
147.825000000002,1.22607421875,-0.30126953125,0.6533203125,0.010642251536551002,-2.30404745766325,-0.8513801229240631,LVG2
147.84500000000202,1.5576171875,0.41162109375,1.2099609375,0.19794587857984502,-1.9294402035766598,-0.7694347860926222,LVG2
147.866000000002,1.66943359375,0.169921875,1.2470703125,-1.3930707261345,-1.02910572358446,-0.9588668634432259,LVG2
147.890000000002,1.4140625,-0.66796875,0.87939453125,-1.44202508320263,-0.007449576075585999,-0.818389143160756,LVG2
147.91000000000201,1.25146484375,0.16943359375,0.89404296875,-0.322460221557489,0.171340249738468,-0.20007432888715498,LVG2
147.930000000002,1.14892578125,0.21630859375,0.60693359375,-1.87516472074025,0.309689519713628,0.251157136262599,LVG2
147.951000000002,1.134765625,-0.025390625,0.3955078125,-2.96705972839036,0.435268087844927,0.356515426474451,LVG2
147.971000000002,1.17138671875,-0.07373046875,0.42822265625,-2.9032062191710604,0.684296773800216,0.236257984111428,LVG2
147.991000000002,1.18798828125,0.0322265625,0.431640625,-2.5360485411600497,0.9365181352164699,0.21497348103832603,LVG2
148.015000000002,1.0849609375,0.01318359375,0.34716796875,-2.46474545586516,1.1333997886426599,0.307561069406318,LVG2
148.03500000000201,1.01123046875,-0.03125,0.37646484375,-2.9202338216295405,1.132335563489,0.485286670066716,LVG2
148.056000000002,1.05615234375,-0.06689453125,0.3671875,-3.6002736948151295,0.9727017904407421,0.5853238345102929,LVG2
148.076000000002,1.1025390625,-0.55517578125,0.19482421875,-4.30266229622749,1.0280414984308102,0.5661677817445021,LVG2
148.096000000002,0.96484375,-0.6025390625,0.1630859375,-3.3544376843208097,1.38668537521257,0.28201966571859605,LVG2
148.116000000002,0.82666015625,-0.37890625,0.2431640625,-1.87516472074025,1.55908985010469,-0.09684448898261201,LVG2
148.136000000002,0.80322265625,-0.24462890625,0.3564453125,-1.08231698126722,1.4888509899634599,-0.405469783542585,LVG2
148.156000000002,0.78857421875,-0.1943359375,0.4130859375,-1.132335563489,1.4175479046685702,-0.738572256636625,LVG2
148.176000000002,0.72607421875,-0.240234375,0.384765625,-1.72085207346026,1.37285044821505,-1.03336262419908,LVG2
148.19600000000202,0.63134765625,-0.4013671875,0.3408203125,-2.1742119889173304,1.27068483346416,-1.18554682117176,LVG2
148.216000000002,0.64501953125,-0.5224609375,0.373046875,-2.06991792385913,1.0514544518112199,-1.32496031630057,LVG2
148.236000000002,0.6943359375,-0.5283203125,0.41015625,-1.77938445691129,0.9258758836799191,-1.51545661880483,LVG2
148.257000000002,0.68310546875,-0.52490234375,0.435546875,-1.64103518693613,0.926940108833574,-1.66444814031654,LVG2
148.277000000002,0.685546875,-0.5263671875,0.46630859375,-1.63571406116786,0.909912506375093,-1.7421365765333603,LVG2
148.29700000000201,0.71630859375,-0.529296875,0.47412109375,-1.8677151446646598,0.8694719505362,-1.72085207346026,LVG2
148.317000000002,0.6806640625,-0.6083984375,0.44482421875,-2.25722155090242,0.9035271554531621,-1.6708334912384701,LVG2
148.337000000002,0.69091796875,-0.70166015625,0.40625,-2.4860299589382597,0.863086599614269,-1.6335856108605502,LVG2
148.357000000002,0.68994140625,-0.6689453125,0.38916015625,-2.45729587978958,0.825838719236341,-1.5952735053289597,LVG2
148.377000000002,0.64111328125,-0.64892578125,0.32861328125,-2.4445251779457204,0.843930546848478,-1.60485153171186,LVG2
148.397000000002,0.6064453125,-0.65087890625,0.2861328125,-2.4232406748726203,0.843930546848478,-1.6825399679286799,LVG2
148.417000000002,0.6396484375,-0.6279296875,0.3369140625,-2.29340520612669,0.7949761897803441,-1.8091827612136298,LVG2
148.437000000002,0.65771484375,-0.6142578125,0.3935546875,-2.1380283336930503,0.755599859095106,-1.8815500716621798,LVG2
148.457000000002,0.650390625,-0.6435546875,0.3818359375,-2.0326700434812,0.7321869057146941,-1.94540358088148,LVG2
148.477000000002,0.6904296875,-0.66650390625,0.37744140625,-1.8858069722768,0.6555626946515289,-1.9858441367203798,LVG2
148.497000000002,0.72705078125,-0.60009765625,0.43896484375,-1.76661375506743,0.606608337583395,-1.9709449845692097,LVG2
148.517000000002,0.69580078125,-0.505859375,0.44384765625,-1.9305044287303101,0.619379039427256,-1.92624752811569,LVG2
148.537000000002,0.6083984375,-0.56201171875,0.28369140625,-2.4232406748726203,0.630021290963807,-1.8719720452792799,LVG2
148.557000000002,0.59814453125,-0.65478515625,0.23974609375,-2.59138824915012,0.450167239996098,-1.82727458882577,LVG2
148.578000000002,0.7099609375,-0.66845703125,0.33837890625,-2.3806716687264102,0.147927296358056,-1.76448530476012,LVG2
148.598000000002,0.7060546875,-0.60205078125,0.40234375,-2.22529479629277,0.023412953380412004,-1.6261360347849598,LVG2
148.618000000002,0.6279296875,-0.54931640625,0.36572265625,-2.21890944537084,-0.040440555838893,-1.52609887034138,LVG2
148.638000000002,0.603515625,-0.53955078125,0.21728515625,-2.44133250248475,-0.17666137550674302,-1.49204366542442,LVG2
148.658000000002,0.66357421875,-0.52197265625,0.19580078125,-2.65417753321577,-0.409726684157205,-1.46224536112208,LVG2
148.67800000000202,0.77197265625,-0.48095703125,0.30322265625,-2.81168285595672,-0.60980101304436,-1.41329100405395,LVG2
148.698000000002,0.8466796875,-0.4951171875,0.384765625,-3.06709689283394,-0.644920443114978,-1.3356025678371202,LVG2
148.718000000002,0.96923828125,-0.62890625,0.373046875,-3.23737291741875,-0.5651035565908471,-1.3100611641493998,LVG2
148.738000000002,1.033203125,-0.5849609375,0.31005859375,-3.08731717075338,-0.323524446711144,-1.3845569249052598,LVG2
148.758000000002,1.0048828125,-0.4951171875,0.21533203125,-3.1288219517459304,-0.155376872433642,-1.35795129606388,LVG2
148.77900000000201,1.064453125,-0.501953125,0.2275390625,-3.3874286640841205,-0.026605628841377002,-1.29409778684458,LVG2
148.799000000002,1.09423828125,-0.5634765625,0.16259765625,-3.46511710030094,0.152184196972676,-1.21853780093507,LVG2
148.819000000002,1.1044921875,-0.537109375,0.0546875,-2.8510591866419603,0.21284503073101602,-1.17384034448155,LVG2
148.83900000000202,1.07763671875,-0.43212890625,0.076171875,-2.40302039695317,0.29479036756245697,-1.09189500765011,LVG2
148.859000000002,1.0966796875,-0.44970703125,0.07373046875,-2.5967093749183903,0.297983043023422,-0.928004333987229,LVG2
148.879000000002,1.1396484375,-0.48681640625,0.05810546875,-2.67333358598156,0.309689519713628,-0.7853981633974481,LVG2
148.899000000002,1.091796875,-0.48046875,0.04345703125,-2.44346095279206,0.37035035347196704,-0.6055441124297399,LVG2
148.919000000002,1.03271484375,-0.4599609375,0.048828125,-2.15292748584422,0.348001625245211,-0.40866245900354997,LVG2
148.939000000002,1.0615234375,-0.4501953125,0.04931640625,-1.91241260111818,0.227744182882187,-0.26286361295280397,LVG2
148.959000000002,1.06201171875,-0.45263671875,0.06640625,-1.5612183004120002,0.157505322740952,-0.16282644850922698,LVG2
148.980000000002,1.0146484375,-0.4052734375,0.087890625,-1.10466570949397,0.118128992055714,-0.06917463498758,LVG2
149.000000000002,0.9873046875,-0.369140625,0.080078125,-0.8375451959265471,0.06278928406565,0.008513801229241,Null
149.020000000002,1.0048828125,-0.345703125,0.06494140625,-0.640663542500358,0.022348728226757004,0.04682590676082401,Null
149.040000000002,0.98779296875,-0.31689453125,0.06591796875,-0.474644418530165,0.030862529455997004,0.08833068775337198,Null
149.060000000002,0.9677734375,-0.2958984375,0.068359375,-0.36290077739638205,0.034055204916963,0.11174364113378302,Null
149.080000000002,0.9912109375,-0.2900390625,0.064453125,-0.358643876781762,0.015963377304826,0.10855096567281801,Null
149.100000000002,1.02099609375,-0.294921875,0.06591796875,-0.303304168791697,0.018091827612136003,0.08833068775337198,Null
149.120000000002,0.99755859375,-0.28955078125,0.05810546875,-0.17666137550674302,0.058532383451029006,0.06278928406565,Null
149.140000000002,0.97314453125,-0.26904296875,0.0419921875,-0.08300956198509599,0.075559985909511,0.038312105531583,Null
149.16000000000201,0.98193359375,-0.23193359375,0.04296875,-0.080881111677786,0.065981959526615,0.009578026382896,Null
149.180000000002,0.99462890625,-0.24951171875,0.05322265625,-0.135156594514195,0.055339707990064005,-0.010642251536551002,Null
149.200000000002,0.99169921875,-0.2548828125,0.06640625,-0.119193217209369,0.054275482836409004,-0.021284503073102003,Null
149.22000000000202,0.96484375,-0.24755859375,0.05859375,-0.15111997181902098,0.06491773437296,-0.027669853995032002,Null
149.241000000002,0.97900390625,-0.2587890625,0.04638671875,-0.20326700434811998,0.037247880377928,-0.022348728226757004,Null
149.265000000002,1.0146484375,-0.255859375,0.0546875,-0.17240447489212302,0.00638535092193,-0.007449576075585999,Null
149.286000000002,1.00634765625,-0.25,0.0498046875,-0.159633773048262,0.010642251536551002,0.025541403687721998,Null
149.306000000002,1.0,-0.263671875,0.04443359375,-0.20539545465543,-0.001064225153655,0.056403933143719005,Null
149.326000000002,1.0029296875,-0.26904296875,0.04541015625,-0.17240447489212302,-0.014899152151171002,0.05959660860468499,Null
149.346000000002,1.01171875,-0.26416015625,0.0478515625,-0.09365181352164699,-0.029798304302342003,0.043633231299858,Null
149.366000000002,1.0,-0.25439453125,0.06201171875,-0.09471603867530198,-0.031926754609652,0.030862529455997004,Null
149.386000000002,0.97314453125,-0.29150390625,0.05810546875,-0.135156594514195,-0.038312105531583,0.024477178534067005,Null
149.406000000002,0.970703125,-0.31298828125,0.05224609375,0.023412953380412004,-0.06917463498758,-0.003192675460965,Null
149.426000000002,0.990234375,-0.2890625,0.06201171875,0.22455150742122199,-0.09152336321433699,-0.032990979763308,Null
149.44600000000202,0.9736328125,-0.27099609375,0.06640625,0.285212341179561,-0.076624211063166,-0.034055204916963,Null
149.466000000002,0.95166015625,-0.2626953125,0.068359375,0.284148116025906,-0.065981959526615,-0.026605628841377002,Null
149.487000000002,0.97216796875,-0.26904296875,0.0712890625,0.27457008964301,-0.06704618468026999,-0.032990979763308,Null
149.507000000002,1.0107421875,-0.265625,0.07666015625,0.297983043023422,-0.058532383451029006,-0.045761681607168,Null
149.527000000002,1.0029296875,-0.2529296875,0.0791015625,0.27457008964301,-0.023412953380412004,-0.045761681607168,Null
149.54700000000201,0.97900390625,-0.27978515625,0.0703125,0.21497348103832603,-0.008513801229241,-0.035119430070618,Null
149.567000000002,0.96875,-0.28759765625,0.0673828125,0.28840501664052604,-0.021284503073102003,-0.037247880377928,Null
149.587000000002,0.97607421875,-0.30078125,0.0673828125,0.446974564535133,-0.042569006146202994,-0.044697456453513,Null
149.607000000002,0.97900390625,-0.26171875,0.08056640625,0.6310855161174621,-0.042569006146202994,-0.06704618468026999,Null
149.627000000002,0.97607421875,-0.22216796875,0.0859375,0.578938483588363,-0.014899152151171002,-0.06917463498758,Null
149.647000000002,0.97314453125,-0.2509765625,0.078125,0.41717626023279103,0.014899152151171002,-0.044697456453513,Null
149.667000000002,0.99462890625,-0.2685546875,0.07373046875,0.36290077739638205,0.029798304302342003,-0.039376330685238,Null
149.687000000002,0.98779296875,-0.29052734375,0.06298828125,0.403341333235275,0.054275482836409004,-0.04895435706813401,Null
149.707000000002,0.9697265625,-0.2890625,0.06201171875,0.557653980515261,0.055339707990064005,-0.06704618468026999,Null
149.727000000002,0.97998046875,-0.2333984375,0.080078125,0.641727767654013,0.026605628841377002,-0.075559985909511,Null
149.747000000002,0.98974609375,-0.2451171875,0.087890625,0.567232006898157,0.019156052765792,-0.072367310448545,Null
149.767000000002,0.99072265625,-0.251953125,0.09912109375,0.548075954132366,0.030862529455997004,-0.056403933143719005,Null
149.787000000002,0.982421875,-0.2685546875,0.099609375,0.514020749215403,0.053211257682754004,-0.040440555838893,Null
149.808000000002,0.986328125,-0.26416015625,0.10546875,0.48209399460575103,0.05959660860468499,-0.032990979763308,Null
149.828000000002,0.9853515625,-0.24658203125,0.107421875,0.42569006146203203,0.04682590676082401,-0.04150478099254799,Null
149.848000000002,0.98388671875,-0.27392578125,0.107421875,0.36077232708907203,0.040440555838893,-0.043633231299858,Null
149.868000000002,0.974609375,-0.25927734375,0.10986328125,0.39695598231334395,0.04789013191447901,-0.04150478099254799,Null
149.887000000002,0.98583984375,-0.232421875,0.10791015625,0.365029227703692,0.051082807375443996,-0.024477178534067005,Null
149.908000000002,0.99951171875,-0.2568359375,0.10693359375,0.286276566333216,0.061725058911995,-0.00212845030731,Null
149.92800000000202,1.0087890625,-0.25,0.11279296875,0.225615732574877,0.079816886524131,0.010642251536551002,Null
149.948000000002,1.001953125,-0.25390625,0.1171875,0.117064766902059,0.09471603867530198,0.025541403687721998,Null
149.968000000002,1.00048828125,-0.259765625,0.109375,0.034055204916963,0.078752661370476,0.04682590676082401,Null
149.988000000002,1.0087890625,-0.25927734375,0.1005859375,-0.008513801229241,0.044697456453513,0.057468158297374,Null
150.008000000002,0.9921875,-0.29443359375,0.09912109375,-0.021284503073102003,0.031926754609652,0.06917463498758,Null
150.02900000000201,0.9755859375,-0.2998046875,0.10986328125,0.10429406505819801,0.018091827612136003,0.06704618468026999,Null
150.049000000002,0.96826171875,-0.25634765625,0.125,0.21816615649929103,-0.00638535092193,0.072367310448545,Null
150.069000000002,0.97265625,-0.267578125,0.12060546875,0.18623940188963897,-0.029798304302342003,0.097908714136267,Null
150.093000000002,0.97607421875,-0.291015625,0.1142578125,0.19368897796522402,-0.035119430070618,0.116000541748404,Null
150.114000000002,0.978515625,-0.2744140625,0.12109375,0.257542487184529,-0.027669853995032002,0.11387209144109299,Null
150.134000000002,0.9833984375,-0.2734375,0.126953125,0.26818473872107995,-0.031926754609652,0.11387209144109299,Null
150.15400000000201,0.986328125,-0.27783203125,0.1201171875,0.303304168791697,-0.038312105531583,0.10003716444357699,Null
150.174000000002,0.98974609375,-0.2861328125,0.1083984375,0.39482753200603404,-0.043633231299858,0.076624211063166,Null
150.194000000002,0.982421875,-0.2861328125,0.1064453125,0.456552590918029,-0.044697456453513,0.06385350921930501,Null
150.21400000000202,0.97314453125,-0.27880859375,0.1201171875,0.6076725627370501,-0.05959660860468499,0.036183655224273,Null
150.234000000002,0.96923828125,-0.26416015625,0.12841796875,0.650241568883253,-0.074495760755856,0.031926754609652,Null
150.254000000002,0.9755859375,-0.2587890625,0.12841796875,0.6534342443442189,-0.08513801229240599,0.030862529455997004,Null
150.274000000002,0.9912109375,-0.26171875,0.130859375,0.664076495880769,-0.10855096567281801,0.021284503073102003,Null
150.294000000002,0.98681640625,-0.259765625,0.1416015625,0.689617899568491,-0.117064766902059,-0.00212845030731,Null
150.314000000002,0.98291015625,-0.2578125,0.142578125,0.684296773800216,-0.128771243592265,-0.020220277919447,Null
150.335000000002,0.9853515625,-0.2490234375,0.1181640625,0.6555626946515289,-0.14473462089709102,-0.025541403687721998,Null
150.355000000002,0.98583984375,-0.2587890625,0.0986328125,0.623635940041876,-0.139413495128815,-0.022348728226757004,Null
150.379000000002,0.97900390625,-0.22802734375,0.1240234375,0.7183519787171779,-0.08194533683144099,-0.031926754609652,Null
150.399000000002,0.9833984375,-0.1904296875,0.15283203125,0.6736545222636651,-0.04682590676082401,-0.04150478099254799,Null
150.420000000002,0.98681640625,-0.185546875,0.166015625,0.5033784976788521,-0.023412953380412004,-0.051082807375443996,Null
150.44000000000202,0.98681640625,-0.19482421875,0.17236328125,0.31288219517459304,-0.010642251536551002,-0.05959660860468499,Null
150.460000000002,0.99462890625,-0.2138671875,0.171875,0.14473462089709102,-0.00212845030731,-0.06385350921930501,Null
150.480000000002,0.9951171875,-0.23779296875,0.16796875,0.051082807375443996,0.007449576075585999,-0.055339707990064005,Null
150.504000000002,0.99169921875,-0.2509765625,0.1650390625,0.038312105531583,0.013834926997516001,-0.042569006146202994,Null
150.525000000002,0.98974609375,-0.25537109375,0.1591796875,0.086202237446062,0.018091827612136003,-0.023412953380412004,Null
150.545000000002,0.99169921875,-0.2451171875,0.16259765625,0.142606170589781,0.019156052765792,-0.003192675460965,Null
150.56500000000202,0.998046875,-0.23095703125,0.16845703125,0.158569547894607,0.027669853995032002,0.008513801229241,Null
150.585000000002,0.9931640625,-0.22509765625,0.16845703125,0.11280786628743801,0.04895435706813401,0.014899152151171002,Null
150.605000000002,0.97998046875,-0.2275390625,0.16064453125,0.029798304302342003,0.06811040983392501,0.014899152151171002,Null
150.625000000002,0.98193359375,-0.2373046875,0.15673828125,-0.035119430070618,0.07023886014123501,0.012770701843860999,Null
150.646000000002,0.9873046875,-0.24609375,0.15380859375,-0.053211257682754004,0.06811040983392501,0.010642251536551002,Null
150.670000000002,0.9892578125,-0.25,0.150390625,-0.054275482836409004,0.079816886524131,0.00212845030731,Null
150.69000000000202,0.97509765625,-0.24853515625,0.1455078125,-0.045761681607168,0.086202237446062,-0.001064225153655,Null
150.710000000002,0.97021484375,-0.25,0.14306640625,-0.042569006146202994,0.086202237446062,0.00425690061462,Null
150.731000000002,0.97607421875,-0.2470703125,0.1494140625,-0.025541403687721998,0.078752661370476,0.011706476690206002,Null
150.751000000002,0.9833984375,-0.24560546875,0.15087890625,-0.022348728226757004,0.07130308529489,0.012770701843860999,Null
150.771000000003,0.9765625,-0.25244140625,0.15576171875,-0.034055204916963,0.07130308529489,0.00638535092193,Null
150.79100000000298,0.9765625,-0.25439453125,0.15576171875,-0.032990979763308,0.061725058911995,0.00212845030731,Null
150.811000000003,0.97998046875,-0.25634765625,0.1552734375,-0.026605628841377002,0.055339707990064005,0.003192675460965,Null
150.831000000003,0.978515625,-0.25537109375,0.1552734375,-0.028734079148687,0.054275482836409004,0.012770701843860999,Null
150.85100000000298,0.9794921875,-0.25244140625,0.1533203125,-0.030862529455997004,0.052147032529099004,0.021284503073102003,Null
150.876000000003,0.98046875,-0.25390625,0.15625,-0.037247880377928,0.053211257682754004,0.024477178534067005,Null
150.896000000003,0.9736328125,-0.25732421875,0.16015625,-0.038312105531583,0.05959660860468499,0.027669853995032002,Null
150.91600000000298,0.9677734375,-0.25341796875,0.15771484375,-0.034055204916963,0.058532383451029006,0.032990979763308,Null
150.937000000003,0.974609375,-0.255859375,0.1552734375,-0.038312105531583,0.04895435706813401,0.038312105531583,Null
150.957000000003,0.9755859375,-0.2607421875,0.15966796875,-0.036183655224273,0.043633231299858,0.04150478099254799,Null
150.977000000003,0.97265625,-0.263671875,0.16015625,-0.026605628841377002,0.038312105531583,0.040440555838893,Null
151.001000000003,0.96923828125,-0.26318359375,0.15771484375,-0.017027602458481002,0.030862529455997004,0.04682590676082401,Null
151.022000000003,0.97119140625,-0.26611328125,0.15966796875,-0.005321125768275,0.026605628841377002,0.053211257682754004,Null
151.042000000003,0.97265625,-0.265625,0.16162109375,0.005321125768275,0.020220277919447,0.05959660860468499,Null
151.062000000003,0.9794921875,-0.26220703125,0.16455078125,-0.003192675460965,0.022348728226757004,0.06491773437296,Null
151.082000000003,0.97900390625,-0.2646484375,0.16064453125,-0.017027602458481002,0.026605628841377002,0.072367310448545,Null
151.106000000003,0.9853515625,-0.27001953125,0.16650390625,-0.017027602458481002,0.020220277919447,0.08194533683144099,Null
151.127000000003,0.998046875,-0.267578125,0.17041015625,0.00212845030731,0.018091827612136003,0.08939491290702699,Null
151.147000000003,0.9931640625,-0.26513671875,0.17041015625,0.009578026382896,0.030862529455997004,0.09578026382895699,Null
151.167000000003,0.9814453125,-0.26416015625,0.1689453125,0.012770701843860999,0.037247880377928,0.101101389597233,Null
151.187000000003,0.97802734375,-0.26025390625,0.17333984375,0.023412953380412004,0.035119430070618,0.10003716444357699,Null
151.207000000003,0.98388671875,-0.26513671875,0.1796875,0.031926754609652,0.032990979763308,0.09152336321433699,Null
151.227000000003,0.99072265625,-0.2685546875,0.18310546875,0.04789013191447901,0.040440555838893,0.078752661370476,Null
151.247000000003,0.97314453125,-0.26318359375,0.181640625,0.065981959526615,0.061725058911995,0.07343153560220099,Null
151.267000000003,0.9609375,-0.25244140625,0.1748046875,0.065981959526615,0.075559985909511,0.08513801229240599,Null
151.287000000003,0.9609375,-0.24951171875,0.17529296875,0.029798304302342003,0.077688436216821,0.10855096567281801,Null
151.307000000003,0.96337890625,-0.25390625,0.1796875,-0.021284503073102003,0.072367310448545,0.124514342977644,Null
151.32700000000298,0.96826171875,-0.25830078125,0.1787109375,-0.036183655224273,0.061725058911995,0.122385892670334,Null
151.348000000003,0.9716796875,-0.25341796875,0.171875,-0.021284503073102003,0.054275482836409004,0.10642251536550801,Null
151.368000000003,0.96728515625,-0.2548828125,0.173828125,-0.015963377304826,0.043633231299858,0.08726646259971699,Null
151.388000000003,0.96435546875,-0.259765625,0.17578125,-0.012770701843860999,0.029798304302342003,0.06704618468026999,Null
151.412000000003,0.962890625,-0.26123046875,0.171875,0.003192675460965,0.015963377304826,0.044697456453513,Null
151.433000000003,0.9619140625,-0.265625,0.1728515625,0.024477178534067005,-0.00638535092193,0.014899152151171002,Null
151.453000000003,0.962890625,-0.27197265625,0.1845703125,0.056403933143719005,-0.019156052765792,0.0,Null
151.474000000003,0.96728515625,-0.26708984375,0.181640625,0.075559985909511,-0.020220277919447,-0.007449576075585999,Null
151.498000000003,0.962890625,-0.26171875,0.17919921875,0.08833068775337198,-0.020220277919447,-0.013834926997516001,Null
151.51800000000298,0.9716796875,-0.2451171875,0.1923828125,0.06491773437296,-0.027669853995032002,-0.011706476690206002,Null
151.539000000003,0.9736328125,-0.27001953125,0.18603515625,0.0,-0.032990979763308,-0.00212845030731,Null
151.55900000000298,0.95849609375,-0.27392578125,0.1796875,-0.022348728226757004,-0.030862529455997004,-0.009578026382896,Null
151.579000000003,0.94775390625,-0.2666015625,0.16259765625,-0.025541403687721998,-0.019156052765792,-0.030862529455997004,Null
151.599000000003,0.94970703125,-0.25244140625,0.1591796875,0.028734079148687,-0.00425690061462,-0.031926754609652,Null
151.623000000003,0.9501953125,-0.28125,0.17333984375,0.025541403687721998,-0.001064225153655,-0.005321125768275,Null
151.644000000003,0.95458984375,-0.30419921875,0.1708984375,-0.043633231299858,-0.010642251536551002,0.020220277919447,Null
151.664000000003,0.9609375,-0.30517578125,0.16748046875,-0.075559985909511,-0.019156052765792,0.010642251536551002,Null
151.68400000000298,0.96240234375,-0.27001953125,0.17822265625,-0.022348728226757004,-0.018091827612136003,-0.003192675460965,Null
151.704000000003,0.97021484375,-0.27294921875,0.177734375,-0.00425690061462,-0.022348728226757004,0.012770701843860999,Null
151.724000000003,0.97119140625,-0.33349609375,0.181640625,-0.061725058911995,-0.024477178534067005,0.031926754609652,Null
151.745000000003,0.96435546875,-0.3369140625,0.197265625,-0.086202237446062,-0.020220277919447,0.008513801229241,Null
151.765000000003,0.96337890625,-0.32275390625,0.20361328125,-0.09045913806068198,-0.015963377304826,-0.022348728226757004,Null
151.78500000000298,0.95068359375,-0.31201171875,0.189453125,-0.07023886014123501,-0.015963377304826,-0.020220277919447,Null
151.80900000000298,0.95166015625,-0.28076171875,0.17919921875,0.08513801229240599,-0.043633231299858,-0.014899152151171002,Null
151.829000000003,0.96240234375,-0.2978515625,0.177734375,0.117064766902059,-0.04789013191447901,-0.010642251536551002,Null
151.850000000003,0.97216796875,-0.29833984375,0.18017578125,0.04789013191447901,-0.037247880377928,-0.00212845030731,Null
151.870000000003,0.97412109375,-0.291015625,0.166015625,-0.010642251536551002,-0.017027602458481002,-0.00638535092193,Null
151.890000000003,0.97119140625,-0.29833984375,0.16796875,-0.008513801229241,-0.00425690061462,0.001064225153655,Null
151.91000000000298,0.958984375,-0.29248046875,0.17578125,-0.00425690061462,-0.007449576075585999,0.017027602458481002,Null
151.930000000003,0.958984375,-0.2998046875,0.17919921875,0.010642251536551002,-0.026605628841377002,0.018091827612136003,Null
151.950000000003,0.95556640625,-0.31298828125,0.1748046875,0.04895435706813401,-0.042569006146202994,0.011706476690206002,Null
151.971000000003,0.951171875,-0.29052734375,0.1826171875,0.09578026382895699,-0.052147032529099004,-0.015963377304826,Null
151.995000000003,0.958984375,-0.29833984375,0.173828125,0.10642251536550801,-0.058532383451029006,-0.034055204916963,Null
152.015000000003,0.9658203125,-0.30615234375,0.17138671875,0.135156594514195,-0.058532383451029006,-0.04789013191447901,Null
152.03500000000298,0.9775390625,-0.2939453125,0.17578125,0.14047772028247002,-0.058532383451029006,-0.06491773437296,Null
152.056000000003,0.98486328125,-0.29248046875,0.17919921875,0.137285044821505,-0.056403933143719005,-0.072367310448545,Null
152.076000000003,0.98486328125,-0.294921875,0.18115234375,0.153248422126331,-0.051082807375443996,-0.06278928406565,Null
152.096000000003,0.98486328125,-0.296875,0.1787109375,0.157505322740952,-0.052147032529099004,-0.039376330685238,Null
152.115000000003,0.9736328125,-0.29541015625,0.17041015625,0.16282644850922698,-0.04789013191447901,-0.00638535092193,Null
152.136000000003,0.97265625,-0.2763671875,0.1767578125,0.17240447489212302,-0.045761681607168,0.014899152151171002,Null
152.156000000003,0.96337890625,-0.259765625,0.17724609375,0.137285044821505,-0.028734079148687,0.037247880377928,Null
152.176000000003,0.9697265625,-0.2421875,0.17529296875,0.122385892670334,-0.026605628841377002,0.053211257682754004,Null
152.19600000000298,0.9765625,-0.25439453125,0.16796875,0.084073787138751,-0.022348728226757004,0.06385350921930501,Null
152.216000000003,0.9755859375,-0.265625,0.1669921875,0.06278928406565,-0.014899152151171002,0.055339707990064005,Null
152.236000000003,0.98193359375,-0.26806640625,0.1650390625,0.054275482836409004,-0.009578026382896,0.031926754609652,Null
152.25600000000298,0.9716796875,-0.25048828125,0.1640625,0.077688436216821,0.005321125768275,0.014899152151171002,Null
152.276000000003,0.96435546875,-0.2353515625,0.1689453125,0.078752661370476,0.009578026382896,0.022348728226757004,Null
152.301000000003,0.97119140625,-0.2568359375,0.1650390625,-0.005321125768275,0.0,0.054275482836409004,Null
152.32100000000298,0.97607421875,-0.2734375,0.15625,0.0,0.00638535092193,0.04682590676082401,Null
152.341000000003,0.96875,-0.25439453125,0.16162109375,0.010642251536551002,0.011706476690206002,0.028734079148687,Null
152.362000000003,0.9814453125,-0.2548828125,0.16650390625,-0.020220277919447,0.013834926997516001,0.022348728226757004,Null
152.382000000003,0.99560546875,-0.26904296875,0.15576171875,-0.038312105531583,0.029798304302342003,0.022348728226757004,Null
152.406000000003,0.99951171875,-0.28515625,0.13427734375,-0.021284503073102003,0.055339707990064005,0.003192675460965,Null
152.426000000003,0.99462890625,-0.2939453125,0.14208984375,0.009578026382896,0.075559985909511,-0.013834926997516001,Null
152.44600000000298,0.9892578125,-0.279296875,0.1591796875,0.04150478099254799,0.09684448898261201,-0.036183655224273,Null
152.467000000003,0.96240234375,-0.27587890625,0.18115234375,0.077688436216821,0.128771243592265,-0.039376330685238,Null
152.487000000003,0.96337890625,-0.26953125,0.19482421875,0.10216561475088799,0.118128992055714,-0.035119430070618,Null
152.507000000003,0.96142578125,-0.26611328125,0.20751953125,0.08726646259971699,0.11067941598012801,-0.040440555838893,Null
152.526000000003,0.96923828125,-0.26171875,0.21630859375,0.055339707990064005,0.09471603867530198,-0.042569006146202994,Null
152.551000000003,0.97314453125,-0.24853515625,0.21240234375,0.018091827612136003,0.078752661370476,-0.035119430070618,Null
152.572000000003,0.96630859375,-0.2314453125,0.1953125,0.001064225153655,0.056403933143719005,-0.005321125768275,Null
152.592000000003,0.951171875,-0.27490234375,0.18798828125,-0.035119430070618,0.04150478099254799,0.023412953380412004,Null
152.612000000003,0.94921875,-0.29052734375,0.177734375,-0.04789013191447901,0.035119430070618,0.005321125768275,Null
152.632000000003,0.96044921875,-0.29248046875,0.17724609375,-0.045761681607168,0.040440555838893,-0.005321125768275,Null
152.652000000003,0.958984375,-0.29638671875,0.1728515625,-0.025541403687721998,0.06385350921930501,-0.010642251536551002,Null
152.67200000000298,0.9677734375,-0.27490234375,0.171875,0.0,0.074495760755856,-0.019156052765792,Null
152.692000000003,0.96630859375,-0.2822265625,0.18115234375,-0.029798304302342003,0.076624211063166,-0.017027602458481002,Null
152.712000000003,0.962890625,-0.29345703125,0.19482421875,-0.040440555838893,0.076624211063166,-0.015963377304826,Null
152.73200000000298,0.9619140625,-0.2978515625,0.1748046875,-0.09471603867530198,0.080881111677786,-0.021284503073102003,Null
152.752000000003,0.95654296875,-0.3037109375,0.15966796875,-0.101101389597233,0.09258758836799198,-0.034055204916963,Null
152.772000000003,0.95361328125,-0.29296875,0.1875,-0.04682590676082401,0.10322983990454301,-0.032990979763308,Null
152.793000000003,0.96435546875,-0.2783203125,0.2138671875,-0.040440555838893,0.11067941598012801,-0.029798304302342003,Null
152.812000000003,0.96630859375,-0.26171875,0.203125,-0.09471603867530198,0.114936316594749,-0.015963377304826,Null
152.837000000003,0.96044921875,-0.265625,0.1923828125,-0.119193217209369,0.120257442363024,0.005321125768275,Null
152.85700000000298,0.966796875,-0.26318359375,0.2080078125,-0.16389067366288199,0.120257442363024,0.022348728226757004,Null
152.878000000003,0.966796875,-0.26513671875,0.20947265625,-0.233065308650462,0.12557856813129903,0.031926754609652,Null
152.89800000000298,0.96875,-0.26513671875,0.1767578125,-0.241579109879703,0.11387209144109299,0.04682590676082401,Null
152.918000000003,0.9619140625,-0.2734375,0.17236328125,-0.188367852196949,0.097908714136267,0.05959660860468499,Null
152.938000000003,0.9638671875,-0.26416015625,0.21044921875,-0.122385892670334,0.08194533683144099,0.051082807375443996,Null
152.95800000000298,0.96728515625,-0.2578125,0.23486328125,-0.122385892670334,0.08513801229240599,0.036183655224273,Null
152.978000000003,0.95556640625,-0.251953125,0.20458984375,-0.145798846050746,0.10429406505819801,0.017027602458481002,Null
152.999000000003,0.93701171875,-0.2490234375,0.20263671875,-0.18730362704329398,0.10748674051916302,0.019156052765792,Null
153.02300000000298,0.94970703125,-0.291015625,0.22998046875,-0.26924896387473496,0.10429406505819801,0.026605628841377002,Null
153.043000000003,0.95166015625,-0.296875,0.251953125,-0.291597692101492,0.124514342977644,0.034055204916963,Null
153.063000000003,0.94580078125,-0.28955078125,0.2392578125,-0.305432619099008,0.13622081966785002,0.025541403687721998,Null
153.084000000003,0.95703125,-0.27880859375,0.22705078125,-0.284148116025906,0.10855096567281801,0.018091827612136003,Null
153.104000000003,0.97265625,-0.2890625,0.21826171875,-0.26818473872107995,0.06811040983392501,0.020220277919447,Null
153.128000000003,0.9794921875,-0.3173828125,0.24365234375,-0.228808408035842,0.038312105531583,0.008513801229241,Null
153.14800000000298,0.96142578125,-0.31396484375,0.24560546875,-0.220294606806601,0.039376330685238,-0.011706476690206002,Null
153.168000000003,0.95458984375,-0.30322265625,0.24072265625,-0.20220277919446497,0.024477178534067005,-0.024477178534067005,Null
153.189000000003,0.96533203125,-0.28759765625,0.21826171875,-0.177725600660398,0.005321125768275,-0.031926754609652,Null
153.209000000003,0.958984375,-0.2880859375,0.22021484375,-0.164954898816537,0.005321125768275,-0.037247880377928,Null
153.229000000003,0.9541015625,-0.28466796875,0.22802734375,-0.18623940188963897,0.010642251536551002,-0.042569006146202994,Null
153.249000000003,0.95166015625,-0.30419921875,0.21484375,-0.238386434418738,0.019156052765792,-0.045761681607168,Null
153.269000000003,0.955078125,-0.310546875,0.2109375,-0.222423057113912,0.012770701843860999,-0.052147032529099004,Null
153.290000000003,0.962890625,-0.31982421875,0.22802734375,-0.13196391905323,0.005321125768275,-0.06278928406565,Null
153.310000000003,0.96533203125,-0.3076171875,0.2431640625,-0.050018582221788996,-0.005321125768275,-0.075559985909511,Null
153.330000000003,0.95654296875,-0.3017578125,0.2314453125,-0.020220277919447,-0.005321125768275,-0.084073787138751,Null
153.350000000003,0.9541015625,-0.2998046875,0.224609375,-0.013834926997516001,-0.012770701843860999,-0.084073787138751,Null
153.374000000003,0.96337890625,-0.29736328125,0.21630859375,-0.032990979763308,-0.021284503073102003,-0.079816886524131,Null
153.395000000003,0.96728515625,-0.31298828125,0.22119140625,-0.036183655224273,-0.020220277919447,-0.072367310448545,Null
153.415000000003,0.96630859375,-0.3212890625,0.22314453125,-0.021284503073102003,-0.014899152151171002,-0.072367310448545,Null
153.435000000003,0.958984375,-0.306640625,0.22021484375,-0.001064225153655,-0.005321125768275,-0.079816886524131,Null
153.455000000003,0.94580078125,-0.30078125,0.20263671875,0.022348728226757004,0.00638535092193,-0.06704618468026999,Null
153.475000000003,0.94189453125,-0.3154296875,0.20263671875,0.06917463498758,0.012770701843860999,-0.04150478099254799,Null
153.495000000003,0.9541015625,-0.31982421875,0.21923828125,0.07130308529489,0.014899152151171002,-0.014899152151171002,Null
153.515000000003,0.966796875,-0.30712890625,0.22314453125,0.024477178534067005,0.017027602458481002,0.001064225153655,Null
153.53500000000298,0.97412109375,-0.3037109375,0.22119140625,-0.00638535092193,0.003192675460965,0.011706476690206002,Null
153.555000000003,0.9736328125,-0.30615234375,0.21533203125,-0.001064225153655,-0.019156052765792,0.013834926997516001,Null
153.575000000003,0.95654296875,-0.30908203125,0.20458984375,0.024477178534067005,-0.035119430070618,0.009578026382896,Null
153.596000000003,0.9443359375,-0.30419921875,0.19775390625,0.074495760755856,-0.040440555838893,0.008513801229241,Null
153.620000000003,0.9482421875,-0.2978515625,0.203125,0.120257442363024,-0.029798304302342003,0.023412953380412004,Null
153.640000000003,0.95556640625,-0.2939453125,0.20458984375,0.10748674051916302,-0.021284503073102003,0.025541403687721998,Null
153.66000000000298,0.9609375,-0.28369140625,0.2109375,0.080881111677786,-0.034055204916963,0.027669853995032002,Null
153.681000000003,0.962890625,-0.26025390625,0.20751953125,0.04682590676082401,-0.04150478099254799,0.051082807375443996,Null
153.701000000003,0.96435546875,-0.2509765625,0.1884765625,0.040440555838893,-0.04150478099254799,0.058532383451029006,Null
153.721000000003,0.97119140625,-0.3017578125,0.18603515625,0.044697456453513,-0.026605628841377002,0.077688436216821,Null
153.741000000003,0.9560546875,-0.33740234375,0.19677734375,0.025541403687721998,-0.014899152151171002,0.077688436216821,Null
153.761000000003,0.955078125,-0.30078125,0.2041015625,0.04789013191447901,-0.025541403687721998,0.054275482836409004,Null
153.781000000003,0.97998046875,-0.29296875,0.197265625,0.12557856813129903,-0.015963377304826,0.039376330685238,Null
153.801000000003,0.95751953125,-0.25732421875,0.21240234375,0.06278928406565,0.011706476690206002,0.042569006146202994,Null
153.82100000000298,0.9619140625,-0.2626953125,0.19873046875,-0.017027602458481002,0.031926754609652,0.050018582221788996,Null
153.841000000003,0.95361328125,-0.3330078125,0.18408203125,0.18943207735060397,0.07023886014123501,0.029798304302342003,Null
153.861000000003,0.9521484375,-0.3203125,0.23291015625,0.376735704393898,0.04895435706813401,-0.009578026382896,Null
153.88100000000298,0.96142578125,-0.228515625,0.23486328125,0.32565289701845396,0.032990979763308,-0.027669853995032002,Null
153.902000000003,0.98486328125,-0.2265625,0.16943359375,0.018091827612136003,0.05959660860468499,-0.018091827612136003,Null
153.92200000000298,0.97021484375,-0.32666015625,0.1865234375,0.10322983990454301,0.121321667516679,0.003192675460965,Null
153.941000000003,0.94921875,-0.29833984375,0.2431640625,0.194753203118879,0.128771243592265,-0.013834926997516001,Null
153.966000000003,0.962890625,-0.2587890625,0.20068359375,0.12557856813129903,0.10855096567281801,-0.06278928406565,Null
153.986000000003,0.94677734375,-0.31494140625,0.21142578125,0.14047772028247002,0.130899693899575,-0.045761681607168,Null
154.007000000003,0.9404296875,-0.27734375,0.24072265625,0.36183655224272704,0.10642251536550801,-0.053211257682754004,Null
154.027000000003,0.95263671875,-0.25732421875,0.263671875,0.42781851176934205,0.06811040983392501,-0.08939491290702699,Null
154.04700000000298,0.95556640625,-0.29052734375,0.21923828125,0.32778134732576397,0.028734079148687,-0.07023886014123501,Null
154.07100000000298,0.95849609375,-0.29345703125,0.2001953125,0.39269908169872403,0.001064225153655,-0.058532383451029006,Null
154.091000000003,0.95654296875,-0.265625,0.21240234375,0.47783709399113106,0.011706476690206002,-0.06704618468026999,Null
154.112000000003,0.9609375,-0.2490234375,0.2587890625,0.505506947986163,0.028734079148687,-0.050018582221788996,Null
154.132000000003,0.958984375,-0.2197265625,0.287109375,0.451231465149754,0.036183655224273,-0.014899152151171002,Null
154.152000000003,0.9580078125,-0.25,0.2646484375,0.18517517673598397,0.013834926997516001,0.014899152151171002,Null
154.17200000000298,0.95751953125,-0.28466796875,0.2236328125,0.039376330685238,-0.017027602458481002,0.028734079148687,Null
154.192000000003,0.96337890625,-0.2861328125,0.2431640625,0.079816886524131,-0.023412953380412004,0.031926754609652,Null
154.212000000003,0.95751953125,-0.25927734375,0.25830078125,0.114936316594749,-0.010642251536551002,0.04150478099254799,Null
154.23200000000298,0.94970703125,-0.22900390625,0.26171875,0.061725058911995,-0.019156052765792,0.035119430070618,Null
154.252000000003,0.951171875,-0.23291015625,0.25,-0.024477178534067005,-0.04150478099254799,0.014899152151171002,Null
154.272000000003,0.95849609375,-0.24365234375,0.25048828125,-0.07130308529489,-0.058532383451029006,0.00638535092193,Null
154.292000000003,0.95654296875,-0.26806640625,0.2216796875,-0.09471603867530198,-0.06278928406565,0.00212845030731,Null
154.312000000003,0.958984375,-0.27490234375,0.22900390625,-0.043633231299858,-0.058532383451029006,-0.001064225153655,Null
154.332000000003,0.9599609375,-0.2783203125,0.24853515625,0.005321125768275,-0.028734079148687,-0.005321125768275,Null
154.35700000000298,0.9677734375,-0.23193359375,0.28466796875,-0.024477178534067005,-0.003192675460965,-0.011706476690206002,Null
154.377000000003,0.96923828125,-0.23095703125,0.28173828125,-0.19368897796522402,0.00425690061462,-0.00638535092193,Null
154.39800000000298,0.96630859375,-0.2568359375,0.2451171875,-0.249028685955288,-0.014899152151171002,-0.018091827612136003,Null
154.418000000003,0.96044921875,-0.26806640625,0.2109375,-0.19901010373349998,-0.024477178534067005,-0.036183655224273,Null
154.438000000003,0.962890625,-0.26904296875,0.212890625,-0.06917463498758,-0.042569006146202994,-0.040440555838893,Null
154.457000000003,0.9697265625,-0.25732421875,0.22607421875,-0.026605628841377002,-0.035119430070618,-0.04895435706813401,Null
154.48200000000298,0.9677734375,-0.244140625,0.244140625,-0.024477178534067005,-0.008513801229241,-0.053211257682754004,Null
154.503000000003,0.96044921875,-0.24853515625,0.24560546875,-0.04682590676082401,-0.00212845030731,-0.044697456453513,Null
154.52300000000298,0.9599609375,-0.26171875,0.24658203125,-0.06917463498758,-0.011706476690206002,-0.028734079148687,Null
154.543000000003,0.97119140625,-0.25439453125,0.2451171875,-0.08726646259971699,-0.035119430070618,-0.018091827612136003,Null
154.563000000004,0.97021484375,-0.26513671875,0.236328125,-0.12557856813129903,-0.04682590676082401,-0.013834926997516001,Null
154.583000000004,0.9638671875,-0.27392578125,0.22314453125,-0.097908714136267,-0.04682590676082401,-0.017027602458481002,Null
154.607000000004,0.955078125,-0.26171875,0.21728515625,0.022348728226757004,-0.06917463498758,-0.018091827612136003,Null
154.628000000003,0.9658203125,-0.25341796875,0.21728515625,-0.003192675460965,-0.086202237446062,0.001064225153655,Null
154.648000000004,0.96728515625,-0.26953125,0.21044921875,-0.026605628841377002,-0.08939491290702699,0.028734079148687,Null
154.668000000004,0.96435546875,-0.2783203125,0.20458984375,0.034055204916963,-0.07130308529489,0.027669853995032002,Null
154.688000000004,0.9541015625,-0.26123046875,0.22802734375,0.031926754609652,-0.07343153560220099,0.015963377304826,Null
154.708000000004,0.96728515625,-0.25146484375,0.25,-0.06385350921930501,-0.042569006146202994,0.012770701843860999,Null
154.72800000000402,0.9677734375,-0.2705078125,0.244140625,-0.10216561475088799,-0.012770701843860999,0.020220277919447,Null
154.748000000004,0.970703125,-0.29248046875,0.24072265625,-0.08833068775337198,-0.009578026382896,0.009578026382896,Null
154.768000000004,0.9580078125,-0.28564453125,0.2412109375,0.038312105531583,-0.04150478099254799,-0.017027602458481002,Null
154.78800000000402,0.9638671875,-0.2392578125,0.248046875,0.050018582221788996,-0.072367310448545,-0.024477178534067005,Null
154.808000000004,0.958984375,-0.2568359375,0.236328125,0.010642251536551002,-0.09152336321433699,-0.012770701843860999,Null
154.828000000004,0.9609375,-0.26123046875,0.2197265625,0.053211257682754004,-0.09578026382895699,-0.00212845030731,Null
154.85300000000402,0.96728515625,-0.2666015625,0.21044921875,0.074495760755856,-0.074495760755856,-0.00638535092193,Null
154.873000000004,0.97509765625,-0.244140625,0.2333984375,0.11067941598012801,-0.057468158297374,-0.014899152151171002,Null
154.893000000004,0.96826171875,-0.265625,0.24365234375,-0.00425690061462,-0.021284503073102003,-0.00425690061462,Null
154.914000000004,0.9609375,-0.28173828125,0.2236328125,-0.037247880377928,-0.010642251536551002,-0.003192675460965,Null
154.934000000004,0.96484375,-0.2705078125,0.2236328125,0.028734079148687,-0.035119430070618,-0.027669853995032002,Null
154.95400000000402,0.9755859375,-0.26416015625,0.22607421875,0.009578026382896,-0.045761681607168,-0.030862529455997004,Null
154.974000000004,0.970703125,-0.27978515625,0.20458984375,-0.015963377304826,-0.023412953380412004,-0.010642251536551002,Null
154.998000000004,0.96826171875,-0.25634765625,0.2080078125,0.015963377304826,0.005321125768275,-0.00638535092193,Null
155.019000000004,0.9599609375,-0.27587890625,0.2060546875,-0.034055204916963,0.036183655224273,0.009578026382896,Null
155.039000000004,0.96044921875,-0.33642578125,0.1826171875,-0.028734079148687,0.056403933143719005,0.009578026382896,Null
155.059000000004,0.96923828125,-0.271484375,0.2060546875,0.245836010494323,0.074495760755856,-0.054275482836409004,Null
155.07900000000402,0.970703125,-0.1826171875,0.234375,0.239450659572393,0.079816886524131,-0.07343153560220099,Null
155.099000000004,0.9833984375,-0.224609375,0.21044921875,0.031926754609652,0.09045913806068198,-0.013834926997516001,Null
155.119000000004,0.95361328125,-0.28955078125,0.21533203125,0.030862529455997004,0.14686307120440098,0.038312105531583,Null
155.140000000004,0.95361328125,-0.3251953125,0.20263671875,0.08513801229240599,0.121321667516679,0.05959660860468499,Null
155.164000000004,0.9609375,-0.27392578125,0.20654296875,0.179854050967708,0.101101389597233,-0.012770701843860999,Null
155.184000000004,0.96240234375,-0.22802734375,0.23583984375,0.286276566333216,0.10961519082647302,-0.027669853995032002,Null
155.20400000000402,0.943359375,-0.2412109375,0.2626953125,0.26286361295280397,0.09897293928992199,-0.024477178534067005,Null
155.225000000004,0.94873046875,-0.26904296875,0.2265625,0.155376872433642,0.022348728226757004,0.010642251536551002,Null
155.245000000004,0.9736328125,-0.291015625,0.20654296875,0.086202237446062,0.00425690061462,-0.00638535092193,Null
155.265000000004,0.9638671875,-0.29443359375,0.20947265625,0.20113855404081,-0.00212845030731,-0.036183655224273,Null
155.285000000004,0.97314453125,-0.20703125,0.2841796875,0.39482753200603404,-0.021284503073102003,-0.080881111677786,Null
155.309000000004,0.95947265625,-0.22509765625,0.25830078125,0.34480894978424603,-0.027669853995032002,-0.045761681607168,Null
155.330000000004,0.94384765625,-0.248046875,0.21044921875,0.310753744867283,-0.06066083375833999,-0.00425690061462,Null
155.350000000004,0.962890625,-0.2548828125,0.2236328125,0.290533466947837,-0.08513801229240599,-0.001064225153655,Null
155.370000000004,0.97607421875,-0.240234375,0.24365234375,0.251157136262599,-0.05959660860468499,-0.003192675460965,Null
155.390000000004,0.96533203125,-0.220703125,0.26904296875,0.230936858343152,0.00212845030731,-0.005321125768275,Null
155.410000000004,0.96240234375,-0.19970703125,0.267578125,0.194753203118879,0.024477178534067005,-0.010642251536551002,Null
155.43000000000401,0.96533203125,-0.2421875,0.2490234375,0.078752661370476,0.018091827612136003,0.007449576075585999,Null
155.450000000004,0.9755859375,-0.26416015625,0.25537109375,0.032990979763308,-0.007449576075585999,0.028734079148687,Null
155.470000000004,0.97509765625,-0.2607421875,0.25244140625,0.012770701843860999,-0.001064225153655,0.030862529455997004,Null
155.49000000000402,0.9482421875,-0.232421875,0.2275390625,0.07130308529489,0.0,0.022348728226757004,Null
155.510000000004,0.970703125,-0.189453125,0.240234375,0.09152336321433699,-0.015963377304826,-0.008513801229241,Null
155.530000000004,0.97509765625,-0.220703125,0.240234375,0.07343153560220099,0.013834926997516001,-0.007449576075585999,Null
155.55000000000402,0.9599609375,-0.26953125,0.255859375,0.039376330685238,0.00212845030731,0.031926754609652,Null
155.570000000004,0.958984375,-0.267578125,0.263671875,0.061725058911995,-0.027669853995032002,0.052147032529099004,Null
155.590000000004,0.958984375,-0.212890625,0.28759765625,0.08726646259971699,-0.058532383451029006,0.053211257682754004,Null
155.610000000004,0.95751953125,-0.22021484375,0.2373046875,-0.04682590676082401,-0.079816886524131,0.039376330685238,Null
155.631000000004,0.95947265625,-0.248046875,0.1943359375,-0.056403933143719005,-0.08939491290702699,0.007449576075585999,Null
155.65100000000402,0.9736328125,-0.26123046875,0.22998046875,0.023412953380412004,-0.075559985909511,-0.008513801229241,Null
155.671000000004,0.9736328125,-0.244140625,0.24072265625,0.012770701843860999,-0.037247880377928,-0.014899152151171002,Null
155.691000000004,0.9697265625,-0.23291015625,0.23486328125,-0.06066083375833999,-0.018091827612136003,-0.013834926997516001,Null
155.711000000004,0.96630859375,-0.2392578125,0.224609375,-0.135156594514195,-0.022348728226757004,0.005321125768275,Null
155.731000000004,0.96533203125,-0.25146484375,0.22998046875,-0.175597150353088,-0.026605628841377002,0.019156052765792,Null
155.751000000004,0.97412109375,-0.2548828125,0.232421875,-0.192624752811569,-0.015963377304826,0.010642251536551002,Null
155.771000000004,0.974609375,-0.24365234375,0.23388671875,-0.158569547894607,-0.005321125768275,-0.008513801229241,Null
155.791000000004,0.97412109375,-0.24853515625,0.23681640625,-0.174532925199433,-0.009578026382896,-0.023412953380412004,Null
155.81100000000401,0.9697265625,-0.275390625,0.23486328125,-0.179854050967708,-0.012770701843860999,-0.027669853995032002,Null
155.831000000004,0.96240234375,-0.23974609375,0.23974609375,-0.053211257682754004,-0.013834926997516001,-0.04895435706813401,Null
155.852000000004,0.96728515625,-0.2119140625,0.25244140625,-0.050018582221788996,-0.027669853995032002,-0.044697456453513,Null
155.872000000004,0.9716796875,-0.24267578125,0.23974609375,-0.150055746665366,-0.022348728226757004,-0.028734079148687,Null
155.892000000004,0.97314453125,-0.25048828125,0.2392578125,-0.175597150353088,-0.010642251536551002,-0.026605628841377002,Null
155.912000000004,0.9765625,-0.240234375,0.2451171875,-0.18730362704329398,-0.003192675460965,-0.032990979763308,Null
155.932000000004,0.97509765625,-0.25390625,0.224609375,-0.169211799431158,-0.005321125768275,-0.023412953380412004,Null
155.952000000004,0.97412109375,-0.2607421875,0.224609375,-0.06811040983392501,-0.021284503073102003,-0.023412953380412004,Null
155.97200000000402,0.97412109375,-0.24462890625,0.236328125,-0.035119430070618,-0.024477178534067005,-0.037247880377928,Null
155.992000000004,0.97998046875,-0.240234375,0.21142578125,-0.08194533683144099,-0.010642251536551002,-0.036183655224273,Null
156.012000000004,0.9697265625,-0.23388671875,0.21630859375,-0.04789013191447901,0.012770701843860999,-0.022348728226757004,Null
156.03200000000402,0.9697265625,-0.24853515625,0.255859375,-0.122385892670334,0.018091827612136003,-0.005321125768275,Null
156.053000000004,0.95654296875,-0.275390625,0.240234375,-0.20645967980908497,0.019156052765792,-0.003192675460965,Null
156.07300000000401,0.9580078125,-0.23388671875,0.22802734375,-0.09152336321433699,-0.00212845030731,-0.027669853995032002,Null
156.093000000004,0.96630859375,-0.19091796875,0.22802734375,-0.114936316594749,-0.036183655224273,-0.035119430070618,Null
156.113000000004,0.97119140625,-0.23486328125,0.22021484375,-0.371414578625623,-0.05959660860468499,0.0,Null
156.137000000004,0.9716796875,-0.29541015625,0.20263671875,-0.53424102713485,-0.06385350921930501,0.044697456453513,Null
156.158000000004,0.97265625,-0.26171875,0.21533203125,-0.41611203507913597,-0.04682590676082401,0.014899152151171002,Null
156.178000000004,0.9755859375,-0.2490234375,0.2119140625,-0.41398358477182595,-0.040440555838893,0.005321125768275,Null
156.19800000000401,0.974609375,-0.27685546875,0.212890625,-0.421433160847411,-0.024477178534067005,0.018091827612136003,Null
156.218000000004,0.97216796875,-0.318359375,0.20556640625,-0.34374472463059,-0.017027602458481002,0.027669853995032002,Null
156.238000000004,0.95458984375,-0.31201171875,0.20556640625,-0.09684448898261201,-0.00638535092193,0.00212845030731,Null
156.25800000000402,0.9599609375,-0.2509765625,0.21826171875,0.11387209144109299,-0.030862529455997004,-0.020220277919447,Null
156.278000000004,0.98583984375,-0.220703125,0.20849609375,0.09365181352164699,-0.061725058911995,-0.018091827612136003,Null
156.299000000004,0.97705078125,-0.20263671875,0.20361328125,0.010642251536551002,-0.075559985909511,0.008513801229241,Null
156.32300000000401,0.9794921875,-0.271484375,0.17822265625,-0.055339707990064005,-0.06917463498758,0.022348728226757004,Null
156.344000000004,0.9541015625,-0.2705078125,0.20166015625,0.079816886524131,-0.022348728226757004,-0.015963377304826,Null
156.364000000004,0.9638671875,-0.24755859375,0.22314453125,0.06385350921930501,-0.040440555838893,-0.043633231299858,Null
156.384000000004,0.9697265625,-0.2587890625,0.20751953125,0.00638535092193,-0.035119430070618,-0.04150478099254799,Null
156.404000000004,0.9697265625,-0.2724609375,0.197265625,0.025541403687721998,-0.039376330685238,-0.04682590676082401,Null
156.424000000004,0.96875,-0.23974609375,0.19189453125,0.08939491290702699,-0.039376330685238,-0.04789013191447901,Null
156.444000000004,0.97998046875,-0.248046875,0.1875,0.12557856813129903,-0.06491773437296,-0.025541403687721998,Null
156.465000000004,0.99853515625,-0.2646484375,0.1865234375,0.10535829021185301,-0.06917463498758,-0.015963377304826,Null
156.48400000000402,0.96826171875,-0.29638671875,0.18359375,0.08194533683144099,-0.00425690061462,-0.025541403687721998,Null
156.505000000004,0.9619140625,-0.27734375,0.17822265625,0.21071658042370603,-0.010642251536551002,-0.031926754609652,Null
156.525000000004,0.96923828125,-0.2255859375,0.21630859375,0.309689519713628,-0.032990979763308,-0.034055204916963,Null
156.545000000004,0.970703125,-0.24755859375,0.205078125,0.19688165342619002,-0.050018582221788996,-0.005321125768275,Null
156.565000000004,0.990234375,-0.2685546875,0.15771484375,0.18198250127501897,-0.04150478099254799,0.009578026382896,Null
156.58500000000402,0.99267578125,-0.26318359375,0.16650390625,0.356515426474451,0.027669853995032002,0.020220277919447,Null
156.606000000004,0.97607421875,-0.2392578125,0.22216796875,0.332038247940385,0.10748674051916302,0.031926754609652,Null
156.630000000004,0.98779296875,-0.16455078125,0.25634765625,0.119193217209369,0.10322983990454301,0.07343153560220099,Null
156.65100000000402,0.96337890625,-0.2509765625,0.24169921875,-0.178789825814053,0.084073787138751,0.169211799431158,Null
156.671000000004,0.95361328125,-0.32470703125,0.2001953125,-0.20113855404081,0.055339707990064005,0.160697998201917,Null
156.691000000004,0.96875,-0.26904296875,0.20556640625,0.019156052765792,0.04682590676082401,0.058532383451029006,Null
156.711000000004,0.966796875,-0.27490234375,0.208984375,0.056403933143719005,0.084073787138751,0.024477178534067005,Null
156.731000000004,0.9521484375,-0.23046875,0.20166015625,0.11067941598012801,0.09258758836799198,0.012770701843860999,Null
156.751000000004,0.96923828125,-0.1904296875,0.2216796875,0.061725058911995,0.080881111677786,0.009578026382896,Null
156.771000000004,0.9619140625,-0.29443359375,0.23095703125,-0.13409236936053998,0.074495760755856,0.074495760755856,Null
156.791000000004,0.966796875,-0.29638671875,0.2099609375,-0.026605628841377002,0.027669853995032002,0.038312105531583,Null
156.81100000000401,0.97216796875,-0.26708984375,0.21240234375,0.08513801229240599,-0.009578026382896,-0.028734079148687,Null
156.831000000004,0.97216796875,-0.24462890625,0.203125,0.07130308529489,-0.017027602458481002,-0.045761681607168,Null
156.851000000004,0.95703125,-0.216796875,0.17822265625,0.119193217209369,-0.04150478099254799,0.020220277919447,Null
156.872000000004,0.9521484375,-0.2177734375,0.19970703125,0.121321667516679,-0.058532383451029006,0.09897293928992199,Null
156.892000000004,0.97998046875,-0.267578125,0.23681640625,-0.07343153560220099,-0.030862529455997004,0.127707018438609,Null
156.912000000004,0.9736328125,-0.29248046875,0.2275390625,-0.174532925199433,0.00638535092193,0.101101389597233,Null
156.932000000004,0.95751953125,-0.27734375,0.20068359375,-0.145798846050746,-0.001064225153655,0.05959660860468499,Null
156.956000000004,0.962890625,-0.26171875,0.21630859375,-0.06704618468026999,-0.024477178534067005,-0.00638535092193,Null
156.977000000004,0.962890625,-0.2568359375,0.22705078125,-0.08194533683144099,-0.037247880377928,-0.035119430070618,Null
156.997000000004,0.962890625,-0.23779296875,0.21240234375,-0.080881111677786,-0.09045913806068198,-0.034055204916963,Null
157.017000000004,0.96923828125,-0.2666015625,0.16845703125,-0.080881111677786,-0.127707018438609,0.001064225153655,Null
157.037000000004,0.97119140625,-0.296875,0.142578125,-0.013834926997516001,-0.10535829021185301,0.009578026382896,Null
157.057000000004,0.97900390625,-0.26513671875,0.1923828125,0.078752661370476,-0.028734079148687,-0.024477178534067005,Null
157.077000000004,0.97412109375,-0.2294921875,0.22021484375,0.07343153560220099,0.045761681607168,-0.040440555838893,Null
157.09700000000402,0.970703125,-0.22412109375,0.208984375,-0.015963377304826,0.06385350921930501,-0.011706476690206002,Null
157.122000000004,0.970703125,-0.267578125,0.19091796875,-0.097908714136267,0.06491773437296,0.024477178534067005,Null
157.142000000004,0.96826171875,-0.271484375,0.21435546875,0.00425690061462,0.10003716444357699,0.029798304302342003,Null
157.16300000000402,0.95654296875,-0.26171875,0.255859375,0.10961519082647302,0.121321667516679,0.005321125768275,Null
157.183000000004,0.95751953125,-0.2431640625,0.2626953125,0.121321667516679,0.080881111677786,-0.015963377304826,Null
157.203000000004,0.95458984375,-0.2529296875,0.2529296875,0.06811040983392501,0.021284503073102003,-0.013834926997516001,Null
157.223000000004,0.947265625,-0.28515625,0.22265625,0.007449576075585999,-0.018091827612136003,-0.022348728226757004,Null
157.243000000004,0.96826171875,-0.2705078125,0.20849609375,0.034055204916963,-0.05959660860468499,-0.06066083375833999,Null
157.263000000004,0.9658203125,-0.26171875,0.201171875,0.07023886014123501,-0.057468158297374,-0.080881111677786,Null
157.283000000004,0.97265625,-0.267578125,0.169921875,0.10003716444357699,-0.052147032529099004,-0.124514342977644,Null
157.303000000004,0.96435546875,-0.244140625,0.16552734375,0.20965235527005102,-0.005321125768275,-0.18304672642867398,Null
157.32300000000401,0.966796875,-0.24365234375,0.21923828125,0.273505864489355,0.022348728226757004,-0.188367852196949,Null
157.343000000004,0.97119140625,-0.255859375,0.20166015625,0.141541945436126,0.029798304302342003,-0.143670395743436,Null
157.363000000004,0.9658203125,-0.26904296875,0.1904296875,0.119193217209369,0.052147032529099004,-0.13409236936053998,Null
157.384000000004,0.97607421875,-0.24072265625,0.2177734375,0.19049630250425897,0.065981959526615,-0.139413495128815,Null
157.404000000004,0.97119140625,-0.22119140625,0.23681640625,0.145798846050746,0.080881111677786,-0.09897293928992199,Null
157.423000000004,0.9609375,-0.25439453125,0.2158203125,0.039376330685238,0.04895435706813401,-0.024477178534067005,Null
157.444000000004,0.9677734375,-0.27294921875,0.20556640625,0.04789013191447901,-0.00212845030731,-0.008513801229241,Null
157.464000000004,0.97900390625,-0.25341796875,0.21142578125,0.120257442363024,-0.017027602458481002,-0.032990979763308,Null
157.48400000000402,0.97265625,-0.2236328125,0.2177734375,0.13409236936053998,-0.015963377304826,-0.035119430070618,Null
157.504000000004,0.96875,-0.2578125,0.22900390625,0.09684448898261201,-0.020220277919447,-0.00212845030731,Null
157.524000000004,0.9658203125,-0.25390625,0.23779296875,0.13834926997516,-0.021284503073102003,0.0,Null
157.54400000000402,0.96142578125,-0.25146484375,0.22802734375,0.137285044821505,-0.025541403687721998,-0.013834926997516001,Null
157.564000000004,0.97705078125,-0.25244140625,0.22021484375,0.19368897796522402,-0.031926754609652,-0.036183655224273,Null
157.584000000004,0.98291015625,-0.21435546875,0.23291015625,0.300111493330732,-0.023412953380412004,-0.04150478099254799,Null
157.604000000004,0.9970703125,-0.1806640625,0.29541015625,0.237322209265083,-0.008513801229241,-0.014899152151171002,Null
157.624000000004,0.974609375,-0.275390625,0.20263671875,-0.034055204916963,0.015963377304826,0.06385350921930501,Null
157.649000000004,0.9697265625,-0.24951171875,0.19287109375,0.286276566333216,-0.042569006146202994,0.024477178534067005,Null
157.66900000000402,0.99267578125,-0.21240234375,0.23681640625,0.236257984111428,-0.005321125768275,0.022348728226757004,Null
157.689000000004,0.9697265625,-0.19970703125,0.2158203125,0.258606712338184,0.013834926997516001,0.029798304302342003,Null
157.71000000000402,0.951171875,-0.20263671875,0.20263671875,0.258606712338184,-0.030862529455997004,0.04895435706813401,Null
157.730000000004,0.9697265625,-0.205078125,0.24365234375,0.10961519082647302,-0.04682590676082401,0.054275482836409004,Null
157.750000000004,0.97802734375,-0.22802734375,0.2392578125,0.04789013191447901,-0.053211257682754004,0.044697456453513,Null
157.774000000004,0.96337890625,-0.2021484375,0.177734375,0.12983546874592,-0.079816886524131,0.035119430070618,Null
157.795000000004,0.96142578125,-0.2080078125,0.20947265625,0.141541945436126,-0.11387209144109299,0.056403933143719005,Null
157.815000000004,0.978515625,-0.21044921875,0.26025390625,0.00638535092193,-0.13622081966785002,0.07023886014123501,Null
157.83500000000402,1.00048828125,-0.20703125,0.26416015625,-0.20007432888715498,-0.13622081966785002,0.055339707990064005,Null
157.855000000004,0.99267578125,-0.2197265625,0.22509765625,-0.354386976167141,-0.12983546874592,0.035119430070618,Null
157.875000000005,0.97802734375,-0.22607421875,0.1982421875,-0.34055204916962495,-0.133028144206885,0.009578026382896,Null
157.896000000004,0.974609375,-0.23779296875,0.18603515625,-0.256478262030874,-0.13409236936053998,-0.009578026382896,Null
157.916000000005,0.99462890625,-0.23876953125,0.19140625,-0.122385892670334,-0.13196391905323,-0.032990979763308,Null
157.936000000005,1.005859375,-0.20947265625,0.20703125,-0.017027602458481002,-0.118128992055714,-0.045761681607168,Null
157.956000000005,0.9912109375,-0.20751953125,0.21044921875,-0.058532383451029006,-0.09045913806068198,-0.035119430070618,Null
157.980000000005,0.984375,-0.224609375,0.21337890625,-0.078752661370476,-0.08833068775337198,-0.022348728226757004,Null
158.001000000005,0.99462890625,-0.24072265625,0.2255859375,-0.06278928406565,-0.097908714136267,-0.014899152151171002,Null
158.021000000005,0.98486328125,-0.22900390625,0.21826171875,-0.001064225153655,-0.09897293928992199,-0.023412953380412004,Null
158.041000000005,0.9814453125,-0.2177734375,0.19580078125,0.029798304302342003,-0.11067941598012801,-0.031926754609652,Null
158.061000000005,0.9912109375,-0.23974609375,0.1845703125,0.015963377304826,-0.127707018438609,-0.024477178534067005,Null
158.080000000005,1.00439453125,-0.263671875,0.18359375,0.011706476690206002,-0.122385892670334,-0.015963377304826,Null
158.101000000005,0.998046875,-0.2724609375,0.189453125,0.06066083375833999,-0.08513801229240599,-0.022348728226757004,Null
158.12100000000498,0.9765625,-0.267578125,0.20849609375,0.139413495128815,-0.05959660860468499,-0.031926754609652,Null
158.141000000005,0.97412109375,-0.24560546875,0.23828125,0.19688165342619002,-0.06066083375833999,-0.045761681607168,Null
158.161000000005,0.98583984375,-0.23291015625,0.25,0.170276024584813,-0.06491773437296,-0.075559985909511,Null
158.18100000000499,0.99169921875,-0.19970703125,0.189453125,0.148991521511711,-0.08300956198509599,-0.05959660860468499,Null
158.201000000005,0.98828125,-0.2392578125,0.1640625,0.141541945436126,-0.07130308529489,-0.023412953380412004,Null
158.221000000005,0.99267578125,-0.25,0.19189453125,0.07343153560220099,-0.020220277919447,0.010642251536551002,Null
158.241000000005,0.99755859375,-0.25830078125,0.2119140625,0.027669853995032002,0.022348728226757004,0.010642251536551002,Null
158.261000000005,1.00732421875,-0.24267578125,0.22119140625,0.135156594514195,0.011706476690206002,0.00212845030731,Null
158.281000000005,1.0048828125,-0.23193359375,0.21630859375,0.18623940188963897,0.020220277919447,-0.013834926997516001,Null
158.302000000005,0.984375,-0.24609375,0.20703125,0.157505322740952,0.023412953380412004,0.003192675460965,Null
158.322000000005,0.9873046875,-0.25244140625,0.203125,0.127707018438609,-0.001064225153655,0.014899152151171002,Null
158.342000000005,1.013671875,-0.2939453125,0.19482421875,0.159633773048262,-0.027669853995032002,0.028734079148687,Null
158.366000000005,1.0322265625,-0.2939453125,0.20703125,0.385249505623139,-0.001064225153655,0.07343153560220099,Null
158.386000000005,1.02099609375,-0.33544921875,0.19873046875,0.489543570681336,0.034055204916963,0.147927296358056,Null
158.40700000000498,1.0927734375,-0.4677734375,0.18115234375,0.687489449261181,0.019156052765792,0.275634314796665,Null
158.427000000005,1.14599609375,-0.51416015625,0.2041015625,1.0322983990454302,0.026605628841377002,0.46932329276189,LVG1
158.447000000005,1.248046875,-0.6494140625,0.25244140625,1.61975068386303,0.18198250127501897,0.799233090394964,LVG1
158.467000000005,1.30078125,-0.6845703125,0.3154296875,2.59138824915012,0.47358019337651,1.19086794694003,LVG1
158.491000000005,1.30615234375,-0.64013671875,0.30322265625,3.30122642663806,0.5895807351249139,1.60165885625089,LVG1
158.512000000005,1.30126953125,-0.69921875,0.22900390625,3.4225480941547297,0.615122138812636,2.0230920170983,LVG1
158.53200000000498,1.26513671875,-0.90625,0.19873046875,3.65454917765154,0.8130680173924799,2.27318492820725,LVG1
158.552000000005,1.19287109375,-0.78271484375,0.26220703125,4.7485726356089595,1.0493260015039099,2.32213928527538,LVG1
158.572000000005,1.10498046875,-0.59326171875,0.42041015625,5.16255622038079,1.28558398561534,2.3806716687264102,LVG1
158.592000000005,1.02001953125,-0.4365234375,0.5341796875,4.59638843863629,1.53780534703159,2.4690023564797796,LVG1
158.612000000005,0.83544921875,-0.4521484375,0.52197265625,3.62581509850285,1.80173318513805,2.5562688190795,LVG1
158.632000000005,0.689453125,-0.544921875,0.47119140625,2.7382513203545202,1.8538802176671498,2.71483836697411,LVG1
158.652000000005,0.57421875,-0.53173828125,0.46337890625,2.22316634598546,1.7729991059893602,2.92874762285878,LVG1
158.672000000005,0.48876953125,-0.4755859375,0.50390625,2.00393596433251,1.6346498360141999,3.16394138181655,LVG1
158.692000000005,0.423828125,-0.5048828125,0.4970703125,1.8134396618282602,1.44202508320263,3.3746579622402595,LVG1
158.713000000005,0.357421875,-0.51806640625,0.435546875,1.41541945436126,1.2515287806983701,3.50768610644714,LVG1
158.733000000005,0.2802734375,-0.43017578125,0.37451171875,1.01314234627964,1.0312341738917699,3.63539312488575,LVG1
158.753000000005,0.2138671875,-0.35986328125,0.3671875,0.744957607558555,0.7258015547927641,3.70563198502699,LVG1
158.773000000005,0.216796875,-0.3984375,0.40673828125,0.506571173139818,0.33735937370866,3.7066962101806404,LVG1
158.797000000005,0.23095703125,-0.51953125,0.4033203125,0.26286361295280397,-0.20007432888715498,3.6247508733492007,LVG1
158.818000000005,0.224609375,-0.53564453125,0.42578125,0.41398358477182595,-0.5076353982934729,3.52790638436659,LVG1
158.838000000005,0.251953125,-0.61083984375,0.51708984375,0.608736787890705,-0.867343500228889,3.38423598862315,LVG1
158.858000000005,0.353515625,-0.6220703125,0.5791015625,0.7109024026415931,-1.05783980273315,3.1075374486728298,LVG1
158.878000000005,0.3720703125,-0.58203125,0.595703125,0.6864252241075259,-1.09615190826473,2.8010406044201703,LVG1
158.898000000005,0.34912109375,-0.48193359375,0.548828125,0.5980945363541539,-1.09615190826473,2.65737020867673,LVG1
158.918000000005,0.29150390625,-0.4873046875,0.5048828125,0.377799929547553,-1.09828035857204,2.35087336442407,LVG1
158.938000000005,0.3173828125,-0.5576171875,0.46923828125,0.34161627432328,-1.19938174816927,1.9794587857984498,LVG1
158.958000000005,0.39453125,-0.669921875,0.48974609375,0.46293794183995896,-1.28239131015437,1.54525492310717,LVG1
158.982000000005,0.56884765625,-0.82275390625,0.53955078125,1.4792729635805602,-1.29516201199823,0.975894465901708,LVG1
159.00200000000498,0.58349609375,-0.46484375,0.62158203125,2.38173589388007,-1.1780972450961698,0.628957065810152,LVG1
159.023000000005,0.60107421875,-0.3271484375,0.67626953125,2.29234098097304,-1.11956486164514,0.437396538152238,LVG1
159.043000000005,0.66796875,-0.435546875,0.72900390625,1.69105376915792,-1.14829894079383,0.310753744867283,LVG1
159.063000000005,0.77490234375,-0.5576171875,0.74951171875,1.5197135194194498,-1.08018853095991,0.017027602458481002,LVG1
159.083000000005,0.8505859375,-0.33935546875,0.88916015625,2.34235956319483,-0.788590838858414,-0.297983043023422,LVG1
159.107000000005,0.908203125,-0.1982421875,1.03125,2.4690023564797796,-0.5427548283640901,-0.382056830162173,LVG1
159.128000000005,0.9765625,-0.24072265625,1.0556640625,1.6559343390873,-0.290533466947837,-0.407598233849895,LVG1
159.148000000005,0.978515625,-0.20703125,1.0166015625,0.928004333987229,0.150055746665366,-0.38631373077679404,LVG1
159.168000000005,0.8134765625,-0.2041015625,0.95751953125,0.313946420328248,0.664076495880769,-0.264992063260115,LVG1
159.188000000005,0.7275390625,-0.21044921875,1.052734375,-0.10216561475088799,0.884371102687371,-0.157505322740952,LVG1
159.207000000005,0.71240234375,-0.314453125,1.05615234375,-0.5746815829737429,0.953545737674951,-0.057468158297374,LVG1
159.228000000005,0.6123046875,-0.4716796875,0.986328125,-0.8173249180071009,1.08763810703549,0.038312105531583,LVG1
159.249000000005,0.5830078125,-0.5166015625,1.01708984375,-0.387377955930449,1.1972532978619599,0.11174364113378302,LVG1
159.273000000005,0.51220703125,-0.42578125,1.12255859375,0.123450117823989,1.46224536112208,0.22455150742122199,LVG1
159.293000000005,0.4501953125,-0.42529296875,1.15625,0.159633773048262,1.6740261666994398,0.29372614240880196,LVG1
159.313000000005,0.24853515625,-0.353515625,1.169921875,0.155376872433642,1.83685261520867,0.26605628841377,LVG1
159.334000000005,0.2587890625,-0.3193359375,1.2392578125,0.044697456453513,1.89325654835239,0.19368897796522402,LVG1
159.354000000005,0.2666015625,-0.30224609375,1.12939453125,-0.240514884726048,1.99222948764231,0.152184196972676,LVG1
159.374000000005,0.20556640625,-0.31298828125,1.03662109375,-0.443781889074168,2.13483565823209,0.159633773048262,LVG1
159.398000000005,0.11279296875,-0.35888671875,0.9267578125,-0.428882736922997,2.14015678400036,0.164954898816537,LVG1
159.41900000000498,0.115234375,-0.357421875,0.9033203125,-0.345873174937901,2.07736749993471,0.195817428272535,LVG1
159.439000000005,0.03076171875,-0.38671875,0.85546875,-0.421433160847411,1.99329371279596,0.267120513567425,LVG1
159.459000000005,-0.009765625,-0.47607421875,0.77294921875,-0.47677286883747494,1.8506875422061797,0.230936858343152,LVG1
159.479000000005,0.01171875,-0.57666015625,0.751953125,0.005321125768275,1.72085207346026,0.20220277919446497,LVG1
159.499000000005,0.0146484375,-0.51953125,0.80712890625,0.5033784976788521,1.6516774384726798,0.229872633189497,LVG1
159.519000000005,-0.06005859375,-0.44873046875,0.78759765625,0.48209399460575103,1.59314505502165,0.259670937491839,LVG1
159.540000000005,-0.0634765625,-0.42724609375,0.7392578125,0.264992063260115,1.42712593105146,0.27669853995032107,LVG1
159.560000000005,-0.09033203125,-0.46142578125,0.70654296875,0.022348728226757004,1.30261158807382,0.285212341179561,LVG1
159.584000000005,-0.10302734375,-0.44189453125,0.71044921875,-0.20858813011639601,1.16639076840597,0.236257984111428,LVG1
159.604000000005,-0.099609375,-0.357421875,0.7626953125,-0.669397621649045,1.14084936471824,0.305432619099008,LVG1
159.625000000005,-0.1142578125,-0.533203125,0.84130859375,-1.25046455554472,1.14084936471824,0.36396500255003705,LVG1
159.64500000000498,-0.087890625,-0.70166015625,0.79833984375,-1.2004459733229298,1.1419135898719,0.42781851176934205,LVG1
159.665000000005,-0.201171875,-0.54833984375,0.7216796875,-1.1376566892572801,1.09189500765011,0.533176801981195,LVG1
159.689000000005,-0.33447265625,-0.32275390625,0.5537109375,-1.5282273206486898,0.88011420207275,0.687489449261181,LVG1
159.709000000005,-0.30810546875,-0.4482421875,0.51123046875,-1.59740195563627,0.643856217961323,0.7736916867072429,LVG1
159.730000000005,-0.40869140625,-0.421875,0.4609375,-0.81093956708517,0.508699623447128,0.623635940041876,LVG1
159.750000000005,-0.36767578125,-0.2783203125,0.64990234375,0.15111997181902098,0.39269908169872403,0.23200108349680698,LVG1
159.77000000000498,-0.31884765625,-0.560546875,0.70849609375,0.553397079900641,0.285212341179561,0.19688165342619002,LVG1
159.79400000000498,-0.43359375,-0.64794921875,0.650390625,1.1812899205571399,0.20752390496273998,0.243707560187013,LVG1
159.814000000005,-0.61474609375,-0.50244140625,0.71826171875,1.6591270145482702,0.09152336321433699,0.097908714136267,LVG1
159.835000000005,-0.52099609375,-0.34765625,0.78857421875,2.00287173917886,-0.322460221557489,-0.118128992055714,LVG1
159.855000000005,-0.43798828125,-0.11328125,0.8916015625,1.7176593979993,-0.365029227703692,-0.031926754609652,LVG1
159.875000000005,-0.49072265625,-0.287109375,0.81640625,1.4409608580489799,-0.351194300706176,-0.019156052765792,LVG1
159.89500000000498,-0.47607421875,-0.41748046875,0.74658203125,1.78470558267957,-0.34374472463059,-0.10535829021185301,LVG1
159.915000000005,-0.4716796875,-0.08203125,0.869140625,2.6148012025305296,-0.5076353982934729,-0.097908714136267,LVG1
159.935000000005,-0.52392578125,0.1748046875,0.9130859375,1.99222948764231,-0.6779114228782851,-0.015963377304826,LVG1
159.956000000005,-0.5888671875,0.05224609375,0.8046875,0.568296232051812,-0.7981688652413091,0.00425690061462,LVG1
159.976000000005,-0.5576171875,-0.2763671875,0.732421875,0.21603770619198104,-0.919490532757988,-0.031926754609652,LVG1
160.000000000005,-0.41455078125,-0.00732421875,1.083984375,1.1844825960181,-0.926940108833574,0.06491773437296,LVG1
160.02000000000498,-0.3720703125,-0.1357421875,1.2578125,0.9216189830652979,-0.8269029443899959,0.297983043023422,LVG1
160.041000000005,-0.4150390625,-0.34716796875,1.1884765625,0.466130617300925,-0.5853238345102929,0.36290077739638205,LVG1
160.061000000005,-0.39306640625,-0.32470703125,1.09375,0.37247880377927794,-0.27669853995032107,0.292661917255147,LVG1
160.081000000005,-0.3037109375,-0.27392578125,1.01416015625,0.527855676212919,-0.159633773048262,0.461873716686304,LVG1
160.105000000005,-0.24951171875,-0.1875,0.91796875,0.660883820419804,-0.057468158297374,0.617250589119946,LVG1
160.125000000005,-0.265625,-0.14208984375,0.96337890625,0.49592892160326707,0.20433122950177499,0.617250589119946,LVG1
160.146000000005,-0.25732421875,-0.1103515625,1.05224609375,0.307561069406318,0.415047809925481,0.511892298908093,LVG1
160.166000000005,-0.17578125,-0.06640625,1.0625,0.225615732574877,0.47358019337651,0.393763306852379,LVG1
160.186000000005,-0.22314453125,-0.15087890625,0.98974609375,0.015963377304826,0.5778742584347081,0.336295148555005,LVG1
160.206000000005,-0.31005859375,-0.2177734375,0.87060546875,-0.119193217209369,0.575745808127398,0.338423598862315,LVG1
160.226000000005,-0.34521484375,-0.21923828125,0.740234375,-0.08300956198509599,0.44803878968878796,0.286276566333216,LVG1
160.247000000005,-0.3369140625,-0.13818359375,0.71630859375,0.365029227703692,0.253285586569909,0.20113855404081,LVG1
160.267000000005,-0.39892578125,0.0908203125,0.78857421875,0.664076495880769,0.019156052765792,0.229872633189497,LVG1
160.291000000005,-0.43798828125,-0.04833984375,0.8154296875,-0.010642251536551002,-0.321395996403834,0.236257984111428,LVG1
160.311000000005,-0.3837890625,-0.26123046875,0.8662109375,0.10855096567281801,-0.554461305054296,0.252221361416254,LVG1
160.331000000005,-0.404296875,-0.16162109375,0.91650390625,0.582131159049328,-0.709838177487938,0.481029769452096,LVG1
160.352000000005,-0.36181640625,-0.015625,0.93212890625,0.47251596822285497,-0.853508573231373,0.713030852948903,LVG1
160.372000000005,-0.27392578125,0.03759765625,0.962890625,0.19901010373349998,-0.9876009425919129,0.863086599614269,LVG1
160.392000000005,-0.2080078125,0.048828125,1.14404296875,0.15111997181902098,-1.05358290211853,0.9290685591408839,LVG1
160.416000000005,-0.13427734375,0.1162109375,1.25048828125,0.025541403687721998,-0.9833440419772929,0.891820678762956,LVG1
160.436000000005,-0.0791015625,0.1240234375,1.24462890625,-0.18623940188963897,-0.7609209848633821,0.764113660324347,LVG1
160.457000000005,-0.0048828125,0.12890625,1.197265625,-0.020220277919447,-0.5512686295933311,0.539562152903125,LVG1
160.477000000005,0.0595703125,0.30126953125,1.19140625,0.237322209265083,-0.33735937370866,0.15111997181902098,LVG1
160.497000000005,0.01806640625,0.1396484375,1.05126953125,0.119193217209369,-0.17666137550674302,-0.15111997181902098,LVG1
160.517000000005,0.06591796875,0.345703125,1.01220703125,0.594901860893189,-0.09365181352164699,-0.639599317346702,LVG1
160.537000000005,0.1103515625,0.7529296875,0.97998046875,0.821581818621721,-0.001064225153655,-1.36007974637119,LVG1
160.558000000005,0.0146484375,0.65283203125,0.69921875,-0.148991521511711,-0.08300956198509599,-1.8762289458938999,LVG1
160.577000000005,-0.0478515625,0.5107421875,0.50341796875,-0.7981688652413091,-0.237322209265083,-2.3732220926508303,LVG1
160.602000000005,-0.29345703125,0.21728515625,0.34912109375,0.42249738600106607,-0.34268049947693496,-2.92236227193685,LVG1
160.622000000005,-0.56103515625,0.20751953125,0.50146484375,0.455488365764374,-0.6779114228782851,-2.72015949274238,LVG1
160.642000000005,-0.75830078125,-0.09130859375,0.64599609375,-0.557653980515261,-0.9258758836799191,-2.24019394844394,LVG1
160.66300000000498,-0.80517578125,-0.34033203125,0.6337890625,-0.054275482836409004,-1.1238217622597602,-2.6648197847523196,LVG1
160.683000000005,-0.326171875,0.38623046875,0.81103515625,0.9311970094481941,-1.19193217209369,-3.18629011004331,LVG1
160.707000000005,-0.033203125,0.75,0.9794921875,0.34374472463059,-0.9876009425919129,-3.5002365303715597,LVG1
160.727000000005,0.076171875,0.23876953125,0.97607421875,-0.7853981633974481,-0.8928849039166109,-3.65348495249789,LVG1
160.748000000005,0.25634765625,-0.57177734375,0.88623046875,-1.9656238588009298,-0.80668266647055,-3.44596104753515,LVG1
160.768000000005,0.314453125,-1.4248046875,0.71142578125,-2.7563431479666503,-0.637470867039392,-2.67333358598156,LVG1
160.78800000000498,0.3212890625,-2.06787109375,0.83935546875,-2.4232406748726203,-0.666204946188079,-1.44841043412456,LVG1
160.81200000000499,0.576171875,-1.96337890625,1.17333984375,-2.80849018049575,-0.774755911860898,-0.528919901366574,LVG1
160.832000000005,0.576171875,-1.26220703125,1.34228515625,-3.0181425357658,-0.227744182882187,-0.390570631391414,LVG1
160.853000000005,0.61474609375,-1.03662109375,1.22265625,-2.62544345406708,0.09258758836799198,-0.2969188178697669,LVG1
160.873000000005,0.86083984375,-1.44677734375,1.08154296875,-0.019156052765792,0.571488907512777,-0.080881111677786,LVG1
160.893000000005,0.8671875,-1.21484375,1.12939453125,2.44346095279206,1.12701443772073,0.179854050967708,LVG1
160.91300000000498,0.84423828125,-0.3994140625,1.1787109375,2.42536912517992,1.6484847630117199,0.567232006898157,LVG1
160.933000000005,0.7451171875,-0.01123046875,1.0546875,2.13589988338574,1.8666509195110101,0.821581818621721,LVG1
160.953000000005,0.4970703125,-0.42138671875,0.77685546875,1.33028144206885,2.23380859752201,1.39945607705643,LVG1
160.973000000005,-0.0263671875,-0.1494140625,0.90966796875,1.52609887034138,2.26892802759263,1.15574851686942,LVG1
160.998000000005,-0.0751953125,0.12939453125,1.16943359375,0.48635089522037106,1.6665765906238503,1.42712593105146,LVG1
161.018000000005,-0.20703125,0.150390625,0.9189453125,-0.829031394697307,1.63890673662882,1.55164027402911,LVG1
161.03800000000498,-0.4794921875,-0.03369140625,0.91552734375,-1.57292477710221,1.8666509195110101,1.37604312367602,LVG1
161.058000000005,-0.705078125,-0.345703125,0.68994140625,-1.7804486820649499,1.7964120593697699,1.47820873842691,LVG1
161.079000000005,-0.8798828125,-0.29248046875,0.6865234375,-0.783269713090138,1.37604312367602,1.56334675071931,LVG1
161.103000000005,-0.724609375,0.005859375,0.9775390625,-0.056403933143719005,0.696003250490422,1.65487011393365,LVG1
161.123000000005,-0.7568359375,-0.251953125,0.72705078125,-0.985472492284603,0.42569006146203203,2.05608299686161,LVG1
161.143000000005,-0.7265625,-0.103515625,0.79931640625,-0.617250589119946,0.17666137550674302,2.01670666617637,LVG1
161.164000000005,-0.63330078125,-0.29638671875,0.8681640625,-0.6513057940369079,0.06491773437296,2.1146153803126397,LVG1
161.184000000005,-0.7099609375,-0.11865234375,0.8251953125,-0.365029227703692,0.097908714136267,2.03054159317389,LVG1
161.204000000005,-0.5625,0.4521484375,0.80908203125,0.28095544056494104,-0.133028144206885,1.58675970409972,LVG1
161.228000000005,-0.50048828125,0.875,0.5732421875,-1.4175479046685702,-0.223487282267567,0.667269171341735,LVG1
161.248000000005,-0.453125,-0.029296875,0.04931640625,-3.1532991302799998,-0.351194300706176,0.12557856813129903,LVG1
161.269000000005,-0.544921875,-0.9375,0.490234375,-1.52503464518773,-0.5459475038250561,-0.072367310448545,LVG1
161.289000000005,-0.3525390625,-0.27001953125,1.36865234375,1.4090341034393201,-0.7183519787171779,-0.310753744867283,LVG1
161.309000000005,-0.1904296875,-0.01220703125,1.357421875,0.241579109879703,-0.371414578625623,-0.356515426474451,LVG1
161.329000000005,-0.00390625,-0.0888671875,1.3720703125,-1.3813642494442901,0.130899693899575,-0.40227710808162,LVG1
161.349000000005,0.0185546875,-0.39501953125,1.21484375,-1.0056927702040501,0.554461305054296,-0.6715260719563549,LVG1
161.369000000005,-0.21142578125,-0.44287109375,1.07177734375,-0.512956524061748,0.8311598450046171,-0.792847739473034,LVG1
161.38900000000498,-0.451171875,-0.43115234375,0.9072265625,-0.5991587615078101,0.713030852948903,-0.7545356339414508,LVG1
161.409000000005,-0.5244140625,-0.5439453125,0.76806640625,-0.141541945436126,0.346937400091556,-0.6247001651955311,LVG1
161.429000000005,-0.49951171875,-0.44677734375,0.919921875,0.8364809707728921,-0.076624211063166,-0.355451201320796,LVG1
161.449000000005,-0.44580078125,-0.41650390625,1.05322265625,0.634278191578427,-0.35013007555252096,0.079816886524131,LVG1
161.470000000005,-0.357421875,-0.73486328125,0.99267578125,0.26818473872107995,-0.34055204916962495,0.42781851176934205,LVG1
161.490000000005,-0.3681640625,-0.6416015625,1.021484375,0.632149741271117,-0.147927296358056,0.639599317346702,LVG1
161.510000000005,-0.4794921875,-0.41650390625,1.02734375,0.898206029684887,0.008513801229241,0.8992702548385421,LVG1
161.530000000005,-0.462890625,-0.26904296875,0.8212890625,0.588516509971259,-0.017027602458481002,1.02910572358446,LVG1
161.55000000000499,-0.50146484375,-0.3251953125,0.783203125,-0.18943207735060397,0.04895435706813401,1.2227947015496898,LVG1
161.570000000005,-0.47607421875,-0.3671875,0.85693359375,-0.141541945436126,-0.07023886014123501,1.15042739110114,LVG1
161.591000000005,-0.45068359375,-0.248046875,0.857421875,0.53211257682754,-0.10322983990454301,1.06422515365508,LVG1
161.615000000005,-0.48779296875,0.04443359375,0.802734375,0.731122680561039,-0.014899152151171002,0.87585730145813,LVG1
161.635000000005,-0.27880859375,0.18359375,0.6142578125,0.43420386269127204,-0.13409236936053998,0.616186363966291,LVG1
161.655000000005,-0.18701171875,0.2705078125,0.56640625,-0.12983546874592,-0.20326700434811998,0.37460725408658796,LVG1
161.676000000005,-0.15625,0.1318359375,0.73046875,-0.713030852948903,-0.253285586569909,0.054275482836409004,LVG1
161.696000000005,0.02880859375,-0.263671875,0.9345703125,-1.05677557757949,-0.415047809925481,-0.169211799431158,LVG1
161.720000000005,0.12451171875,-0.5205078125,1.07568359375,-0.323524446711144,-0.311817970020938,-0.27989121541128603,LVG1
161.740000000005,0.00244140625,-0.349609375,1.04638671875,-0.121321667516679,-0.11174364113378302,-0.322460221557489,LVG1
161.760000000005,-0.1171875,-0.21923828125,0.8935546875,-0.5097638486007829,-0.116000541748404,-0.37460725408658796,LVG1
161.781000000005,-0.11767578125,-0.32958984375,0.8779296875,-0.489543570681336,-0.18411095158232899,-0.48422244491306105,LVG1
161.801000000005,-0.0947265625,-0.27587890625,1.01220703125,-0.814132242546135,-0.192624752811569,-0.591709185432224,LVG1
161.821000000005,-0.11328125,-0.68896484375,0.5556640625,-1.17916147024983,-0.228808408035842,-0.623635940041876,LVG1
161.841000000005,-0.34765625,-0.90966796875,0.37451171875,-0.8343525204655821,-0.457616816071684,-0.46932329276189,LVG1
161.861000000005,-0.46923828125,-0.85205078125,0.81640625,-0.003192675460965,-0.9439677112920551,-0.568296232051812,LVG1
161.881000000005,-0.4130859375,-0.4013671875,0.98974609375,0.338423598862315,-0.9035271554531621,-0.80242576585593,LVG1
161.90100000000498,-0.6005859375,-0.10009765625,0.728515625,-0.173468700045778,-0.7289942302537291,-1.01846347204791,LVG1
161.926000000005,-0.7451171875,-0.2666015625,0.5537109375,-1.0684820542697,-0.531048351673884,-1.0610324781941098,LVG1
161.946000000005,-0.74072265625,-0.55859375,1.00341796875,-1.4260617058978102,-0.28201966571859605,-1.12169331195245,LVG1
161.966000000005,-0.62841796875,-1.09619140625,1.28076171875,-1.1248859874134198,0.09897293928992199,-1.0897665573428001,LVG1
161.987000000005,-0.64892578125,-1.3798828125,0.9775390625,0.46506639214726997,0.48422244491306105,-0.8396736462338571,LVG1
162.007000000005,-0.5703125,-0.76513671875,0.990234375,2.8319031338761698,0.621507489734566,-0.7619852100170369,LVG1
162.02600000000498,-0.42041015625,0.01416015625,1.4169921875,3.5002365303715597,0.6949390253367671,-0.393763306852379,LVG1
162.051000000005,-0.400390625,0.04541015625,1.37353515625,2.22529479629277,1.0855096567281801,0.246900235647978,LVG1
162.071000000006,-0.4375,-0.173828125,0.99169921875,2.2497719748268397,1.2004459733229298,0.18943207735060397,LVG1
162.092000000005,-0.51416015625,-0.10888671875,0.69189453125,2.57968177245991,1.19086794694003,-0.017027602458481002,LVG1
162.112000000005,-0.61669921875,-0.140625,0.48046875,1.7921551587551499,0.764113660324347,0.164954898816537,LVG1
162.132000000006,-0.60888671875,-0.43310546875,0.37060546875,1.6867968685433001,0.14047772028247002,0.33948782401597,LVG1
162.152000000005,-0.4716796875,-0.30517578125,0.4775390625,1.81876078759653,-0.152184196972676,0.47783709399113106,LVG1
162.17100000000602,-0.4013671875,-0.2373046875,0.68798828125,1.47288761265863,-0.5257272259056089,0.910976731528748,LVG1
162.192000000005,-0.36181640625,-0.18798828125,0.84716796875,0.860958149306959,-0.708773952334283,1.11530796103052,LVG1
162.21200000000601,-0.310546875,-0.1337890625,0.8330078125,0.34161627432328,-0.774755911860898,1.0163350217406,LVG1
162.232000000006,-0.24560546875,-0.185546875,0.89794921875,-0.10855096567281801,-0.844994772002133,0.9482246119066758,LVG1
162.252000000006,-0.2529296875,-0.28173828125,1.12353515625,-0.08833068775337198,-0.7662421106316569,0.896077579377577,LVG1
162.27200000000602,-0.29931640625,-0.09716796875,1.43896484375,0.419304710540101,-0.521470325290989,0.8311598450046171,LVG1
162.292000000006,-0.248046875,0.28515625,1.54248046875,0.6598195952661489,-0.14047772028247002,0.770499011246277,LVG1
162.312000000006,-0.2958984375,0.177734375,1.1259765625,0.4969931467569221,0.326717122172109,0.7119666277952479,LVG1
162.33200000000602,-0.35498046875,0.14208984375,1.01123046875,0.459745266378994,0.5012500473715421,0.639599317346702,LVG1
162.352000000006,-0.33544921875,0.09912109375,1.03759765625,0.33735937370866,0.405469783542585,0.5778742584347081,LVG1
162.372000000006,-0.25830078125,0.25537109375,0.890625,0.7492145081731759,0.119193217209369,0.431011187230307,LVG1
162.393000000006,-0.224609375,0.3935546875,0.80078125,0.857765473845994,-0.17666137550674302,0.28308389087225105,LVG1
162.413000000006,-0.25439453125,0.0517578125,0.91455078125,0.20220277919446497,-0.328845572479419,0.171340249738468,LVG1
162.43300000000602,-0.3095703125,-0.01220703125,0.93408203125,0.352258525859831,-0.518277649830024,0.06704618468026999,LVG1
162.45700000000602,-0.267578125,-0.11279296875,1.0244140625,-0.30649684425266305,-0.5874522848176039,0.27457008964301,LVG1
162.477000000006,-0.21630859375,-0.2314453125,1.0390625,-0.54062637805678,-0.37567147924024297,0.5448832786714001,LVG1
162.49800000000602,-0.134765625,-0.42724609375,1.0400390625,-0.833288295311927,-0.18943207735060397,0.6949390253367671,LVG1
162.518000000006,-0.15185546875,-0.3115234375,0.95703125,-0.9652522143651571,-0.015963377304826,0.8322240701582719,LVG1
162.538000000006,-0.1611328125,-0.07421875,0.9404296875,-0.904591380606817,0.040440555838893,0.9982431941284642,LVG1
162.557000000006,-0.02490234375,-0.20556640625,1.00146484375,-1.37604312367602,0.020220277919447,1.1333997886426599,LVG1
162.58200000000602,0.0712890625,-0.322265625,0.99072265625,-1.3962634015954598,0.07130308529489,1.0769958554989398,LVG1
162.603000000006,0.0322265625,0.0166015625,0.9921875,-0.558718205668917,0.21284503073101602,0.8492516726167529,LVG1
162.62300000000602,0.06201171875,0.384765625,0.98046875,-0.485286670066716,0.251157136262599,0.399084432620655,LVG1
162.643000000006,0.181640625,0.16455078125,1.078125,-1.32815299176154,0.225615732574877,-0.10322983990454301,LVG1
162.663000000006,0.15087890625,-0.099609375,1.0087890625,-1.52290619488042,0.256478262030874,-0.582131159049328,LVG1
162.68300000000602,0.0068359375,-0.0947265625,0.9287109375,-1.35795129606388,0.22135883196025602,-0.8513801229240631,LVG1
162.703000000006,-0.09326171875,-0.22021484375,1.20361328125,-1.67296194154578,-0.007449576075585999,-0.7438933824049,LVG1
162.723000000006,-0.43359375,-0.51513671875,0.82421875,-2.2412581735976,-0.09365181352164699,-0.285212341179561,LVG1
162.74300000000602,-0.78955078125,0.19677734375,0.32763671875,-1.37497889852236,-0.246900235647978,0.06917463498758,LVG1
162.763000000006,-0.69140625,0.62158203125,0.43115234375,-0.781141262782828,-0.744957607558555,0.43313963753761703,LVG1
162.783000000006,-0.52978515625,0.6884765625,0.880859375,-0.650241568883253,-0.926940108833574,0.483158219759406,LVG1
162.803000000006,-0.2177734375,0.32177734375,1.5751953125,-0.18623940188963897,-0.9982431941284642,0.6736545222636651,LVG1
162.823000000006,-0.02734375,0.009765625,1.9013671875,0.733251130868349,-0.7864623885511031,0.6885536744148361,LVG1
162.848000000006,0.12939453125,-0.01318359375,1.90283203125,1.6740261666994398,-0.11387209144109299,-0.5512686295933311,LVG1
162.86800000000602,0.15234375,-0.259765625,1.58544921875,1.61655800840207,0.348001625245211,-0.5980945363541539,LVG1
162.888000000006,-0.1103515625,-0.78955078125,1.15869140625,2.82019665718596,0.821581818621721,-0.194753203118879,LVG1
162.90900000000602,-0.47705078125,-0.58251953125,0.86767578125,4.62299406747766,0.548075954132366,-0.009578026382896,LVG1
162.929000000006,-0.71630859375,-0.62109375,0.17333984375,5.91283495370762,-0.36928612831831203,-0.07130308529489,LVG1
162.949000000006,-0.60302734375,0.54248046875,0.38427734375,6.09694590528995,-1.1844825960181,0.027669853995032002,LVG1
162.96900000000602,-0.6923828125,0.81787109375,0.41748046875,3.91634856545069,-1.77619178145033,0.46719484245458,LVG1
162.989000000006,-0.57275390625,0.21875,0.2021484375,2.22103789567815,-2.43601137671648,0.704517051719662,LVG1
163.009000000006,-0.3369140625,0.115234375,0.53369140625,1.7006317955408201,-2.57436064669164,0.9365181352164699,LVG1
163.02900000000602,-0.39306640625,0.2548828125,0.7646484375,0.843930546848478,-2.2455150742122205,1.2089597745521699,LVG1
163.049000000006,-0.51220703125,0.39794921875,1.08544921875,0.48209399460575103,-1.62081490901669,1.09402345795742,LVG1
163.069000000006,-0.37939453125,0.76953125,1.42236328125,0.324588671864799,-0.747086057865866,0.644920443114978,LVG1
163.089000000006,-0.25732421875,0.9765625,1.45751953125,-0.179854050967708,0.065981959526615,0.084073787138751,LVG1
163.110000000006,-0.1728515625,0.603515625,1.1904296875,-1.20470287393755,0.517213424676368,-0.233065308650462,LVG1
163.13000000000602,-0.10009765625,0.26513671875,0.90771484375,-1.9773303354911398,0.533176801981195,-0.33310247309403995,LVG1
163.150000000006,0.046875,0.57177734375,0.97412109375,-3.15755603089462,0.313946420328248,-0.49805737191057703,LVG1
163.170000000006,0.369140625,0.41943359375,0.48486328125,-4.26115751523494,-0.267120513567425,-0.38099260500851795,LVG1
163.190000000006,0.5029296875,-0.35009765625,0.40673828125,-2.9542890265465,-0.779012812475518,-0.19156052765791398,LVG1
163.210000000006,0.48681640625,-0.17431640625,0.72802734375,-1.07167472973066,-1.27281328377147,-0.356515426474451,LVG1
163.23000000000602,0.6474609375,0.40234375,1.02783203125,-1.11530796103052,-1.56547520102662,-0.4235616111547221,LVG1
163.250000000006,0.69677734375,0.64111328125,1.27001953125,-2.21784522021718,-1.3930707261345,-0.661948045573459,LVG1
163.271000000006,0.6279296875,0.77490234375,1.125,-3.4715024512228703,-1.04187642542832,-0.881178427226405,LVG1
163.295000000006,0.47021484375,-0.31005859375,0.81005859375,-4.05895473604047,-0.714095078102558,-0.93864658552378,LVG1
163.316000000006,0.35205078125,-0.5654296875,0.68896484375,-4.02596375627716,-0.502314272525197,-0.920554757911643,LVG1
163.336000000006,0.34716796875,-0.6689453125,0.7119140625,-3.75990746786339,-0.415047809925481,-0.74176493209759,LVG1
163.35600000000602,0.33447265625,-0.796875,1.0947265625,-3.2150241891919906,-0.09578026382895699,-0.641727767654013,LVG1
163.376000000006,0.23291015625,-0.6279296875,1.2470703125,-2.7350586448935497,0.48209399460575103,-0.550204404439676,LVG1
163.396000000006,0.13232421875,-0.787109375,1.0517578125,-2.99579380753905,0.974830240748052,-0.20539545465543,LVG1
163.41600000000602,0.1875,-0.763671875,1.037109375,-2.67971893690349,1.40158452736374,0.06917463498758,LVG1
163.437000000006,0.2333984375,-0.490234375,1.06201171875,-2.33810266258021,1.95285315695707,0.10855096567281801,LVG1
163.461000000006,0.033203125,-0.4580078125,0.9619140625,-2.66588400990597,2.52753473993081,0.28946924179418104,LVG1
163.48100000000602,-0.138671875,-0.7353515625,0.79052734375,-2.8883070670198796,2.8350958093371297,0.41079090931086,LVG1
163.501000000006,-0.0888671875,-0.8046875,0.7998046875,-2.59458092461108,2.96705972839036,0.332038247940385,LVG1
163.52200000000602,-0.025390625,-0.61767578125,0.7783203125,-2.8499949614883,2.87766481548333,0.137285044821505,LVG1
163.542000000006,-0.12841796875,-0.65771484375,0.099609375,-3.20012503704082,2.65417753321577,0.06917463498758,LVG1
163.562000000006,-0.14013671875,-0.68115234375,0.1171875,-2.44133250248475,2.23380859752201,0.220294606806601,LVG1
163.58100000000601,-0.10302734375,-0.94189453125,0.43505859375,-2.08268862570299,1.69531066977254,0.10855096567281801,LVG1
163.60600000000602,-0.224609375,-0.82177734375,0.224609375,-0.797104640087654,1.04400487573563,-0.065981959526615,LVG1
163.627000000006,-0.32275390625,-0.50732421875,-0.02099609375,-0.052147032529099004,0.642791992807668,-0.020220277919447,LVG1
163.64700000000602,-0.26611328125,-0.51123046875,-0.10400390625,-1.40158452736374,0.324588671864799,0.0,LVG1
163.667000000006,-0.3388671875,-1.02490234375,0.18212890625,-2.56903952092336,0.245836010494323,0.173468700045778,LVG1
163.687000000006,-0.35009765625,-1.0537109375,0.3681640625,-1.7304300998431599,-0.10429406505819801,0.284148116025906,LVG1
163.70600000000601,-0.42529296875,-0.796875,0.43994140625,-0.580002708742018,-0.22455150742122199,0.395891757159689,LVG1
163.727000000006,-0.34033203125,-0.88427734375,0.47216796875,-0.8513801229240631,-0.13196391905323,0.535305252288505,LVG1
163.747000000006,-0.23681640625,-1.041015625,0.4423828125,-1.3473090445273301,0.07130308529489,0.647048893422288,LVG1
163.76700000000602,-0.27978515625,-0.82080078125,0.6142578125,-0.81093956708517,0.188367852196949,0.67259029711001,LVG1
163.787000000006,-0.31689453125,-0.48681640625,0.560546875,-1.26217103223492,0.252221361416254,0.8088111167778599,LVG1
163.807000000006,-0.37109375,-1.22314453125,0.48291015625,-2.3146897091997998,0.46080949153264894,0.8056184413168951,LVG1
163.827000000006,-0.35205078125,-1.22900390625,0.7978515625,-1.0727389548843198,0.45229569030340905,0.632149741271117,LVG1
163.847000000006,-0.38623046875,-0.84326171875,0.685546875,-0.537433702595815,0.514020749215403,0.5980945363541539,LVG1
163.86700000000602,-0.53271484375,-0.88037109375,0.3427734375,-0.9918578432065341,0.822646043775376,0.669397621649045,LVG1
163.887000000006,-0.4716796875,-0.91064453125,0.55029296875,-0.9035271554531621,0.9290685591408839,0.5235987755982989,LVG1
163.907000000006,-0.3583984375,-0.92236328125,0.474609375,-0.714095078102558,0.781141262782828,0.31501064548190305,LVG1
163.928000000006,-0.26806640625,-1.0927734375,0.24609375,-0.841802096541167,0.666204946188079,0.28734079148687103,LVG1
163.948000000006,-0.29052734375,-1.26171875,0.2275390625,-0.933325459755504,0.647048893422288,0.36609345285734707,LVG1
163.96800000000601,-0.39453125,-1.1123046875,0.390625,-0.5363694774421599,0.7002601511050419,0.36077232708907203,LVG1
163.988000000006,-0.50634765625,-1.13623046875,0.3740234375,0.00638535092193,0.759856759709726,0.150055746665366,LVG1
164.008000000006,-0.5029296875,-1.30224609375,0.29443359375,0.969509114979777,0.623635940041876,-0.273505864489355,LVG1
164.02800000000602,-0.55810546875,-1.310546875,0.1298828125,2.91916959647588,0.649177343729598,-0.726865779946419,LVG1
164.048000000006,-0.5107421875,-0.654296875,0.2216796875,4.04299135873564,0.67471874741732,-0.955674187982261,LVG1
164.068000000006,-0.53662109375,-0.49560546875,0.1904296875,2.77337075042514,0.453359915457064,-0.907784056067782,LVG1
164.08800000000602,-0.6015625,-0.22509765625,0.0458984375,1.2355654033935501,-0.328845572479419,-0.639599317346702,LVG1
164.108000000006,-0.48974609375,-0.486328125,0.00830078125,-0.116000541748404,-1.08231698126722,-0.34480894978424603,LVG1
164.128000000006,-0.37060546875,-0.9921875,-0.0068359375,-0.608736787890705,-1.6995675703871598,-0.242643335033358,LVG1
164.149000000006,-0.3720703125,-1.3837890625,-0.24365234375,0.051082807375443996,-2.3327815368119302,-0.05959660860468499,LVG1
164.169000000006,-0.49267578125,-1.26171875,-0.3076171875,0.407598233849895,-2.8808574909442997,0.26605628841377,LVG1
164.18900000000602,-0.55419921875,-1.16357421875,-0.0869140625,-1.04400487573563,-3.11711547505573,0.7396364817902801,LVG1
164.21300000000602,-0.24169921875,-1.77880859375,0.6171875,-0.41717626023279103,-3.00962873453656,0.999307419282119,LVG1
164.234000000006,0.0302734375,-1.09326171875,1.07958984375,1.26855638315685,-2.4615527804042,1.3270887666078799,LVG1
164.25400000000602,0.03369140625,-0.76025390625,1.1171875,1.07380318003797,-1.73787967591874,1.8091827612136298,LVG1
164.274000000006,0.05908203125,-0.83154296875,0.97119140625,0.584259609356638,-1.1514916162548001,1.9070914753498998,LVG1
164.294000000006,0.03564453125,-0.46875,0.9912109375,1.2515287806983701,-0.5693604572054671,1.5984661807899299,LVG1
164.31400000000602,-0.01708984375,-0.08056640625,0.89501953125,1.04081220027467,-0.17240447489212302,1.2057670990912,LVG1
164.334000000006,0.08447265625,-0.2646484375,0.462890625,0.31820332094286896,-0.18730362704329398,0.7034528265660072,LVG1
164.354000000006,-0.04150390625,-0.548828125,0.32958984375,0.18943207735060397,-0.405469783542585,0.12983546874592,LVG1
164.37400000000602,-0.1572265625,-0.63916015625,0.6298828125,-0.29904726817707694,-0.632149741271117,-0.16708334912384698,LVG1
164.394000000006,-0.12255859375,-1.109375,0.9482421875,-1.3334741175298102,-0.49805737191057703,-0.195817428272535,LVG1
164.414000000006,-0.13427734375,-0.962890625,0.79248046875,-0.792847739473034,-0.050018582221788996,-0.16389067366288199,LVG1
164.434000000006,-0.51416015625,-0.64892578125,0.40576171875,-0.630021290963807,0.446974564535133,-0.042569006146202994,LVG1
164.454000000006,-0.5869140625,-0.79248046875,0.29931640625,-1.6772188421604,0.527855676212919,0.020220277919447,LVG1
164.47400000000601,-0.48779296875,-1.10595703125,0.17041015625,-2.06140412262989,0.33097402278673,0.051082807375443996,LVG1
164.494000000006,-0.3017578125,-1.2431640625,0.0908203125,-0.801361540702275,-0.06066083375833999,0.079816886524131,LVG1
164.514000000006,-0.03759765625,-0.43017578125,0.31982421875,1.1812899205571399,-0.46932329276189,-0.12983546874592,LVG1
164.53400000000602,0.1513671875,-0.53173828125,0.80712890625,0.291597692101492,-0.40440555838892994,-0.5597824308225721,LVG1
164.555000000006,0.1611328125,-0.9580078125,0.69384765625,0.5512686295933311,0.30649684425266305,-0.969509114979777,LVG1
164.575000000006,-0.1298828125,-0.87109375,0.45947265625,1.5888881544070301,0.881178427226405,-1.10785838495494,LVG1
164.59900000000601,-0.0751953125,-1.236328125,0.65234375,1.37497889852236,0.9120409566824029,-1.09189500765011,LVG1
164.619000000006,0.0068359375,-0.96533203125,0.75341796875,2.1795331146856003,1.3696577727540902,-1.08657388188184,LVG1
164.640000000006,-0.08203125,-0.83154296875,0.72998046875,2.27850605397552,1.98371568641307,-1.01846347204791,LVG1
164.66000000000602,-0.34912109375,-0.35400390625,0.1494140625,2.48496573378461,2.21784522021718,-1.3185749653786398,LVG1
164.680000000006,-0.5986328125,0.2451171875,0.0732421875,2.49667221047482,2.12312918154188,-1.85281599251349,LVG1
164.700000000006,-0.9287109375,-0.2177734375,0.4111328125,1.02378459781619,2.1146153803126397,-1.90815570050356,LVG1
164.720000000006,-0.87353515625,-0.97265625,0.87109375,0.33523092340134997,1.8794216213548702,-1.56760365133393,LVG1
164.740000000006,-0.28125,-0.97314453125,0.6796875,1.3313456672225,1.6591270145482702,-1.56015407525835,LVG1
164.76000000000602,-0.4873046875,-1.40966796875,0.279296875,1.0493260015039099,2.00074328887155,-0.9173620824506781,LVG1
164.780000000006,-0.6728515625,-1.23388671875,0.32470703125,0.8556370235386841,1.55164027402911,-0.42994696207665206,LVG1
164.800000000006,-0.25927734375,-0.60400390625,0.73681640625,1.08444543157453,0.7981688652413091,-0.48635089522037106,LVG1
164.82000000000602,-0.212890625,-1.287109375,0.56494140625,0.562975106283537,0.8407378713875121,-0.519341874983679,LVG1
164.840000000006,-0.30908203125,-1.0966796875,0.7509765625,0.9865367174382579,0.7715632363999321,-0.40653400869623996,LVG1
164.86100000000602,0.05078125,-0.6953125,0.92138671875,0.910976731528748,0.634278191578427,-0.316074870635558,LVG1
164.881000000006,0.03857421875,-0.234375,0.986328125,1.05783980273315,1.2227947015496898,-0.5448832786714001,LVG1
164.901000000006,-0.55029296875,-0.32177734375,0.6494140625,0.29372614240880196,1.8506875422061797,-0.5427548283640901,LVG1
164.92100000000602,-0.1328125,-0.6787109375,0.7529296875,-0.039376330685238,1.53780534703159,-0.755599859095106,LVG1
164.940000000006,0.1572265625,-0.3642578125,0.9736328125,0.453359915457064,1.8219534630575,-1.27174905861782,LVG1
164.961000000006,-0.69287109375,-0.35009765625,0.57177734375,-0.36396500255003705,2.87766481548333,-0.87160040084351,LVG1
164.98100000000602,-1.24267578125,-0.30908203125,-0.10791015625,-0.675782972570975,2.90107776886375,-0.27457008964301,LVG1
165.001000000006,-1.00244140625,-0.056640625,-0.22607421875,-0.153248422126331,2.1774046643782903,-0.326717122172109,LVG1
165.021000000006,-0.31982421875,-0.54052734375,0.45361328125,-0.6310855161174621,1.47714451327325,-0.8598939241533041,LVG1
165.04100000000602,-0.4609375,-0.60498046875,0.234375,-0.8747930763044749,1.1514916162548001,-1.03868374996736,LVG1
165.061000000006,-0.9501953125,-1.8251953125,-0.169921875,-0.738572256636625,0.975894465901708,-0.7502787333268308,LVG1
165.08200000000602,0.0166015625,-1.837890625,0.98779296875,0.7545356339414508,0.27244163933570004,-0.970573340133432,LVG1
165.102000000006,0.10009765625,-0.82958984375,1.01708984375,1.0589040278868,0.622571714888221,-0.48422244491306105,LVG1
165.122000000006,-0.05615234375,-1.177734375,0.7998046875,0.43952498845954796,1.46118113596842,0.015963377304826,LVG1
165.14100000000602,0.13818359375,-0.6630859375,1.349609375,1.08125275611356,1.6665765906238503,-0.419304710540101,LVG1
165.162000000006,0.396484375,-0.1533203125,1.30517578125,0.5874522848176039,1.9858441367203798,-0.8151964676997909,LVG1
165.182000000006,0.181640625,-0.04150390625,0.65185546875,-0.6183148142736011,3.2416298180333705,-0.881178427226405,LVG1
165.202000000006,-0.5,-0.7109375,-0.51220703125,-0.920554757911643,4.07172543788433,-0.779012812475518,LVG1
165.222000000006,-0.92041015625,-1.54638671875,-0.322265625,-0.44058921361320297,3.88016491022642,-0.990793618052879,LVG1
165.24200000000602,-0.80517578125,-1.58837890625,-0.0322265625,-0.41079090931086,2.9308760731660897,-0.9173620824506781,LVG1
165.262000000006,-0.779296875,-1.2880859375,-0.1650390625,-0.900334479992197,2.4498463037139904,-0.168147574277502,LVG1
165.282000000007,-0.87255859375,-1.0830078125,-0.60498046875,-1.05996825304046,2.13270720792478,0.767306335785312,LVG1
165.302000000007,-1.0654296875,-0.87353515625,-0.7958984375,-1.13020711318169,1.60591575686551,1.3100611641493998,LVG1
165.322000000007,-1.0859375,-0.78759765625,-0.83349609375,-1.43351128197339,0.49592892160326707,1.49097944027077,LVG1
165.342000000007,-0.94921875,-0.63232421875,-0.71435546875,-0.821581818621721,-0.515084974369058,1.3409236936053999,LVG1
165.363000000007,-0.8779296875,-0.3818359375,-0.41162109375,0.147927296358056,-1.02378459781619,1.0099496708186702,LVG1
165.383000000007,-0.8134765625,-0.185546875,-0.24951171875,0.5512686295933311,-1.52503464518773,0.602351436968775,LVG1
165.403000000007,-0.67822265625,-0.38427734375,-0.23876953125,0.481029769452096,-2.04650497047872,0.19156052765791398,LVG1
165.427000000007,-0.56787109375,-0.69873046875,-0.0205078125,0.959931088596881,-2.2827629545901402,-0.128771243592265,LVG1
165.447000000007,-0.5302734375,-0.5654296875,0.36083984375,0.8556370235386841,-2.36577251657524,-0.137285044821505,LVG1
165.468000000007,-0.533203125,-0.4130859375,0.35205078125,0.09578026382895699,-2.3242677355826897,0.034055204916963,LVG1
165.488000000007,-0.556640625,-0.7685546875,0.20751953125,0.38099260500851795,-2.33810266258021,0.012770701843860999,LVG1
165.508000000007,-0.47412109375,-0.828125,0.48974609375,1.43883240774167,-2.5445623423892902,-0.119193217209369,LVG1
165.528000000007,-0.38037109375,-0.38818359375,0.615234375,1.4260617058978102,-2.35513026503869,-0.04895435706813401,LVG1
165.548000000007,-0.44921875,-0.29248046875,0.44970703125,0.40440555838892994,-2.15505593615153,0.032990979763308,LVG1
165.568000000007,-0.4697265625,-0.962890625,0.4658203125,1.00782122051136,-2.27850605397552,-0.12557856813129903,LVG1
165.588000000007,-0.3115234375,-0.60693359375,0.91552734375,1.9166695017328,-2.29446943128035,-0.178789825814053,LVG1
165.608000000007,-0.2890625,-0.3291015625,0.76220703125,0.8322240701582719,-2.12312918154188,0.09684448898261201,LVG1
165.628000000007,-0.412109375,-0.84814453125,0.60302734375,1.4718233875049698,-1.9241190778083799,0.127707018438609,LVG1
165.648000000007,-0.2939453125,-1.0361328125,0.69580078125,2.89469241794181,-1.8953849986596998,0.076624211063166,LVG1
165.668000000007,-0.09423828125,-0.13818359375,0.98583984375,1.56760365133393,-1.66125546485558,0.156441097587297,LVG1
165.689000000007,-0.12939453125,-0.5,0.73291015625,-0.065981959526615,-1.32602454145423,0.27031318902839,LVG1
165.709000000007,-0.13623046875,-1.076171875,0.8837890625,1.29196933653727,-1.44841043412456,0.13834926997516,LVG1
165.733000000007,0.02294921875,-0.86962890625,0.71923828125,3.15436335543365,-1.5037501421146298,0.154312647279986,LVG1
165.753000000007,0.001953125,-0.58984375,0.89794921875,4.40802058643934,-1.2430149794691299,0.399084432620655,LVG1
165.774000000007,0.00634765625,-0.294921875,1.0205078125,4.15047809925481,-1.0376195248137001,0.5427548283640901,LVG1
165.794000000007,-0.09765625,-0.39404296875,0.8828125,3.4299976702303203,-0.680039873185596,0.660883820419804,LVG1
165.814000000007,-0.10302734375,-0.326171875,0.970703125,3.59708101935417,-0.456552590918029,0.713030852948903,LVG1
165.834000000007,-0.0625,-0.15625,0.951171875,3.8354674537729,-0.358643876781762,0.5448832786714001,LVG1
165.854000000007,-0.11279296875,0.0283203125,0.7998046875,4.32820369991521,-0.10322983990454301,0.537433702595815,LVG1
165.874000000007,-0.13427734375,0.35205078125,0.701171875,4.745379960148,-0.00212845030731,0.42675428661568704,LVG1
165.894000000007,-0.10302734375,0.35400390625,0.6552734375,3.9802020746699993,-0.114936316594749,0.35013007555252096,LVG1
165.914000000007,-0.0498046875,0.3330078125,0.87060546875,3.0394270388389097,-0.491672020988646,0.485286670066716,LVG1
165.934000000007,-0.0380859375,0.18896484375,0.83154296875,1.70276024584813,-0.988665167745568,0.528919901366574,LVG1
165.954000000007,-0.0869140625,0.2109375,0.50830078125,0.7694347860926222,-1.46543803658304,0.4427176639205129,LVG1
165.974000000007,-0.06103515625,0.15478515625,0.48291015625,-0.065981959526615,-1.69105376915792,0.698131700797732,LVG1
165.995000000007,-0.015625,0.158203125,0.69287109375,-0.492736246142302,-2.1210007312345702,0.792847739473034,LVG1
166.019000000007,0.046875,0.259765625,0.65625,-0.9588668634432259,-2.50944291231868,0.740700706943935,LVG1
166.039000000007,0.078125,0.21142578125,0.6201171875,-1.4196763549758797,-2.81061863080306,0.731122680561039,LVG1
166.059000000007,0.12646484375,0.04931640625,0.7275390625,-1.35475862060292,-3.1501064548190296,0.650241568883253,LVG1
166.080000000007,0.11083984375,-0.00927734375,0.90234375,-1.16639076840597,-3.3746579622402595,0.48635089522037106,LVG1
166.100000000007,0.12548828125,-0.04296875,0.84619140625,-1.3898780506735302,-3.4778878021448,0.18304672642867398,LVG1
166.120000000007,0.24755859375,0.29638671875,0.8603515625,-1.08125275611356,-3.4927869542959704,-0.10748674051916302,LVG1
166.140000000007,0.36279296875,0.14013671875,1.1796875,-0.9631237640578472,-3.12988617689959,-0.08939491290702699,LVG1
166.164000000007,0.595703125,-0.37255859375,1.3857421875,-1.36646509729312,-2.52434206446985,-0.31820332094286896,LVG1
166.185000000007,0.697265625,-0.32763671875,1.17333984375,-0.807746891624205,-2.1092942545443703,-0.42781851176934205,LVG1
166.205000000007,0.76611328125,-0.1416015625,0.96435546875,-0.54062637805678,-1.9879725870276899,-0.431011187230307,LVG1
166.225000000007,0.8896484375,-0.1318359375,0.69091796875,-0.949288837060331,-2.11142270485168,-0.247964460801633,LVG1
166.245000000007,1.0009765625,-0.23876953125,0.79541015625,-0.8056184413168951,-2.17527621407098,-0.014899152151171002,LVG1
166.265000000007,0.98486328125,-0.05126953125,1.18701171875,-0.7768843621682081,-2.08800975147126,-0.078752661370476,LVG1
166.285000000007,0.88134765625,0.126953125,1.47216796875,-1.61975068386303,-1.7698064305284,-0.43420386269127204,LVG1
166.305000000007,0.7900390625,0.01025390625,1.4111328125,-2.18379001530022,-1.3313456672225,-0.8556370235386841,LVG1
166.325000000007,0.80029296875,-0.0693359375,1.28125,-1.89219232319873,-0.9567384131359159,-1.10998683526225,LVG1
166.345000000007,0.7666015625,-0.03759765625,1.12060546875,-1.74000812622605,-0.602351436968775,-1.1344640137963102,LVG1
166.365000000007,0.736328125,-0.00732421875,1.115234375,-1.7144667225383299,-0.18517517673598397,-1.0056927702040501,LVG1
166.386000000007,0.62646484375,-0.20263671875,1.115234375,-1.56866787648759,0.14047772028247002,-0.9024629302995071,LVG1
166.406000000007,0.623046875,-0.24951171875,1.06103515625,-1.1866110463254098,0.244771785340668,-0.9024629302995071,LVG1
166.426000000007,0.59619140625,-0.10107421875,0.9765625,-0.988665167745568,0.267120513567425,-0.981215591669983,LVG1
166.446000000007,0.53173828125,-0.14892578125,0.80859375,-0.910976731528748,0.29904726817707694,-0.8928849039166109,LVG1
166.466000000007,0.48974609375,-0.25,0.68603515625,-0.67897564803194,0.226679957728532,-0.73750803148297,LVG1
166.487000000007,0.5048828125,-0.20458984375,0.66259765625,-0.354386976167141,0.09152336321433699,-0.661948045573459,LVG1
166.507000000007,0.47998046875,-0.0263671875,0.697265625,-0.313946420328248,0.023412953380412004,-0.640663542500358,LVG1
166.527000000007,0.4345703125,0.041015625,0.75439453125,-0.30649684425266305,0.008513801229241,-0.663012270727114,LVG1
166.547000000007,0.43701171875,-0.09423828125,0.71044921875,-0.5363694774421599,0.040440555838893,-0.7247373296391091,LVG1
166.567000000007,0.54248046875,-0.2314453125,0.67822265625,-0.5906449602785689,-0.040440555838893,-0.7492145081731759,LVG1
166.587000000007,0.6396484375,-0.109375,0.6611328125,-0.527855676212919,-0.137285044821505,-0.693874800183112,LVG1
166.608000000007,0.7080078125,-0.25390625,0.74169921875,-0.515084974369058,-0.21497348103832603,-0.5235987755982989,LVG1
166.627000000007,0.76904296875,-0.37158203125,0.857421875,-0.31288219517459304,-0.27244163933570004,-0.352258525859831,LVG1
166.652000000007,0.79345703125,-0.3466796875,0.91845703125,-0.249028685955288,-0.309689519713628,-0.10855096567281801,LVG1
166.672000000007,0.765625,-0.2255859375,0.953125,-0.22455150742122199,-0.319267546096524,0.10748674051916302,LVG1
166.693000000007,0.73583984375,-0.16943359375,0.9208984375,-0.121321667516679,-0.308625294559973,0.223487282267567,Null
166.713000000007,0.744140625,-0.064453125,0.9306640625,0.040440555838893,-0.254349811723564,0.239450659572393,Null
166.733000000007,0.75,-0.0810546875,0.8427734375,-0.029798304302342003,-0.158569547894607,0.236257984111428,Null
166.753000000007,0.7578125,-0.0302734375,0.6787109375,0.024477178534067005,-0.075559985909511,0.220294606806601,Null
166.773000000007,0.73779296875,-0.10302734375,0.5361328125,0.10748674051916302,-0.04789013191447901,0.257542487184529,Null
166.793000000007,0.724609375,-0.10693359375,0.63623046875,0.16282644850922698,-0.119193217209369,0.26818473872107995,Null
166.813000000007,0.73193359375,-0.05908203125,0.64013671875,0.10961519082647302,-0.22455150742122199,0.317139095789214,Null
166.833000000007,0.73193359375,-0.1162109375,0.56689453125,0.137285044821505,-0.292661917255147,0.309689519713628,Null
166.853000000007,0.7587890625,-0.064453125,0.6748046875,0.173468700045778,-0.37460725408658796,0.171340249738468,Null
166.873000000007,0.79736328125,-0.0361328125,0.68505859375,0.09365181352164699,-0.445910339381478,0.07130308529489,Null
166.894000000007,0.83837890625,-0.09375,0.59423828125,-0.022348728226757004,-0.42675428661568704,0.053211257682754004,Null
166.914000000007,0.86474609375,-0.08544921875,0.56005859375,0.007449576075585999,-0.373543028932933,0.057468158297374,Null
166.934000000007,0.89697265625,-0.0546875,0.60791015625,0.050018582221788996,-0.37567147924024297,0.09152336321433699,Null
166.954000000007,0.9423828125,-0.0439453125,0.57763671875,0.011706476690206002,-0.441653438766858,0.20326700434811998,Null
166.974000000007,1.0107421875,0.0830078125,0.52197265625,0.032990979763308,-0.481029769452096,0.336295148555005,Null
166.994000000007,1.08740234375,0.0830078125,0.5400390625,-0.031926754609652,-0.46932329276189,0.43420386269127204,Null
167.015000000007,1.10009765625,0.0361328125,0.54443359375,-0.003192675460965,-0.4235616111547221,0.49380047129595706,Null
167.035000000007,1.1025390625,-0.07568359375,0.53759765625,0.21178080557736104,-0.42036893569375605,0.511892298908093,Null
167.059000000007,1.103515625,0.015625,0.60302734375,0.42249738600106607,-0.419304710540101,0.505506947986163,Null
167.079000000007,1.02978515625,0.068359375,0.61865234375,0.028734079148687,-0.365029227703692,0.49592892160326707,Null
167.100000000007,0.953125,-0.0107421875,0.68359375,-0.19688165342619002,-0.334166698247695,0.389506406237759,Null
167.120000000007,0.9365234375,-0.1494140625,0.7373046875,-0.27031318902839,-0.30649684425266305,0.228808408035842,Null
167.140000000007,0.896484375,-0.27685546875,0.68798828125,-0.223487282267567,-0.35013007555252096,0.084073787138751,Null
167.160000000007,0.84912109375,-0.2841796875,0.6142578125,-0.21284503073101602,-0.41717626023279103,-0.00212845030731,Null
167.180000000007,0.8251953125,-0.24072265625,0.58203125,-0.247964460801633,-0.39269908169872403,-0.036183655224273,Null
167.200000000007,0.75244140625,-0.28125,0.521484375,-0.35757965162810706,-0.285212341179561,-0.053211257682754004,Null
167.221000000007,0.67919921875,-0.49462890625,0.4033203125,-0.061725058911995,-0.178789825814053,-0.16601912397019197,Null
167.241000000007,0.6396484375,-0.35595703125,0.53564453125,0.09684448898261201,-0.14473462089709102,-0.275634314796665,Null
167.265000000007,0.5791015625,-0.33740234375,0.45166015625,-0.32565289701845396,-0.076624211063166,-0.36396500255003705,Null
167.285000000007,0.5810546875,-0.337890625,0.57177734375,-0.42569006146203203,-0.026605628841377002,-0.44803878968878796,Null
167.306000000007,0.53955078125,-0.267578125,0.703125,-0.321395996403834,-0.06811040983392501,-0.553397079900641,Null
167.326000000007,0.52783203125,-0.17626953125,0.67724609375,-0.6129936885053261,-0.156441097587297,-0.643856217961323,Null
167.346000000007,0.51220703125,-0.248046875,0.49658203125,-0.982279816823638,-0.236257984111428,-0.767306335785312,Null
167.366000000007,0.5009765625,-0.31201171875,0.44091796875,-0.8151964676997909,-0.35757965162810706,-0.8513801229240631,Null
167.390000000007,0.4794921875,-0.25244140625,0.53466796875,-0.7258015547927641,-0.5512686295933311,-0.870536175689855,Null
167.411000000007,0.50390625,-0.2490234375,0.537109375,-1.1110510604158998,-0.969509114979777,-1.01527079658695,Null
167.431000000007,0.587890625,-0.287109375,0.51025390625,-1.16213386779135,-1.15681274202307,-1.1174364113378301,Null
167.451000000007,0.65283203125,-0.33740234375,0.5107421875,-0.814132242546135,-1.31112538930306,-1.1780972450961698,Null
167.471000000007,0.7119140625,-0.3173828125,0.5400390625,-0.623635940041876,-1.37710734882967,-1.20257442363024,Null
167.491000000007,0.791015625,-0.1943359375,0.56787109375,-0.597030311200499,-1.4313828316660802,-1.23024427762527,Null
167.511000000007,0.8876953125,-0.19970703125,0.52392578125,-0.920554757911643,-1.35369439544926,-1.25046455554472,Null
167.531000000007,0.9375,-0.21240234375,0.5322265625,-1.0993445837256999,-1.26217103223492,-1.2430149794691299,Null
167.551000000007,0.984375,-0.22998046875,0.60205078125,-1.33985946845174,-1.20470287393755,-1.19618907270831,Null
167.571000000007,1.05517578125,-0.14794921875,0.69970703125,-1.72298052376757,-1.1812899205571399,-1.14829894079383,Null
167.591000000007,1.0830078125,-0.14697265625,0.59423828125,-2.3146897091997998,-1.08763810703549,-1.09615190826473,Null
167.612000000007,1.06787109375,-0.23828125,0.38037109375,-2.60735162645494,-0.9450319364457099,-1.03868374996736,Null
167.632000000007,1.056640625,-0.25146484375,0.28271484375,-2.54988346815757,-0.8460589971557879,-0.891820678762956,Null
167.652000000007,1.14404296875,-0.0771484375,0.44873046875,-2.37535054295814,-0.8056184413168951,-0.7077097271806279,Null
167.672000000007,1.20556640625,0.0859375,0.50439453125,-2.7031318902839,-0.67471874741732,-0.533176801981195,Null
167.692000000007,1.13818359375,0.06591796875,0.31103515625,-3.30229065179171,-0.456552590918029,-0.367157678011002,Null
167.712000000007,1.04345703125,-0.1650390625,0.0302734375,-3.7120173359489197,-0.365029227703692,-0.175597150353088,Null
167.732000000007,1.04736328125,-0.3759765625,0.03369140625,-2.7244163933569996,-0.435268087844927,-0.07130308529489,Null
167.752000000007,1.15673828125,-0.2099609375,0.2197265625,-1.22811582731796,-0.53424102713485,0.025541403687721998,Null
167.772000000007,1.14892578125,-0.056640625,0.30078125,-0.547011728978711,-0.412919359618171,0.157505322740952,Null
167.792000000007,1.07177734375,-0.00537109375,0.2939453125,-0.610865238198015,-0.240514884726048,0.295854592716112,Null
167.812000000007,1.0126953125,0.0224609375,0.22265625,-1.04400487573563,-0.119193217209369,0.35757965162810706,Null
167.833000000007,1.001953125,-0.072265625,0.17236328125,-1.57186055194855,-0.057468158297374,0.33523092340134997,Null
167.852000000007,1.06103515625,-0.1533203125,0.1884765625,-1.68147574277502,-0.015963377304826,0.28095544056494104,Null
167.877000000007,1.0126953125,-0.11865234375,0.19970703125,-1.3590155212175399,0.18623940188963897,0.173468700045778,Null
167.897000000007,0.9912109375,-0.140625,0.18408203125,-1.2749417340787799,0.230936858343152,0.118128992055714,Null
167.918000000007,1.0283203125,-0.18115234375,0.177734375,-1.2568499064666498,0.21178080557736104,0.075559985909511,Null
167.938000000007,1.04736328125,-0.18505859375,0.16943359375,-1.13127133833535,0.20113855404081,0.06491773437296,Null
167.958000000007,1.0126953125,-0.18896484375,0.1513671875,-1.01207812112598,0.22135883196025602,0.097908714136267,Null
167.978000000007,0.9921875,-0.17578125,0.125,-0.865215049921579,0.19368897796522402,0.124514342977644,Null
167.998000000007,0.9814453125,-0.1943359375,0.1103515625,-0.693874800183112,0.170276024584813,0.10535829021185301,Null
168.018000000007,0.99267578125,-0.22021484375,0.126953125,-0.455488365764374,0.14473462089709102,0.053211257682754004,Null
168.038000000007,0.9833984375,-0.21826171875,0.13134765625,-0.18943207735060397,0.139413495128815,-0.001064225153655,Null
168.058000000007,0.958984375,-0.18701171875,0.123046875,0.008513801229241,0.13834926997516,-0.04150478099254799,Null
168.078000000007,0.95263671875,-0.15673828125,0.11474609375,0.058532383451029006,0.116000541748404,-0.07130308529489,Null
168.098000000007,0.9814453125,-0.166015625,0.119140625,0.0,0.08833068775337198,-0.10216561475088799,Null
168.118000000007,0.99267578125,-0.17041015625,0.130859375,-0.06811040983392501,0.10642251536550801,-0.117064766902059,Null
168.139000000007,0.978515625,-0.14306640625,0.134765625,-0.150055746665366,0.12557856813129903,-0.119193217209369,Null
168.159000000007,0.98828125,-0.14208984375,0.109375,-0.300111493330732,0.10216561475088799,-0.122385892670334,Null
168.183000000007,1.029296875,-0.1875,0.10400390625,-0.41398358477182595,0.07130308529489,-0.130899693899575,Null
168.203000000007,1.0458984375,-0.22998046875,0.11474609375,-0.38312105531582796,0.08194533683144099,-0.13196391905323,Null
168.224000000007,1.01953125,-0.22998046875,0.1337890625,-0.254349811723564,0.10748674051916302,-0.10429406505819801,Null
168.244000000007,1.00146484375,-0.19482421875,0.134765625,-0.20326700434811998,0.09152336321433699,-0.056403933143719005,Null
168.264000000007,0.9921875,-0.205078125,0.13916015625,-0.236257984111428,0.053211257682754004,0.0,Null
168.284000000007,0.9921875,-0.2333984375,0.14794921875,-0.21071658042370603,0.024477178534067005,0.06491773437296,Null
168.308000000007,0.9853515625,-0.22802734375,0.15576171875,-0.06066083375833999,0.008513801229241,0.133028144206885,Null
168.329000000007,1.005859375,-0.2021484375,0.15966796875,-0.003192675460965,-0.014899152151171002,0.152184196972676,Null
168.349000000007,1.02587890625,-0.18212890625,0.173828125,-0.020220277919447,-0.005321125768275,0.155376872433642,Null
168.369000000007,1.0185546875,-0.1806640625,0.17626953125,-0.078752661370476,0.012770701843860999,0.143670395743436,Null
168.389000000007,1.01806640625,-0.20166015625,0.16845703125,-0.09045913806068198,0.024477178534067005,0.13409236936053998,Null
168.409000000007,1.001953125,-0.2119140625,0.16650390625,-0.037247880377928,0.036183655224273,0.128771243592265,Null
168.429000000007,0.98876953125,-0.19677734375,0.1787109375,-0.00212845030731,0.028734079148687,0.133028144206885,Null
168.449000000007,0.98193359375,-0.1953125,0.18212890625,0.012770701843860999,0.029798304302342003,0.148991521511711,Null
168.469000000007,0.955078125,-0.2119140625,0.17333984375,0.050018582221788996,0.026605628841377002,0.159633773048262,Null
168.489000000007,0.94873046875,-0.21630859375,0.169921875,0.117064766902059,-0.007449576075585999,0.16282644850922698,Null
168.509000000007,0.974609375,-0.22265625,0.17724609375,0.20645967980908497,-0.025541403687721998,0.159633773048262,Null
168.529000000007,0.98193359375,-0.21435546875,0.19189453125,0.27457008964301,-0.037247880377928,0.14047772028247002,Null
168.550000000007,0.99609375,-0.20263671875,0.19384765625,0.27669853995032107,-0.045761681607168,0.09684448898261201,Null
168.570000000007,1.00732421875,-0.1962890625,0.18798828125,0.22135883196025602,-0.043633231299858,0.045761681607168,Null
168.594000000007,1.02978515625,-0.20751953125,0.18310546875,0.150055746665366,-0.035119430070618,-0.00212845030731,Null
168.614000000007,1.0166015625,-0.20751953125,0.1884765625,0.08833068775337198,-0.003192675460965,-0.038312105531583,Null
168.635000000007,0.97802734375,-0.22607421875,0.193359375,0.04789013191447901,0.025541403687721998,-0.050018582221788996,Null
168.655000000007,0.94091796875,-0.22021484375,0.18798828125,0.050018582221788996,0.043633231299858,-0.04789013191447901,Null
168.675000000007,0.92529296875,-0.2138671875,0.18212890625,0.036183655224273,0.042569006146202994,-0.022348728226757004,Null
168.69500000000798,0.9296875,-0.203125,0.17529296875,0.009578026382896,0.039376330685238,0.00212845030731,Null
168.71900000000798,0.9462890625,-0.2021484375,0.162109375,-0.045761681607168,0.04150478099254799,0.017027602458481002,Null
168.740000000007,0.9677734375,-0.216796875,0.1455078125,-0.10748674051916302,0.04789013191447901,0.013834926997516001,Null
168.760000000008,0.98046875,-0.232421875,0.14013671875,-0.13834926997516,0.058532383451029006,0.0,Null
168.780000000008,0.9853515625,-0.244140625,0.1435546875,-0.133028144206885,0.055339707990064005,-0.012770701843860999,Null
168.800000000008,0.9931640625,-0.23876953125,0.15234375,-0.09258758836799198,0.031926754609652,-0.021284503073102003,Null
168.82000000000798,0.9873046875,-0.23388671875,0.15234375,-0.072367310448545,0.010642251536551002,-0.013834926997516001,Null
168.840000000008,0.97412109375,-0.23046875,0.15234375,-0.06811040983392501,-0.017027602458481002,0.001064225153655,Null
168.861000000008,0.97265625,-0.23291015625,0.158203125,-0.053211257682754004,-0.057468158297374,0.021284503073102003,Null
168.881000000008,0.96142578125,-0.23779296875,0.1630859375,-0.023412953380412004,-0.086202237446062,0.037247880377928,Null
168.901000000008,0.96923828125,-0.2353515625,0.15625,0.017027602458481002,-0.119193217209369,0.042569006146202994,Null
168.925000000008,0.98095703125,-0.22607421875,0.16015625,0.06811040983392501,-0.12557856813129903,0.031926754609652,Null
168.94600000000798,0.966796875,-0.2177734375,0.1611328125,0.057468158297374,-0.10429406505819801,0.027669853995032002,Null
168.966000000008,0.9677734375,-0.220703125,0.16455078125,0.005321125768275,-0.10216561475088799,0.022348728226757004,Null
168.986000000008,0.9833984375,-0.23046875,0.17236328125,-0.024477178534067005,-0.10855096567281801,0.019156052765792,Null
169.006000000008,1.00537109375,-0.22412109375,0.16455078125,-0.023412953380412004,-0.10961519082647302,0.018091827612136003,Null
169.026000000008,1.00732421875,-0.22509765625,0.1552734375,-0.040440555838893,-0.09684448898261201,0.026605628841377002,Null
169.04600000000798,0.99755859375,-0.22998046875,0.15625,-0.037247880377928,-0.09471603867530198,0.034055204916963,Null
169.066000000008,1.0,-0.23046875,0.16015625,-0.00212845030731,-0.11174364113378302,0.027669853995032002,Null
169.086000000008,1.005859375,-0.24072265625,0.16943359375,0.044697456453513,-0.130899693899575,0.00425690061462,Null
169.10600000000798,1.0029296875,-0.24560546875,0.17529296875,0.117064766902059,-0.133028144206885,-0.027669853995032002,Null
169.126000000008,0.99267578125,-0.23583984375,0.17724609375,0.174532925199433,-0.123450117823989,-0.050018582221788996,Null
169.14700000000798,0.9873046875,-0.23095703125,0.17822265625,0.178789825814053,-0.10748674051916302,-0.04895435706813401,Null
169.167000000008,1.00146484375,-0.232421875,0.1826171875,0.13834926997516,-0.09471603867530198,-0.035119430070618,Null
169.187000000008,1.021484375,-0.232421875,0.17529296875,0.09152336321433699,-0.06066083375833999,-0.018091827612136003,Null
169.20700000000798,1.01611328125,-0.2353515625,0.1611328125,0.052147032529099004,-0.001064225153655,0.001064225153655,Null
169.22600000000799,0.99853515625,-0.2431640625,0.16455078125,0.04150478099254799,0.044697456453513,0.013834926997516001,Null
169.247000000008,0.994140625,-0.2216796875,0.171875,0.051082807375443996,0.05959660860468499,0.018091827612136003,Null
169.26700000000798,0.97900390625,-0.22412109375,0.17529296875,0.014899152151171002,0.075559985909511,0.023412953380412004,Null
169.287000000008,0.95947265625,-0.23876953125,0.1669921875,-0.024477178534067005,0.078752661370476,0.027669853995032002,Null
169.307000000008,0.95751953125,-0.24609375,0.15478515625,-0.031926754609652,0.06704618468026999,0.023412953380412004,Null
169.32700000000798,0.96435546875,-0.2412109375,0.1494140625,0.0,0.054275482836409004,0.008513801229241,Null
169.347000000008,0.98583984375,-0.23876953125,0.14599609375,0.020220277919447,0.055339707990064005,-0.007449576075585999,Null
169.36800000000798,0.98974609375,-0.23583984375,0.1474609375,0.027669853995032002,0.06278928406565,-0.025541403687721998,Null
169.39200000000798,0.98876953125,-0.2421875,0.14501953125,0.022348728226757004,0.050018582221788996,-0.032990979763308,Null
169.412000000008,0.98779296875,-0.24560546875,0.14892578125,0.030862529455997004,0.025541403687721998,-0.030862529455997004,Null
169.432000000008,0.9794921875,-0.244140625,0.15576171875,0.056403933143719005,0.003192675460965,-0.018091827612136003,Null
169.453000000008,0.96728515625,-0.23876953125,0.154296875,0.084073787138751,-0.014899152151171002,-0.00212845030731,Null
169.473000000008,0.96533203125,-0.2314453125,0.15380859375,0.10855096567281801,-0.027669853995032002,0.00212845030731,Null
169.49300000000798,0.97607421875,-0.2255859375,0.15625,0.117064766902059,-0.031926754609652,-0.00212845030731,Null
169.513000000008,0.98876953125,-0.22265625,0.15869140625,0.10003716444357699,-0.022348728226757004,-0.008513801229241,Null
169.533000000008,0.98681640625,-0.2275390625,0.15478515625,0.06278928406565,0.0,-0.014899152151171002,Null
169.55300000000798,0.97802734375,-0.2275390625,0.15283203125,0.029798304302342003,0.015963377304826,-0.019156052765792,Null
169.573000000008,0.97021484375,-0.232421875,0.14794921875,0.001064225153655,0.020220277919447,-0.010642251536551002,Null
169.593000000008,0.966796875,-0.23486328125,0.14599609375,-0.008513801229241,0.014899152151171002,0.00638535092193,Null
169.613000000008,0.9658203125,-0.2373046875,0.14599609375,-0.007449576075585999,0.005321125768275,0.020220277919447,Null
169.633000000008,0.97705078125,-0.234375,0.14306640625,-0.00212845030731,-0.008513801229241,0.027669853995032002,Null
169.65300000000798,0.97998046875,-0.232421875,0.13525390625,-0.00212845030731,-0.001064225153655,0.025541403687721998,Null
169.674000000008,0.97314453125,-0.2373046875,0.13330078125,0.0,0.015963377304826,0.015963377304826,Null
169.698000000008,0.9814453125,-0.24169921875,0.1435546875,0.04682590676082401,-0.003192675460965,-0.00212845030731,Null
169.718000000008,1.00048828125,-0.23095703125,0.158203125,0.039376330685238,-0.019156052765792,-0.00212845030731,Null
169.738000000008,1.00927734375,-0.2353515625,0.16259765625,0.036183655224273,-0.023412953380412004,0.00638535092193,Null
169.758000000008,0.99853515625,-0.236328125,0.16455078125,0.029798304302342003,-0.030862529455997004,0.022348728226757004,Null
169.77900000000798,0.9912109375,-0.23974609375,0.16357421875,0.037247880377928,-0.043633231299858,0.044697456453513,Null
169.799000000008,0.9921875,-0.2333984375,0.16455078125,0.053211257682754004,-0.039376330685238,0.06917463498758,Null
169.823000000008,0.9833984375,-0.2158203125,0.17431640625,0.056403933143719005,-0.031926754609652,0.079816886524131,Null
169.843000000008,0.9814453125,-0.2099609375,0.17822265625,0.020220277919447,-0.026605628841377002,0.078752661370476,Null
169.864000000008,0.98046875,-0.21337890625,0.1708984375,-0.029798304302342003,-0.026605628841377002,0.072367310448545,Null
169.884000000008,0.98779296875,-0.22119140625,0.15966796875,-0.065981959526615,-0.027669853995032002,0.06066083375833999,Null
169.90400000000798,0.99365234375,-0.22998046875,0.158203125,-0.065981959526615,-0.025541403687721998,0.039376330685238,Null
169.924000000008,0.990234375,-0.23095703125,0.1630859375,-0.031926754609652,-0.021284503073102003,0.018091827612136003,Null
169.944000000008,0.9853515625,-0.22802734375,0.16455078125,-0.011706476690206002,-0.019156052765792,0.00638535092193,Null
169.965000000008,0.9853515625,-0.2294921875,0.1591796875,-0.012770701843860999,-0.020220277919447,0.005321125768275,Null
169.985000000008,0.97802734375,-0.23046875,0.15869140625,-0.011706476690206002,-0.017027602458481002,0.00212845030731,Null
170.00500000000798,0.97509765625,-0.23388671875,0.15673828125,-0.014899152151171002,-0.009578026382896,0.001064225153655,Null
170.025000000008,0.98046875,-0.232421875,0.1552734375,-0.011706476690206002,-0.007449576075585999,-0.00212845030731,Null
170.045000000008,0.99072265625,-0.23828125,0.15673828125,-0.00425690061462,-0.00638535092193,-0.009578026382896,Null
170.06500000000798,0.98876953125,-0.2451171875,0.15869140625,0.009578026382896,0.003192675460965,-0.014899152151171002,Null
170.085000000008,0.9912109375,-0.24755859375,0.1591796875,0.030862529455997004,-0.001064225153655,-0.020220277919447,Null
170.105000000008,0.9912109375,-0.24462890625,0.1640625,0.04789013191447901,-0.00638535092193,-0.018091827612136003,Null
170.125000000008,0.98779296875,-0.24560546875,0.16650390625,0.045761681607168,-0.008513801229241,-0.009578026382896,Null
170.145000000008,0.9755859375,-0.24951171875,0.16162109375,0.039376330685238,-0.001064225153655,-0.00212845030731,Null
170.16500000000798,0.9736328125,-0.24853515625,0.15771484375,0.04150478099254799,0.00425690061462,0.001064225153655,Null
170.186000000008,0.982421875,-0.25,0.1591796875,0.039376330685238,0.009578026382896,0.005321125768275,Null
170.206000000008,0.97607421875,-0.251953125,0.1591796875,0.034055204916963,0.021284503073102003,0.010642251536551002,Null
170.22500000000798,0.97265625,-0.24609375,0.1552734375,0.027669853995032002,0.024477178534067005,0.010642251536551002,Null
170.245000000008,0.98193359375,-0.248046875,0.1533203125,0.013834926997516001,0.019156052765792,0.009578026382896,Null
170.270000000008,0.98828125,-0.25048828125,0.15234375,0.007449576075585999,0.017027602458481002,0.008513801229241,Null
170.29100000000798,0.9912109375,-0.25048828125,0.15234375,0.003192675460965,0.019156052765792,0.00638535092193,Null
170.311000000008,0.9873046875,-0.25048828125,0.15283203125,0.00212845030731,0.022348728226757004,0.011706476690206002,Null
170.331000000008,0.98291015625,-0.2470703125,0.15283203125,0.00638535092193,0.023412953380412004,0.025541403687721998,Null
170.35100000000799,0.97705078125,-0.23193359375,0.1513671875,0.001064225153655,0.025541403687721998,0.045761681607168,Null
170.371000000008,0.97998046875,-0.23095703125,0.1513671875,-0.020220277919447,0.022348728226757004,0.06066083375833999,Null
170.39200000000798,0.9833984375,-0.23388671875,0.15087890625,-0.031926754609652,0.021284503073102003,0.057468158297374,Null
170.41600000000798,0.98046875,-0.2314453125,0.15087890625,-0.017027602458481002,0.027669853995032002,0.035119430070618,Null
170.436000000008,0.98193359375,-0.2275390625,0.1484375,-0.014899152151171002,0.023412953380412004,0.027669853995032002,Null
170.456000000008,0.982421875,-0.23046875,0.14794921875,-0.025541403687721998,0.021284503073102003,0.023412953380412004,Null
170.477000000008,0.982421875,-0.23486328125,0.150390625,-0.018091827612136003,0.014899152151171002,0.014899152151171002,Null
170.497000000008,0.9853515625,-0.22998046875,0.15087890625,-0.00212845030731,0.009578026382896,0.0,Null
170.51700000000798,0.98779296875,-0.23193359375,0.15478515625,-0.001064225153655,0.007449576075585999,-0.011706476690206002,Null
170.537000000008,0.9833984375,-0.23291015625,0.1552734375,-0.001064225153655,0.00638535092193,-0.021284503073102003,Null
170.556000000008,0.9833984375,-0.2353515625,0.15234375,-0.00425690061462,0.005321125768275,-0.027669853995032002,Null
170.57600000000798,0.984375,-0.23876953125,0.1552734375,-0.005321125768275,0.00638535092193,-0.032990979763308,Null
170.597000000008,0.9833984375,-0.24462890625,0.158203125,-0.00638535092193,0.00638535092193,-0.036183655224273,Null
170.617000000008,0.98046875,-0.24560546875,0.15771484375,0.00212845030731,0.003192675460965,-0.035119430070618,Null
170.637000000008,0.9794921875,-0.244140625,0.1552734375,0.005321125768275,0.0,-0.031926754609652,Null
170.657000000008,0.9814453125,-0.2412109375,0.1591796875,0.003192675460965,-0.00212845030731,-0.029798304302342003,Null
170.67700000000798,0.9853515625,-0.24267578125,0.15966796875,-0.007449576075585999,-0.003192675460965,-0.030862529455997004,Null
170.698000000008,0.978515625,-0.24658203125,0.15625,-0.009578026382896,0.00638535092193,-0.034055204916963,Null
170.718000000008,0.97998046875,-0.2470703125,0.15576171875,-0.001064225153655,0.00638535092193,-0.036183655224273,Null
170.742000000008,0.9853515625,-0.24609375,0.15625,0.001064225153655,-0.001064225153655,-0.028734079148687,Null
170.762000000008,0.99169921875,-0.24609375,0.158203125,0.001064225153655,-0.00638535092193,-0.023412953380412004,Null
170.783000000008,0.98583984375,-0.2431640625,0.15966796875,0.00638535092193,-0.00425690061462,-0.021284503073102003,Null
170.80300000000798,0.97998046875,-0.2470703125,0.1630859375,0.013834926997516001,-0.010642251536551002,-0.021284503073102003,Null
170.823000000008,0.97998046875,-0.24365234375,0.16796875,0.031926754609652,-0.020220277919447,-0.018091827612136003,Null
170.843000000008,0.97900390625,-0.23681640625,0.16650390625,0.044697456453513,-0.023412953380412004,-0.010642251536551002,Null
170.863000000008,0.98095703125,-0.23291015625,0.16259765625,0.037247880377928,-0.023412953380412004,-0.003192675460965,Null
170.882000000008,0.98681640625,-0.234375,0.16552734375,0.026605628841377002,-0.014899152151171002,-0.00638535092193,Null
170.90300000000798,0.984375,-0.23583984375,0.17041015625,0.020220277919447,0.0,-0.014899152151171002,Null
170.923000000008,0.984375,-0.2333984375,0.169921875,0.017027602458481002,0.00638535092193,-0.018091827612136003,Null
170.943000000008,0.982421875,-0.23681640625,0.1650390625,0.008513801229241,0.008513801229241,-0.012770701843860999,Null
170.96300000000798,0.98583984375,-0.2373046875,0.162109375,0.011706476690206002,0.009578026382896,-0.008513801229241,Null
170.983000000008,0.986328125,-0.2353515625,0.162109375,0.018091827612136003,0.017027602458481002,-0.005321125768275,Null
171.004000000008,0.984375,-0.232421875,0.16552734375,0.018091827612136003,0.024477178534067005,-0.003192675460965,Null
171.024000000008,0.982421875,-0.22802734375,0.1640625,0.00638535092193,0.023412953380412004,-0.00425690061462,Null
171.044000000008,0.98193359375,-0.2353515625,0.15966796875,-0.00638535092193,0.015963377304826,-0.005321125768275,Null
171.068000000008,0.982421875,-0.23974609375,0.154296875,0.024477178534067005,0.012770701843860999,-0.014899152151171002,Null
171.08800000000798,0.98388671875,-0.23486328125,0.15771484375,0.040440555838893,0.011706476690206002,-0.018091827612136003,Null
171.109000000008,0.98974609375,-0.23046875,0.162109375,0.035119430070618,0.011706476690206002,-0.018091827612136003,Null
171.129000000008,0.98828125,-0.23193359375,0.15869140625,0.022348728226757004,0.018091827612136003,-0.015963377304826,Null
171.149000000008,0.978515625,-0.23974609375,0.16015625,0.030862529455997004,0.018091827612136003,-0.018091827612136003,Null
171.169000000008,0.9775390625,-0.2333984375,0.16455078125,0.050018582221788996,0.009578026382896,-0.018091827612136003,Null
171.188000000008,0.98095703125,-0.22900390625,0.16552734375,0.035119430070618,-0.003192675460965,-0.011706476690206002,Null
171.209000000008,0.9873046875,-0.23583984375,0.162109375,0.023412953380412004,-0.008513801229241,-0.010642251536551002,Null
171.229000000008,0.98779296875,-0.23974609375,0.158203125,0.034055204916963,-0.00212845030731,-0.012770701843860999,Null
171.24900000000798,0.98486328125,-0.23681640625,0.16015625,0.036183655224273,-0.00212845030731,-0.010642251536551002,Null
171.269000000008,0.982421875,-0.2333984375,0.1640625,0.023412953380412004,-0.00425690061462,-0.001064225153655,Null
171.289000000008,0.97998046875,-0.234375,0.1630859375,0.014899152151171002,-0.00425690061462,0.005321125768275,Null
171.30900000000798,0.97509765625,-0.236328125,0.1611328125,0.008513801229241,-0.005321125768275,0.017027602458481002,Null
171.329000000008,0.97705078125,-0.23388671875,0.162109375,0.015963377304826,-0.00638535092193,0.023412953380412004,Null
171.349000000008,0.982421875,-0.2294921875,0.158203125,0.012770701843860999,-0.00638535092193,0.024477178534067005,Null
171.369000000008,0.98583984375,-0.2333984375,0.15625,0.003192675460965,-0.008513801229241,0.025541403687721998,Null
171.389000000008,0.9833984375,-0.234375,0.16015625,0.012770701843860999,-0.010642251536551002,0.018091827612136003,Null
171.41000000000798,0.984375,-0.228515625,0.1640625,0.028734079148687,-0.015963377304826,0.013834926997516001,Null
171.430000000008,0.982421875,-0.22509765625,0.1611328125,0.015963377304826,-0.012770701843860999,0.009578026382896,Null
171.450000000008,0.97900390625,-0.22705078125,0.16064453125,0.011706476690206002,-0.011706476690206002,0.007449576075585999,Null
171.47000000000799,0.9794921875,-0.22900390625,0.162109375,0.010642251536551002,-0.008513801229241,0.00425690061462,Null
171.489000000008,0.9853515625,-0.2275390625,0.16455078125,0.011706476690206002,-0.00638535092193,0.005321125768275,Null
171.510000000008,0.984375,-0.2265625,0.1630859375,0.00212845030731,-0.00212845030731,0.009578026382896,Null
171.530000000008,0.97705078125,-0.22900390625,0.16015625,-0.005321125768275,0.0,0.010642251536551002,Null
171.550000000008,0.98193359375,-0.2294921875,0.15966796875,-0.00425690061462,-0.005321125768275,0.008513801229241,Null
171.57000000000798,0.9892578125,-0.22802734375,0.16064453125,0.001064225153655,-0.008513801229241,0.003192675460965,Null
171.590000000008,0.98974609375,-0.22802734375,0.1611328125,0.00212845030731,-0.005321125768275,-0.005321125768275,Null
171.610000000008,0.9814453125,-0.22998046875,0.15869140625,-0.00212845030731,-0.00212845030731,-0.007449576075585999,Null
171.631000000008,0.97509765625,-0.228515625,0.1591796875,0.0,-0.005321125768275,-0.00638535092193,Null
171.650000000008,0.97802734375,-0.23046875,0.1591796875,0.003192675460965,-0.008513801229241,-0.005321125768275,Null
171.675000000008,0.984375,-0.232421875,0.1591796875,0.00212845030731,-0.00638535092193,-0.009578026382896,Null
171.69500000000798,0.98681640625,-0.2314453125,0.1572265625,0.00638535092193,-0.005321125768275,-0.013834926997516001,Null
171.716000000008,0.9892578125,-0.232421875,0.15771484375,0.007449576075585999,-0.005321125768275,-0.020220277919447,Null
171.736000000008,0.99169921875,-0.23388671875,0.162109375,0.00638535092193,-0.010642251536551002,-0.023412953380412004,Null
171.756000000008,0.98828125,-0.2353515625,0.16064453125,0.00638535092193,-0.013834926997516001,-0.022348728226757004,Null
171.776000000008,0.98486328125,-0.234375,0.16015625,0.010642251536551002,-0.015963377304826,-0.019156052765792,Null
171.800000000008,0.98583984375,-0.23388671875,0.16259765625,0.010642251536551002,-0.018091827612136003,-0.009578026382896,Null
171.821000000008,0.9833984375,-0.23095703125,0.1611328125,0.00638535092193,-0.009578026382896,0.0,Null
171.84100000000802,0.98388671875,-0.22900390625,0.15771484375,-0.00425690061462,-0.00425690061462,0.007449576075585999,Null
171.861000000008,0.99072265625,-0.23388671875,0.1591796875,-0.009578026382896,-0.007449576075585999,0.005321125768275,Null
171.88100000000802,0.98974609375,-0.23193359375,0.1630859375,0.00425690061462,-0.008513801229241,-0.00425690061462,Null
171.901000000008,0.9892578125,-0.23193359375,0.16064453125,0.018091827612136003,-0.013834926997516001,-0.010642251536551002,Null
171.921000000008,0.98193359375,-0.23095703125,0.16064453125,0.018091827612136003,-0.011706476690206002,-0.009578026382896,Null
171.94200000000802,0.97998046875,-0.22998046875,0.1640625,0.012770701843860999,-0.010642251536551002,-0.005321125768275,Null
171.962000000008,0.982421875,-0.22900390625,0.16455078125,0.00425690061462,-0.008513801229241,0.0,Null
171.981000000008,0.98193359375,-0.228515625,0.162109375,-0.005321125768275,-0.00212845030731,0.00638535092193,Null
172.00600000000802,0.9794921875,-0.22802734375,0.15625,-0.012770701843860999,0.00212845030731,0.010642251536551002,Null
172.027000000008,0.984375,-0.2294921875,0.154296875,-0.007449576075585999,-0.003192675460965,0.009578026382896,Null
172.047000000008,0.9873046875,-0.22802734375,0.1552734375,-0.005321125768275,-0.009578026382896,0.00638535092193,Null
172.06700000000802,0.9873046875,-0.22802734375,0.15478515625,-0.008513801229241,-0.013834926997516001,0.00425690061462,Null
172.087000000008,0.9892578125,-0.23046875,0.1533203125,-0.00638535092193,-0.014899152151171002,0.003192675460965,Null
172.10700000000801,0.984375,-0.23291015625,0.15185546875,0.0,-0.013834926997516001,0.003192675460965,Null
172.12700000000802,0.97998046875,-0.2314453125,0.154296875,0.005321125768275,-0.019156052765792,0.00638535092193,Null
172.147000000008,0.982421875,-0.2294921875,0.15576171875,0.005321125768275,-0.023412953380412004,0.005321125768275,Null
172.16700000000802,0.984375,-0.23095703125,0.15283203125,0.00638535092193,-0.024477178534067005,0.001064225153655,Null
172.187000000008,0.984375,-0.236328125,0.15478515625,0.017027602458481002,-0.024477178534067005,0.0,Null
172.207000000008,0.9873046875,-0.2373046875,0.15576171875,0.030862529455997004,-0.025541403687721998,0.0,Null
172.22700000000802,0.990234375,-0.23388671875,0.158203125,0.028734079148687,-0.023412953380412004,0.00425690061462,Null
172.247000000008,0.99072265625,-0.23486328125,0.1591796875,0.018091827612136003,-0.018091827612136003,0.010642251536551002,Null
172.267000000008,0.9853515625,-0.24169921875,0.16015625,0.019156052765792,-0.017027602458481002,0.014899152151171002,Null
172.288000000008,0.98388671875,-0.24365234375,0.162109375,0.036183655224273,-0.019156052765792,0.018091827612136003,Null
172.312000000008,0.986328125,-0.2314453125,0.16259765625,0.044697456453513,-0.014899152151171002,0.023412953380412004,Null
172.333000000008,0.99560546875,-0.2333984375,0.16015625,0.024477178534067005,-0.008513801229241,0.026605628841377002,Null
172.35300000000802,0.9912109375,-0.23583984375,0.16650390625,0.011706476690206002,0.00638535092193,0.021284503073102003,Null
172.373000000008,0.9853515625,-0.232421875,0.16748046875,0.012770701843860999,0.014899152151171002,0.019156052765792,Null
172.39300000000802,0.9853515625,-0.23095703125,0.1640625,-0.001064225153655,0.018091827612136003,0.025541403687721998,Null
172.413000000008,0.98681640625,-0.228515625,0.16357421875,-0.015963377304826,0.025541403687721998,0.031926754609652,Null
172.433000000009,0.99072265625,-0.22802734375,0.16162109375,-0.015963377304826,0.032990979763308,0.030862529455997004,Null
172.453000000009,0.99609375,-0.2294921875,0.15966796875,-0.00425690061462,0.039376330685238,0.020220277919447,Null
172.478000000009,0.994140625,-0.22412109375,0.162109375,0.018091827612136003,0.037247880377928,-0.001064225153655,Null
172.498000000009,0.990234375,-0.224609375,0.16064453125,0.027669853995032002,0.034055204916963,-0.018091827612136003,Null
172.518000000009,0.98828125,-0.22412109375,0.16064453125,0.034055204916963,0.034055204916963,-0.027669853995032002,Null
172.539000000009,0.9853515625,-0.21923828125,0.1640625,0.025541403687721998,0.043633231299858,-0.04150478099254799,Null
172.559000000009,0.98583984375,-0.21826171875,0.16015625,0.001064225153655,0.052147032529099004,-0.04682590676082401,Null
172.583000000009,0.986328125,-0.2255859375,0.15576171875,-0.003192675460965,0.056403933143719005,-0.055339707990064005,Null
172.603000000009,0.9951171875,-0.22119140625,0.15576171875,0.007449576075585999,0.054275482836409004,-0.06491773437296,Null
172.623000000009,0.994140625,-0.2177734375,0.15478515625,-0.003192675460965,0.055339707990064005,-0.075559985909511,Null
172.64400000000902,0.9951171875,-0.22119140625,0.1552734375,-0.023412953380412004,0.051082807375443996,-0.086202237446062,Null
172.664000000009,1.0,-0.2275390625,0.1572265625,-0.023412953380412004,0.044697456453513,-0.09258758836799198,Null
172.683000000009,1.00048828125,-0.22509765625,0.162109375,-0.009578026382896,0.04682590676082401,-0.09471603867530198,Null
172.708000000009,0.99365234375,-0.21923828125,0.16748046875,-0.00638535092193,0.054275482836409004,-0.09258758836799198,Null
172.729000000009,0.98876953125,-0.21435546875,0.169921875,-0.026605628841377002,0.061725058911995,-0.08300956198509599,Null
172.750000000009,0.986328125,-0.2099609375,0.173828125,-0.06066083375833999,0.072367310448545,-0.06811040983392501,Null
172.774000000009,0.98388671875,-0.20849609375,0.17431640625,-0.117064766902059,0.09152336321433699,-0.051082807375443996,Null
172.794000000009,0.97802734375,-0.20947265625,0.16162109375,-0.13834926997516,0.10429406505819801,-0.040440555838893,Null
172.814000000009,0.97998046875,-0.2109375,0.15380859375,-0.142606170589781,0.10642251536550801,-0.031926754609652,Null
172.835000000009,0.9775390625,-0.21142578125,0.15869140625,-0.13834926997516,0.097908714136267,-0.031926754609652,Null
172.855000000009,0.98095703125,-0.20703125,0.1572265625,-0.12983546874592,0.08194533683144099,-0.042569006146202994,Null
172.875000000009,0.98828125,-0.20849609375,0.14990234375,-0.133028144206885,0.065981959526615,-0.058532383451029006,Null
172.895000000009,0.9873046875,-0.21484375,0.154296875,-0.130899693899575,0.053211257682754004,-0.075559985909511,Null
172.915000000009,0.978515625,-0.2216796875,0.1630859375,-0.10855096567281801,0.04150478099254799,-0.09365181352164699,Null
172.935000000009,0.97607421875,-0.2236328125,0.16455078125,-0.077688436216821,0.027669853995032002,-0.11067941598012801,Null
172.955000000009,0.98681640625,-0.22265625,0.169921875,-0.058532383451029006,0.013834926997516001,-0.11280786628743801,Null
172.980000000009,0.990234375,-0.22705078125,0.1796875,-0.056403933143719005,0.011706476690206002,-0.10322983990454301,Null
173.000000000009,0.98828125,-0.22802734375,0.18359375,-0.06066083375833999,0.018091827612136003,-0.09471603867530198,Null
173.020000000009,0.9794921875,-0.22509765625,0.1826171875,-0.075559985909511,0.031926754609652,-0.08194533683144099,Null
173.041000000009,0.98193359375,-0.22705078125,0.18212890625,-0.10003716444357699,0.034055204916963,-0.056403933143719005,Null
173.06100000000902,0.990234375,-0.23046875,0.18359375,-0.10855096567281801,0.026605628841377002,-0.025541403687721998,Null
173.081000000009,0.99169921875,-0.234375,0.18505859375,-0.08513801229240599,0.018091827612136003,-0.007449576075585999,Null
173.101000000009,0.98388671875,-0.22607421875,0.1875,-0.035119430070618,0.019156052765792,-0.010642251536551002,Null
173.121000000009,0.9814453125,-0.21484375,0.1875,-0.00425690061462,0.017027602458481002,-0.018091827612136003,Null
173.141000000009,0.9814453125,-0.21435546875,0.19091796875,-0.00425690061462,0.017027602458481002,-0.017027602458481002,Null
173.161000000009,0.98046875,-0.21826171875,0.1962890625,-0.00212845030731,0.021284503073102003,-0.017027602458481002,Null
173.18600000000902,0.9736328125,-0.21533203125,0.1953125,0.021284503073102003,0.031926754609652,-0.019156052765792,Null
173.206000000009,0.9736328125,-0.21044921875,0.1904296875,0.024477178534067005,0.034055204916963,-0.012770701843860999,Null
173.226000000009,0.97412109375,-0.212890625,0.19482421875,0.014899152151171002,0.036183655224273,-0.00425690061462,Null
173.246000000009,0.96728515625,-0.21728515625,0.19677734375,0.023412953380412004,0.038312105531583,0.0,Null
173.267000000009,0.9609375,-0.21533203125,0.1962890625,0.042569006146202994,0.038312105531583,0.003192675460965,Null
173.28700000000902,0.96240234375,-0.21142578125,0.19189453125,0.043633231299858,0.037247880377928,0.012770701843860999,Null
173.307000000009,0.98974609375,-0.21484375,0.18603515625,0.027669853995032002,0.030862529455997004,0.026605628841377002,Null
173.331000000009,0.9990234375,-0.21533203125,0.18994140625,0.023412953380412004,0.038312105531583,0.034055204916963,Null
173.352000000009,0.9931640625,-0.212890625,0.1904296875,0.038312105531583,0.038312105531583,0.032990979763308,Null
173.372000000009,1.01416015625,-0.21630859375,0.19189453125,0.06278928406565,0.017027602458481002,0.024477178534067005,Null
173.392000000009,1.01513671875,-0.208984375,0.1953125,0.09045913806068198,0.020220277919447,0.023412953380412004,Null
173.41200000000902,1.00341796875,-0.201171875,0.19873046875,0.09152336321433699,0.031926754609652,0.032990979763308,Null
173.432000000009,0.98779296875,-0.19287109375,0.20751953125,0.06811040983392501,0.039376330685238,0.04895435706813401,Null
173.453000000009,0.966796875,-0.1943359375,0.20703125,0.037247880377928,0.04895435706813401,0.061725058911995,Null
173.473000000009,0.96044921875,-0.19580078125,0.19873046875,0.019156052765792,0.052147032529099004,0.06385350921930501,Null
173.497000000009,0.97998046875,-0.19873046875,0.19873046875,0.035119430070618,0.04895435706813401,0.056403933143719005,Null
173.517000000009,0.99072265625,-0.1943359375,0.20068359375,0.04789013191447901,0.054275482836409004,0.04150478099254799,Null
173.53700000000902,0.9873046875,-0.19384765625,0.20068359375,0.057468158297374,0.053211257682754004,0.013834926997516001,Null
173.558000000009,0.9853515625,-0.1982421875,0.201171875,0.06917463498758,0.04789013191447901,-0.014899152151171002,Null
173.578000000009,0.98779296875,-0.2021484375,0.1982421875,0.080881111677786,0.052147032529099004,-0.031926754609652,Null
173.598000000009,0.9794921875,-0.19921875,0.2001953125,0.06811040983392501,0.06385350921930501,-0.034055204916963,Null
173.618000000009,0.9736328125,-0.20361328125,0.20068359375,0.030862529455997004,0.074495760755856,-0.024477178534067005,Null
173.63800000000901,0.99609375,-0.20947265625,0.21533203125,-0.005321125768275,0.076624211063166,-0.009578026382896,Null
173.658000000009,1.0322265625,-0.1982421875,0.2158203125,-0.054275482836409004,0.10961519082647302,0.015963377304826,Null
173.678000000009,1.013671875,-0.20703125,0.212890625,-0.079816886524131,0.137285044821505,0.034055204916963,Null
173.698000000009,0.99365234375,-0.20166015625,0.203125,-0.09258758836799198,0.143670395743436,0.06278928406565,Null
173.718000000009,0.9736328125,-0.21240234375,0.2099609375,-0.117064766902059,0.13834926997516,0.08300956198509599,Null
173.738000000009,0.95849609375,-0.20263671875,0.2119140625,-0.072367310448545,0.13196391905323,0.09471603867530198,Null
173.759000000009,0.94287109375,-0.2216796875,0.20166015625,0.024477178534067005,0.119193217209369,0.10535829021185301,Null
173.779000000009,0.94140625,-0.21630859375,0.20556640625,0.09897293928992199,0.10961519082647302,0.086202237446062,Null
173.803000000009,0.95458984375,-0.2060546875,0.21484375,0.08300956198509599,0.10535829021185301,0.06278928406565,Null
173.823000000009,0.953125,-0.22021484375,0.21826171875,0.04682590676082401,0.101101389597233,0.051082807375443996,Null
173.843000000009,0.97021484375,-0.22802734375,0.22119140625,0.029798304302342003,0.08726646259971699,0.043633231299858,Null
173.864000000009,0.9638671875,-0.23876953125,0.21240234375,0.025541403687721998,0.09365181352164699,0.04895435706813401,Null
173.884000000009,0.94970703125,-0.2314453125,0.20849609375,0.050018582221788996,0.101101389597233,0.057468158297374,Null
173.904000000009,0.95166015625,-0.2236328125,0.21923828125,0.044697456453513,0.09258758836799198,0.06917463498758,Null
173.92400000000902,0.943359375,-0.2255859375,0.2216796875,0.00425690061462,0.08513801229240599,0.08300956198509599,Null
173.944000000009,0.93798828125,-0.22998046875,0.212890625,-0.040440555838893,0.07023886014123501,0.08726646259971699,Null
173.965000000009,0.9345703125,-0.23876953125,0.20361328125,-0.06704618468026999,0.054275482836409004,0.08833068775337198,Null
173.985000000009,0.94580078125,-0.24755859375,0.19384765625,-0.075559985909511,0.026605628841377002,0.09578026382895699,Null
174.009000000009,0.9697265625,-0.25390625,0.19580078125,-0.04789013191447901,-0.018091827612136003,0.10855096567281801,Null
174.029000000009,0.970703125,-0.25048828125,0.20703125,-0.024477178534067005,-0.04150478099254799,0.11174364113378302,Null
174.04900000000902,0.9599609375,-0.24951171875,0.201171875,-0.015963377304826,-0.06491773437296,0.114936316594749,Null
174.070000000009,0.94287109375,-0.25244140625,0.197265625,0.005321125768275,-0.09045913806068198,0.119193217209369,Null
174.090000000009,0.93701171875,-0.24365234375,0.21044921875,0.029798304302342003,-0.11174364113378302,0.12557856813129903,Null
174.110000000009,0.9365234375,-0.23486328125,0.22021484375,0.008513801229241,-0.12983546874592,0.13196391905323,Null
174.130000000009,0.95556640625,-0.22802734375,0.2119140625,-0.039376330685238,-0.137285044821505,0.128771243592265,Null
174.15000000000902,0.97216796875,-0.23291015625,0.203125,-0.061725058911995,-0.13622081966785002,0.123450117823989,Null
174.170000000009,0.9833984375,-0.24072265625,0.20849609375,-0.06385350921930501,-0.13622081966785002,0.08726646259971699,Null
174.190000000009,0.9814453125,-0.2451171875,0.20849609375,-0.044697456453513,-0.145798846050746,0.055339707990064005,Null
174.210000000009,0.98681640625,-0.25244140625,0.20703125,-0.029798304302342003,-0.156441097587297,0.042569006146202994,Null
174.230000000009,0.9970703125,-0.25244140625,0.21337890625,0.010642251536551002,-0.173468700045778,0.027669853995032002,Null
174.250000000009,0.9970703125,-0.24365234375,0.2216796875,0.028734079148687,-0.177725600660398,0.030862529455997004,Null
174.271000000009,0.99609375,-0.24755859375,0.22021484375,0.024477178534067005,-0.17666137550674302,0.04682590676082401,Null
174.291000000009,0.99560546875,-0.24560546875,0.22509765625,0.043633231299858,-0.16601912397019197,0.057468158297374,Null
174.315000000009,1.005859375,-0.2265625,0.24658203125,0.09045913806068198,-0.143670395743436,0.06917463498758,Null
174.335000000009,1.00390625,-0.2138671875,0.2451171875,0.077688436216821,-0.118128992055714,0.07343153560220099,Null
174.355000000009,0.99609375,-0.21630859375,0.2392578125,0.035119430070618,-0.09045913806068198,0.05959660860468499,Null
174.37600000000901,0.99072265625,-0.2216796875,0.24072265625,0.001064225153655,-0.06704618468026999,0.024477178534067005,Null
174.396000000009,0.97607421875,-0.22998046875,0.23974609375,-0.020220277919447,-0.043633231299858,-0.018091827612136003,Null
174.416000000009,0.95458984375,-0.23779296875,0.23046875,-0.043633231299858,-0.026605628841377002,-0.058532383451029006,Null
174.43600000000902,0.9423828125,-0.2548828125,0.2197265625,-0.06385350921930501,-0.020220277919447,-0.09045913806068198,Null
174.456000000009,0.95361328125,-0.265625,0.2109375,-0.053211257682754004,-0.020220277919447,-0.11067941598012801,Null
174.476000000009,0.97119140625,-0.26611328125,0.2109375,-0.034055204916963,-0.013834926997516001,-0.118128992055714,Null
174.496000000009,0.96728515625,-0.2626953125,0.20849609375,-0.042569006146202994,0.00638535092193,-0.11067941598012801,Null
174.516000000009,0.96630859375,-0.259765625,0.1904296875,-0.075559985909511,0.020220277919447,-0.09152336321433699,Null
174.536000000009,0.97314453125,-0.267578125,0.18359375,-0.10216561475088799,0.030862529455997004,-0.06066083375833999,Null
174.556000000009,0.98046875,-0.26220703125,0.18408203125,-0.10961519082647302,0.04150478099254799,-0.020220277919447,Null
174.576000000009,0.97998046875,-0.24755859375,0.17236328125,-0.133028144206885,0.053211257682754004,0.025541403687721998,Null
174.596000000009,0.97265625,-0.2392578125,0.16796875,-0.17666137550674302,0.057468158297374,0.06811040983392501,Null
174.616000000009,0.97607421875,-0.23779296875,0.16259765625,-0.21710193134563602,0.04789013191447901,0.08939491290702699,Null
174.636000000009,0.96044921875,-0.2333984375,0.154296875,-0.243707560187013,0.045761681607168,0.08726646259971699,Null
174.65600000000902,0.94873046875,-0.22802734375,0.14892578125,-0.257542487184529,0.034055204916963,0.06917463498758,Null
174.677000000009,0.95654296875,-0.23486328125,0.1474609375,-0.277762765103976,0.010642251536551002,0.042569006146202994,Null
174.697000000009,0.95166015625,-0.23583984375,0.146484375,-0.27457008964301,-0.007449576075585999,0.010642251536551002,Null
174.721000000009,0.9521484375,-0.23828125,0.14208984375,-0.267120513567425,-0.030862529455997004,-0.029798304302342003,Null
174.741000000009,0.95947265625,-0.24169921875,0.14453125,-0.264992063260115,-0.050018582221788996,-0.06811040983392501,Null
174.761000000009,0.96484375,-0.24365234375,0.14306640625,-0.27137741418204503,-0.058532383451029006,-0.09045913806068198,Null
174.782000000009,0.97998046875,-0.25341796875,0.1396484375,-0.273505864489355,-0.07130308529489,-0.09152336321433699,Null
174.802000000009,0.98974609375,-0.2548828125,0.13427734375,-0.251157136262599,-0.09045913806068198,-0.08726646259971699,Null
174.822000000009,1.0,-0.265625,0.13134765625,-0.220294606806601,-0.117064766902059,-0.09471603867530198,Null
174.842000000009,1.009765625,-0.275390625,0.13427734375,-0.137285044821505,-0.153248422126331,-0.121321667516679,Null
174.862000000009,1.021484375,-0.2763671875,0.142578125,-0.019156052765792,-0.20007432888715498,-0.154312647279986,Null
174.88200000000901,1.03173828125,-0.28173828125,0.15869140625,0.08833068775337198,-0.230936858343152,-0.18411095158232899,Null
174.902000000009,1.02978515625,-0.271484375,0.171875,0.178789825814053,-0.240514884726048,-0.21390925588467102,Null
174.922000000009,1.02734375,-0.26806640625,0.18603515625,0.22135883196025602,-0.239450659572393,-0.244771785340668,Null
174.942000000009,1.02783203125,-0.26806640625,0.20556640625,0.21710193134563602,-0.21923038165294603,-0.252221361416254,Null
174.962000000009,1.02587890625,-0.265625,0.22021484375,0.168147574277502,-0.18304672642867398,-0.234129533804117,Null
174.983000000009,1.01708984375,-0.26318359375,0.22900390625,0.08939491290702699,-0.13196391905323,-0.18730362704329398,Null
175.003000000009,1.0283203125,-0.27001953125,0.22900390625,0.010642251536551002,-0.08194533683144099,-0.124514342977644,Null
175.023000000009,1.03955078125,-0.27099609375,0.2197265625,-0.020220277919447,-0.023412953380412004,-0.054275482836409004,Null
175.04300000000902,1.0244140625,-0.2685546875,0.20361328125,0.009578026382896,0.027669853995032002,0.012770701843860999,Null
175.063000000009,1.01708984375,-0.25537109375,0.1826171875,0.074495760755856,0.040440555838893,0.058532383451029006,Null
175.084000000009,1.0166015625,-0.24169921875,0.1787109375,0.135156594514195,0.035119430070618,0.076624211063166,Null
175.104000000009,1.0244140625,-0.2294921875,0.2001953125,0.19049630250425897,0.027669853995032002,0.06811040983392501,Null
175.128000000009,1.021484375,-0.21435546875,0.2138671875,0.20326700434811998,0.051082807375443996,0.042569006146202994,Null
175.148000000009,1.03173828125,-0.19921875,0.22802734375,0.154312647279986,0.08726646259971699,0.042569006146202994,Null
175.16800000000902,1.01806640625,-0.1923828125,0.22802734375,0.075559985909511,0.14473462089709102,0.054275482836409004,Null
175.189000000009,1.0244140625,-0.2021484375,0.23193359375,0.04682590676082401,0.178789825814053,0.05959660860468499,Null
175.209000000009,1.0263671875,-0.2041015625,0.23974609375,0.037247880377928,0.234129533804117,0.06704618468026999,Null
175.229000000009,1.044921875,-0.19921875,0.28271484375,0.005321125768275,0.273505864489355,0.09684448898261201,Null
175.249000000009,1.087890625,-0.20068359375,0.29931640625,-0.075559985909511,0.38844218108410405,0.17240447489212302,Null
175.26900000000902,1.04736328125,-0.19189453125,0.2705078125,-0.179854050967708,0.508699623447128,0.251157136262599,Null
175.289000000009,1.07080078125,-0.240234375,0.29931640625,-0.160697998201917,0.511892298908093,0.308625294559973,Null
175.309000000009,1.17333984375,-0.302734375,0.3681640625,0.023412953380412004,0.647048893422288,0.40227710808162,Null
175.329000000009,1.080078125,-0.3095703125,0.3466796875,0.21284503073101602,0.860958149306959,0.522534550444644,Null
175.349000000009,1.0341796875,-0.30126953125,0.31591796875,0.30649684425266305,0.930132784294539,0.6523700191905629,Null
175.369000000009,1.0732421875,-0.26904296875,0.31298828125,0.309689519713628,1.0471975511966,0.7939119646266891,Null
175.390000000009,1.064453125,-0.2265625,0.29345703125,0.127707018438609,1.21321667516679,0.930132784294539,LVG2
175.410000000009,1.02734375,-0.25048828125,0.26513671875,-0.16282644850922698,1.31538228991768,1.0046285450504,LVG2
175.43000000000902,1.0224609375,-0.3076171875,0.2734375,-0.35013007555252096,1.37604312367602,1.02484882296984,LVG2
175.450000000009,0.9521484375,-0.33544921875,0.275390625,-0.488479345527681,1.4356397322807,1.0163350217406,LVG2
175.470000000009,0.87646484375,-0.39990234375,0.26806640625,-0.47570864368382,1.37923579913698,0.969509114979777,LVG2
175.490000000009,0.87939453125,-0.50634765625,0.31640625,-0.395891757159689,1.32921721691519,0.9343896849091591,LVG2
175.510000000009,0.94970703125,-0.6123046875,0.3837890625,0.043633231299858,1.28451976046168,0.843930546848478,LVG2
175.530000000009,0.943359375,-0.64697265625,0.41357421875,0.116000541748404,1.34837326968099,0.8269029443899959,LVG2
175.550000000009,0.939453125,-0.82763671875,0.39990234375,0.17240447489212302,1.4526673347391799,0.863086599614269,LVG2
175.570000000009,0.9501953125,-0.84228515625,0.46240234375,0.8088111167778599,1.5580256249510402,0.889692228455646,LVG2
175.590000000009,0.90283203125,-0.77197265625,0.5263671875,1.46118113596842,1.7219162986139198,0.970573340133432,LVG2
175.610000000009,0.80615234375,-0.80615234375,0.53125,1.38562115005891,1.87410049558659,1.1983175230156202,LVG2
175.630000000009,0.6943359375,-0.8720703125,0.521484375,1.17916147024983,1.95285315695707,1.40796987828567,LVG2
175.65000000000902,0.59521484375,-0.828125,0.5703125,1.39945607705643,2.01244976556175,1.55164027402911,LVG2
175.670000000009,0.51318359375,-0.740234375,0.62890625,1.4526673347391799,2.0422480698641,1.7751275562966697,LVG2
175.69000000001,0.4189453125,-0.68798828125,0.6826171875,0.9429034861384,2.0443765201714097,2.08375285085664,LVG2
175.710000000009,0.275390625,-0.61083984375,0.6513671875,0.07343153560220099,2.0230920170983,2.41153419818241,LVG2
175.73100000001,0.13720703125,-0.615234375,0.5908203125,-0.933325459755504,1.8560086679744598,2.7872056774226497,LVG2
175.75100000000998,-0.009765625,-0.57958984375,0.46923828125,-1.9656238588009298,1.54844759856814,3.1735194081994504,LVG2
175.77100000001,-0.24365234375,-0.53466796875,0.3115234375,-2.8861786167125696,1.1674549935596201,3.4938511794496203,LVG2
175.79500000001,-0.3818359375,-0.75927734375,0.11767578125,-3.64177847580768,0.252221361416254,3.79502689793401,LVG2
175.81600000001,-0.369140625,-0.7197265625,0.12646484375,-3.32038247940385,-0.387377955930449,3.7801277457828397,LVG2
175.83600000001,-0.3984375,-0.62353515625,0.13427734375,-3.01282140999753,-0.909912506375093,3.5885672181249304,LVG2
175.85600000001,-0.3115234375,-0.65576171875,0.2001953125,-2.55839726938681,-1.37391467336871,3.22140954011392,LVG2
175.87600000000998,-0.1953125,-0.84521484375,0.15380859375,-1.7634210796064698,-1.6346498360141999,2.7414439958154797,LVG2
175.89600000001,-0.080078125,-0.88037109375,0.13720703125,-0.42036893569375605,-1.7272374243821897,2.14228523430767,LVG2
175.91600000001,0.0556640625,-0.7373046875,0.1875,0.459745266378994,-1.70382447100178,1.5069428175755901,LVG2
175.93600000000998,0.15478515625,-0.578125,0.2294921875,0.286276566333216,-1.60485153171186,0.913105181836058,LVG2
175.95700000001,0.279296875,-0.68212890625,0.154296875,-0.308625294559973,-1.5282273206486898,0.302239943638043,LVG2
175.98100000001,0.4521484375,-0.79638671875,0.1953125,0.30117571848438696,-1.54525492310717,-0.33523092340134997,LVG2
176.00100000000998,0.6875,-0.716796875,0.4013671875,1.6250718096313101,-1.61549378324841,-0.919490532757988,LVG2
176.02200000001,0.91650390625,-0.65966796875,0.5048828125,1.8474948667452198,-1.6176222335557198,-1.2494003303910601,LVG2
176.04200000001,0.966796875,-0.75927734375,0.37255859375,0.9524815125212959,-1.49097944027077,-1.45586001020015,LVG2
176.06200000001,0.97216796875,-0.94873046875,0.21875,0.759856759709726,-1.40690565313201,-1.7091455967700602,LVG2
176.08200000001,1.0546875,-0.6015625,0.4345703125,1.62826448509227,-1.4047772028246999,-1.8027974102917002,LVG2
176.10200000001,1.22705078125,-0.775390625,0.599609375,1.42074058012953,-1.3622081966784998,-1.5367411218779299,LVG2
176.12200000001,1.1298828125,-0.9521484375,0.65087890625,1.6442278623971,-1.0471975511966,-1.1248859874134198,LVG2
176.14200000001,0.89599609375,-0.60498046875,0.6923828125,1.9134768262718302,-0.8524443480777181,-0.93864658552378,LVG2
176.16200000000998,0.69873046875,-0.5966796875,0.6533203125,1.2887766610763,-0.8343525204655821,-0.781141262782828,LVG2
176.18200000001,0.62158203125,-0.607421875,0.82177734375,1.0589040278868,-0.893949129070266,-0.527855676212919,LVG2
176.20200000001,0.62353515625,-0.6962890625,0.8876953125,0.883306877533716,-0.854572798385028,-0.4320754123839621,LVG2
176.22300000001,0.49072265625,-0.60888671875,0.89306640625,0.867343500228889,-0.7289942302537291,-0.42675428661568704,LVG2
176.24300000001,0.322265625,-0.48095703125,0.83349609375,0.227744182882187,-0.623635940041876,-0.355451201320796,LVG2
176.26300000000998,0.3759765625,-0.33935546875,0.87548828125,-0.43313963753761703,-0.6736545222636651,-0.222423057113912,LVG2
176.28300000001,0.3896484375,-0.53369140625,0.80810546875,-1.16958344386693,-0.511892298908093,-0.10003716444357699,LVG2
176.30700000001,0.31396484375,-0.75830078125,0.5244140625,-1.60165885625089,-0.305432619099008,-0.010642251536551002,LVG2
176.32800000001,0.2724609375,-0.90185546875,0.47998046875,-0.747086057865866,-0.46506639214726997,-0.06917463498758,LVG2
176.34800000001,0.36279296875,-0.8681640625,0.81982421875,-0.454424140610719,-0.647048893422288,-0.012770701843860999,LVG2
176.36800000001,0.51025390625,-0.92041015625,1.064453125,-1.10998683526225,-0.571488907512777,0.20433122950177499,LVG2
176.38800000000998,0.66552734375,-1.1171875,1.025390625,-1.12701443772073,-0.316074870635558,0.455488365764374,LVG2
176.40800000001,0.68798828125,-1.078125,0.98681640625,-0.594901860893189,-0.141541945436126,0.717287753563523,LVG2
176.42900000001,0.7236328125,-0.857421875,1.072265625,-0.117064766902059,-0.13622081966785002,0.791783514319379,LVG2
176.44900000001,0.8271484375,-0.61376953125,1.0556640625,-0.024477178534067005,-0.076624211063166,0.7215446541781441,LVG2
176.46900000001,1.046875,-0.5126953125,1.357421875,-1.4516031095855302,0.393763306852379,1.07167472973066,LVG2
176.48900000000998,0.9287109375,-0.8876953125,0.9912109375,-2.4988006607821296,1.36007974637119,1.62720025993862,LVG2
176.51300000000998,0.43603515625,-1.07568359375,-0.09326171875,-0.27669853995032107,2.03054159317389,1.6399709617824798,LVG2
176.53400000001,0.14111328125,-0.62060546875,-0.3095703125,0.7109024026415931,2.42004799941165,1.3962634015954598,LVG2
176.55400000001,-0.4345703125,-0.4248046875,-0.1396484375,0.915233632143368,2.6509848577548,0.914169406989713,LVG2
176.57400000001,-0.6474609375,-0.23779296875,0.63671875,2.3200108349680697,2.6403426062182502,-0.20326700434811998,LVG2
176.59400000001,-0.40771484375,0.01806640625,0.919921875,1.9911652624886498,2.4615527804042,-1.3898780506735302,LVG2
176.61400000000998,-0.34521484375,-0.23583984375,0.40771484375,-0.8343525204655821,2.0624683477835397,-1.73149432499681,LVG2
176.63400000001,-0.2802734375,-0.80615234375,-0.10888671875,-2.28063450428283,1.1259502125670702,-1.59740195563627,LVG2
176.65400000001,-0.24609375,-0.759765625,0.0390625,-1.7953478342161202,0.244771785340668,-1.7006317955408201,LVG2
176.67400000000998,0.1513671875,-0.45751953125,0.25830078125,-2.23487282267567,-0.252221361416254,-2.0358627189421696,LVG2
176.69400000001,0.62353515625,-0.6943359375,0.2939453125,-3.5161999076763797,-0.30649684425266305,-2.06672524839816,LVG2
176.71400000001,0.65625,-1.03515625,0.123046875,-4.37928650729065,0.0,-1.93156865388397,LVG2
176.73500000001,0.75390625,-1.228515625,-0.072265625,-4.554883657643741,0.18091827612136302,-1.8027974102917002,LVG2
176.75500000001,0.82568359375,-1.02392578125,-0.07666015625,-3.69605395864409,0.32778134732576397,-1.5282273206486898,LVG2
176.77500000000998,0.810546875,-0.93896484375,0.17041015625,-3.24056559287972,0.40866245900354997,-1.13659246410362,LVG2
176.79500000001,0.70947265625,-0.93798828125,0.1904296875,-3.62794354881016,0.539562152903125,-0.9567384131359159,LVG2
176.81500000001,0.70458984375,-0.82373046875,0.02001953125,-3.68541170710754,0.67684719772463,-1.04294065058198,LVG2
176.83500000000998,0.716796875,-1.08056640625,-0.29248046875,-3.11817970020938,0.60341566212243,-1.14404204017921,LVG2
176.85600000001,0.73486328125,-1.00341796875,-0.376953125,-1.59740195563627,0.27244163933570004,-1.2834555353080301,LVG2
176.87600000000998,0.92041015625,-0.8076171875,-0.505859375,-0.267120513567425,-0.27989121541128603,-1.31112538930306,LVG2
176.90000000000998,1.11962890625,-1.11376953125,-0.705078125,0.657691144958839,-1.0056927702040501,-0.48635089522037106,LVG2
176.92000000001,1.23291015625,-1.41650390625,-0.85009765625,1.24407920462279,-1.13127133833535,-0.056403933143719005,LVG2
176.94100000001,1.2646484375,-1.2216796875,-0.65576171875,3.54706243713238,-1.3185749653786398,1.5356768967242802,LVG2
176.96100000001,1.25146484375,-0.78515625,-0.33740234375,4.252643714005701,-1.2515287806983701,2.32213928527538,LVG2
176.98100000001,1.09619140625,-0.8193359375,-0.255859375,4.1664414765596405,-1.1259502125670702,2.57968177245991,LVG2
177.00100000000998,0.8408203125,-1.244140625,-0.41796875,4.23880878700818,-0.7651778854780021,2.80529750503479,LVG2
177.02500000000998,0.478515625,-0.71826171875,0.0498046875,6.498158788217911,-0.179854050967708,2.9883442314634596,LVG2
177.04600000001,0.41162109375,-0.2548828125,0.2880859375,7.3506031362956294,-0.310753744867283,2.67546203628887,LVG2
177.06600000001,0.2138671875,-0.16357421875,0.54638671875,6.52902131767391,-0.247964460801633,2.58074599761357,LVG2
177.08600000001,0.32421875,-0.33349609375,1.09814453125,4.90820640865722,-0.391634856545069,2.36896519203621,LVG2
177.10600000001,0.1064453125,-0.42431640625,1.01416015625,3.2735565726430202,-0.273505864489355,1.76767798022109,LVG2
177.12500000001,-0.00390625,-0.25,0.802734375,2.65737020867673,-0.21178080557736104,1.4377681825880102,LVG2
177.14600000001,0.06787109375,-0.541015625,0.96142578125,2.24338662390491,-0.171340249738468,1.20363864878389,LVG2
177.16600000001,0.126953125,-0.62060546875,1.126953125,1.9017703495816298,-0.17240447489212302,1.04294065058198,LVG2
177.18600000000998,0.04345703125,-0.55029296875,1.1494140625,1.74000812622605,-0.133028144206885,0.984408267130948,LVG2
177.20600000001,0.01904296875,-0.23828125,1.0849609375,1.48991521511711,-0.084073787138751,0.7077097271806279,LVG2
177.22600000001,0.064453125,-0.283203125,0.95263671875,0.435268087844927,0.044697456453513,0.617250589119946,LVG2
177.24600000000999,0.07080078125,-0.5771484375,0.93408203125,0.171340249738468,0.018091827612136003,0.6651407210344239,LVG2
177.26700000001,0.04248046875,-0.390625,1.025390625,0.5619108811298821,0.009578026382896,0.6917463498758011,LVG2
177.28700000000998,0.49072265625,-0.03125,1.02490234375,-0.539562152903125,-0.20326700434811998,0.28946924179418104,LVG2
177.30700000001,-0.02978515625,-1.04541015625,0.52001953125,-2.7478293467374106,-0.5384979277494699,-0.154312647279986,LVG2
177.32700000001,0.0830078125,-1.30859375,0.65576171875,-0.290533466947837,-0.33310247309403995,0.518277649830024,LVG2
177.34700000000998,0.08349609375,-1.2861328125,1.0029296875,0.623635940041876,-0.19156052765791398,0.844994772002133,LVG2
177.36700000001,-0.14404296875,-0.755859375,0.67041015625,0.17666137550674302,0.19156052765791398,0.543819053517745,LVG2
177.38700000001,-0.37158203125,-0.52685546875,0.43359375,1.56547520102662,0.21390925588467102,-0.10535829021185301,LVG2
177.40700000001,-0.28857421875,0.9970703125,0.82373046875,0.18517517673598397,0.18198250127501897,-0.6129936885053261,LVG2
177.42700000001,-0.39990234375,0.3779296875,0.24755859375,-2.6179938779914904,0.28840501664052604,-0.36077232708907203,LVG2
177.44800000000998,-0.265625,0.00927734375,0.82763671875,-1.89751344896701,0.18198250127501897,-0.5746815829737429,LVG2
177.46800000001,0.09326171875,-0.30419921875,1.611328125,-1.78789825814053,0.09471603867530198,-0.850315897770408,LVG2
177.48800000001,0.02734375,-0.37451171875,1.13134765625,-2.53711276631371,0.26286361295280397,-0.953545737674951,LVG2
177.51200000001,-0.0732421875,-0.58837890625,0.435546875,-3.4427683720741804,0.328845572479419,-0.9939862935138442,LVG2
177.53200000001,0.12841796875,-1.0595703125,0.3271484375,-3.7205311371781598,0.086202237446062,-1.20470287393755,LVG2
177.55300000001,0.337890625,-1.4599609375,0.32568359375,-3.6077232708907205,-0.236257984111428,-1.23024427762527,LVG2
177.57300000000998,0.27587890625,-1.400390625,0.18505859375,-2.38173589388007,-0.365029227703692,-1.11850063649149,LVG2
177.59300000001,0.27978515625,-1.36279296875,-0.0546875,-1.52929154580235,-0.39802020746699995,-1.01527079658695,LVG2
177.61300000001,0.248046875,-1.2421875,-0.2080078125,-0.6076725627370501,-0.382056830162173,-0.8524443480777181,LVG2
177.63200000000998,0.1806640625,-0.7939453125,0.072265625,1.3409236936053999,-0.491672020988646,-0.788590838858414,LVG2
177.65300000001,0.1630859375,-0.29931640625,0.4580078125,2.47645193255537,-0.701324376258697,-0.8354167456192372,LVG2
177.67300000001,0.19140625,-0.24462890625,0.48046875,2.24338662390491,-0.8790499769190949,-0.904591380606817,LVG2
177.69300000001,0.26416015625,-0.27734375,0.42724609375,2.01777089133003,-1.11850063649149,-0.891820678762956,LVG2
177.71300000001,0.31298828125,-0.2509765625,0.244140625,1.82408191336481,-1.3803000242906398,-0.8886280033019909,LVG2
177.73300000001,0.3837890625,-0.33251953125,0.14892578125,1.88048584650852,-1.71340249738468,-1.12169331195245,LVG2
177.75300000001,0.6220703125,-0.49853515625,0.56640625,2.3146897091997998,-1.88687119743046,-1.5367411218779299,LVG2
177.77300000001,0.78076171875,-0.49755859375,0.9736328125,2.79997637926651,-1.5197135194194498,-1.9379540048058999,LVG2
177.79300000000998,0.81103515625,-0.63427734375,1.416015625,2.7190952675887297,-0.9609953137505358,-1.9879725870276899,LVG2
177.81300000001,0.875,-1.005859375,1.6171875,1.38562115005891,-0.46825906760823494,-1.58569547894607,LVG2
177.83300000001,0.72509765625,-0.88818359375,1.318359375,0.22455150742122199,0.08939491290702699,-1.04081220027467,LVG2
177.85400000001,0.6943359375,-0.61474609375,1.041015625,-0.37460725408658796,0.42569006146203203,-0.664076495880769,LVG2
177.87400000001,0.68359375,-0.4267578125,0.77880859375,-0.915233632143368,0.5778742584347081,-0.48422244491306105,LVG2
177.89400000000998,0.6240234375,-0.43798828125,0.494140625,-1.06635360396239,0.539562152903125,-0.33310247309403995,LVG2
177.91400000001,0.68701171875,-0.42919921875,0.56298828125,-1.0354910745063899,0.349065850398866,-0.36290077739638205,LVG2
177.93400000001,0.76220703125,-0.61376953125,0.7451171875,-1.05464712727218,0.29904726817707694,-0.42781851176934205,LVG2
177.95400000000998,0.77685546875,-0.8125,0.76953125,-1.30261158807382,0.39269908169872403,-0.41398358477182595,LVG2
177.97400000001,0.72021484375,-0.83740234375,0.6416015625,-1.69424644461889,0.553397079900641,-0.16708334912384698,LVG2
177.99400000001,0.6015625,-0.81787109375,0.5986328125,-1.55908985010469,0.709838177487938,0.2788269902576311,LVG2
178.01400000001,0.54052734375,-0.68896484375,0.455078125,-0.933325459755504,0.608736787890705,0.5012500473715421,LVG2
178.03400000001,0.509765625,-0.357421875,0.353515625,-0.649177343729598,0.393763306852379,0.43633231299858205,LVG2
178.05500000000998,0.5791015625,-0.4345703125,0.4267578125,-0.969509114979777,0.285212341179561,0.334166698247695,LVG2
178.07500000001,0.66748046875,-0.66357421875,0.5439453125,-0.9567384131359159,0.258606712338184,0.234129533804117,LVG2
178.09500000001,0.697265625,-0.77783203125,0.6181640625,-0.764113660324347,0.277762765103976,0.27989121541128603,LVG2
178.11500000000999,0.73388671875,-0.65771484375,0.68359375,-0.893949129070266,0.27137741418204503,0.4714517430692,LVG2
178.13500000001,0.720703125,-0.7041015625,0.70849609375,-1.1770330199425199,0.319267546096524,0.7513429584804859,LVG2
178.15500000001,0.63330078125,-0.74609375,0.67529296875,-0.87372885115082,0.35013007555252096,0.8354167456192372,LVG2
178.17600000001,0.5693359375,-0.640625,0.6904296875,-0.656626919805184,0.348001625245211,0.8269029443899959,LVG2
178.19600000001,0.51953125,-0.5966796875,0.7216796875,-0.8779857517654399,0.377799929547553,0.767306335785312,LVG2
178.22000000001,0.43701171875,-0.70947265625,0.6904296875,-1.2994189126128501,0.573617357820088,0.634278191578427,LVG2
178.24000000000999,0.36865234375,-0.7490234375,0.6025390625,-1.40052030221008,0.660883820419804,0.562975106283537,LVG2
178.26100000001,0.29833984375,-0.732421875,0.56982421875,-1.2472718800837501,0.620443264580911,0.45868104122533904,LVG2
178.28100000000998,0.294921875,-0.63037109375,0.58251953125,-1.0514544518112199,0.5235987755982989,0.243707560187013,LVG2
178.30100000001,0.35791015625,-0.931640625,0.5546875,-1.3185749653786398,0.478901319144786,0.29904726817707694,LVG2
178.32100000001,0.3486328125,-1.06396484375,0.44384765625,-1.2089597745521699,0.489543570681336,0.28201966571859605,LVG2
178.34500000001,0.33203125,-1.0673828125,0.31396484375,-1.11850063649149,0.5651035565908471,0.18091827612136302,LVG2
178.36600000001,0.32177734375,-1.20751953125,0.15185546875,-0.9897293928992241,0.521470325290989,0.307561069406318,LVG2
178.38600000001,0.2978515625,-1.1279296875,0.12939453125,-0.580002708742018,0.41079090931086,0.419304710540101,LVG2
178.40600000000998,0.29443359375,-0.9501953125,0.1796875,-0.259670937491839,0.33735937370866,0.48209399460575103,LVG2
178.42600000001,0.2724609375,-1.0244140625,0.2626953125,-0.42569006146203203,0.309689519713628,0.657691144958839,LVG2
178.44600000001,0.2255859375,-1.125,0.19970703125,-0.376735704393898,0.34055204916962495,0.8162606928534458,LVG2
178.46600000000998,0.1083984375,-1.11181640625,0.25537109375,0.124514342977644,0.354386976167141,0.9343896849091591,LVG2
178.48600000001,0.15234375,-1.0478515625,0.42333984375,0.40653400869623996,0.118128992055714,0.8886280033019909,LVG2
178.50600000001,0.13916015625,-1.0732421875,0.36572265625,0.6183148142736011,0.045761681607168,0.88011420207275,LVG2
178.52600000001,-0.02978515625,-1.41943359375,0.4560546875,1.00675699535771,0.09684448898261201,1.0514544518112199,LVG2
178.54600000001,-0.021484375,-0.83154296875,0.45361328125,1.5505760488754499,-0.126642793284954,0.955674187982261,LVG2
178.56700000000998,0.060546875,-0.76953125,0.47021484375,1.194060622401,-0.254349811723564,0.928004333987229,LVG2
178.58700000001,0.17333984375,-0.82568359375,0.43798828125,0.7066455020269731,-0.310753744867283,0.8354167456192372,LVG2
178.60700000001,0.19970703125,-0.86767578125,0.42041015625,0.44058921361320297,-0.245836010494323,0.73537958117566,LVG2
178.62600000000998,0.13134765625,-0.80859375,0.4658203125,0.334166698247695,-0.10961519082647302,0.7055812768733171,LVG2
178.65100000001,0.15087890625,-0.6943359375,0.46630859375,-0.076624211063166,-0.013834926997516001,0.602351436968775,LVG2
178.67200000001,0.13427734375,-0.83984375,0.48974609375,-0.755599859095106,0.145798846050746,0.6055441124297399,LVG2
178.69200000000998,0.12353515625,-0.9150390625,0.5361328125,-0.8928849039166109,0.31288219517459304,0.657691144958839,LVG2
178.71200000001,0.16162109375,-0.984375,0.505859375,-0.870536175689855,0.42675428661568704,0.6310855161174621,LVG2
178.73200000001,0.265625,-1.1142578125,0.35693359375,-0.553397079900641,0.46719484245458,0.558718205668917,LVG2
178.75200000000999,0.24462890625,-1.19384765625,0.166015625,0.42569006146203203,0.405469783542585,0.48422244491306105,LVG2
178.77300000001,0.16357421875,-0.95703125,0.263671875,1.41329100405395,0.065981959526615,0.428882736922997,LVG2
178.79300000000998,0.18212890625,-1.0068359375,0.3681640625,1.6931822194652302,-0.38312105531582796,0.522534550444644,LVG2
178.81300000001,0.2890625,-1.0888671875,0.32568359375,2.38492856934103,-0.714095078102558,0.6534342443442189,LVG2
178.83700000001,0.28369140625,-0.34716796875,0.34814453125,3.1288219517459304,-0.799233090394964,0.8460589971557879,LVG2
178.85700000001,-0.0009765625,-0.4296875,0.3388671875,1.6101726574801298,-0.649177343729598,1.09295923280377,LVG2
178.87800000001,-0.18017578125,-0.70458984375,0.3359375,0.9684448898261221,-0.616186363966291,1.132335563489,LVG2
178.89800000001,-0.2197265625,-0.6220703125,0.33349609375,1.29409778684458,-0.621507489734566,0.913105181836058,LVG2
178.91800000000998,-0.1953125,-0.5751953125,0.22314453125,0.7662421106316569,-0.5853238345102929,0.767306335785312,LVG2
178.93800000001,-0.16796875,-0.73974609375,0.0859375,-0.08513801229240599,-0.67471874741732,0.7258015547927641,LVG2
178.95800000001,-0.142578125,-0.77978515625,0.1044921875,-0.409726684157205,-0.857765473845994,0.6183148142736011,LVG2
178.97800000000998,-0.00537109375,-0.81689453125,0.21923828125,-0.519341874983679,-1.04506910088929,0.535305252288505,LVG2
178.99800000001,0.08935546875,-0.9736328125,0.27685546875,-0.630021290963807,-1.2632352573885801,0.638535092193047,LVG2
179.01800000001,0.11181640625,-1.08642578125,0.37451171875,-0.29479036756245697,-1.4931078905780801,0.800297315548619,LVG2
179.03800000001,0.1083984375,-1.08740234375,0.51708984375,0.285212341179561,-1.62081490901669,0.9524815125212959,LVG2
179.05800000001,0.12939453125,-0.94970703125,0.45263671875,0.5863880596639489,-1.7719348808357098,0.9950505186674989,LVG2
179.07800000001,0.3037109375,-0.7548828125,0.556640625,0.441653438766858,-1.8826142968158301,0.9588668634432259,LVG2
179.09900000001,0.4375,-0.876953125,0.7138671875,0.5661677817445021,-1.76235685445281,0.8747930763044749,LVG2
179.11900000001,0.39111328125,-0.88525390625,0.80517578125,1.3962634015954598,-1.5080070427292498,0.753471408787796,LVG2
179.13900000001,0.302734375,-0.80224609375,0.796875,2.4721950319407497,-1.3270887666078799,0.647048893422288,LVG2
179.15900000001,0.306640625,-0.56982421875,0.888671875,3.1394642032824804,-1.1780972450961698,0.567232006898157,LVG2
179.17900000001,0.3251953125,-0.15185546875,1.09228515625,2.40302039695317,-0.9343896849091591,0.39802020746699995,LVG2
179.20000000001,0.24267578125,-0.2197265625,1.125,1.0216561475088801,-0.634278191578427,0.223487282267567,LVG2
179.22400000001,0.1171875,-0.4208984375,1.0244140625,-0.018091827612136003,-0.4235616111547221,-0.023412953380412004,LVG2
179.24400000001,0.0595703125,-0.5712890625,0.91455078125,-0.479965544298441,-0.384185280469484,-0.230936858343152,LVG2
179.26400000001098,0.01318359375,-0.4921875,0.91845703125,-0.49805737191057703,-0.401212882927965,-0.26605628841377,LVG2
179.28500000001,-0.05517578125,-0.6025390625,0.73583984375,-0.685360998953871,-0.4427176639205129,-0.28308389087225105,LVG2
179.30500000000998,-0.0546875,-0.61376953125,0.66064453125,-0.355451201320796,-0.5874522848176039,-0.326717122172109,LVG2
179.325000000011,0.037109375,-0.56982421875,0.8525390625,-0.244771785340668,-0.80668266647055,-0.46719484245458,LVG2
179.345000000011,0.18310546875,-0.58642578125,1.12451171875,-0.326717122172109,-0.8343525204655821,-0.5565897553616059,LVG2
179.369000000011,0.115234375,-0.55029296875,1.07763671875,-0.20007432888715498,-0.47783709399113106,-0.46506639214726997,LVG2
179.39000000001099,0.02197265625,-0.474609375,0.87255859375,-0.18730362704329398,-0.474644418530165,-0.41824048538644604,LVG2
179.410000000011,0.0859375,-0.49169921875,0.685546875,-0.10535829021185301,-0.689617899568491,-0.401212882927965,LVG2
179.43000000001098,0.2080078125,-0.43701171875,0.67919921875,0.019156052765792,-0.833288295311927,-0.33523092340134997,LVG2
179.450000000011,0.1962890625,-0.5107421875,0.7626953125,0.18198250127501897,-0.8205175934680659,-0.28734079148687103,LVG2
179.474000000011,0.3662109375,-0.40478515625,1.09619140625,0.246900235647978,-0.74176493209759,-0.27244163933570004,LVG2
179.49500000001098,0.45361328125,-0.72119140625,1.1298828125,-0.326717122172109,-0.53211257682754,-0.243707560187013,LVG2
179.51500000001099,0.45263671875,-0.89501953125,1.02978515625,-0.698131700797732,-0.365029227703692,-0.13196391905323,LVG2
179.535000000011,0.505859375,-0.90673828125,0.8193359375,-0.623635940041876,-0.27669853995032107,0.072367310448545,LVG2
179.55500000001098,0.5869140625,-0.70556640625,0.76220703125,0.08513801229240599,-0.290533466947837,0.249028685955288,LVG2
179.575000000011,0.51708984375,-0.521484375,0.74462890625,0.297983043023422,-0.19794587857984502,0.275634314796665,LVG2
179.595000000011,0.47119140625,-0.54296875,0.77392578125,0.052147032529099004,-0.20326700434811998,0.236257984111428,LVG2
179.61500000001098,0.43505859375,-0.59619140625,0.75634765625,0.017027602458481002,-0.321395996403834,0.174532925199433,LVG2
179.635000000011,0.33447265625,-0.71630859375,0.53564453125,-0.128771243592265,-0.47783709399113106,0.12557856813129903,LVG2
179.655000000011,0.1826171875,-0.69970703125,0.36767578125,-0.11174364113378302,-0.622571714888221,0.11387209144109299,LVG2
179.67500000001098,0.0380859375,-0.8857421875,0.33837890625,0.171340249738468,-0.822646043775376,0.127707018438609,LVG2
179.696000000011,-0.06005859375,-0.77880859375,0.55517578125,0.689617899568491,-0.953545737674951,0.08726646259971699,LVG2
179.71600000001098,-0.07470703125,-0.71630859375,0.7802734375,0.9546099628286059,-0.9248116585262629,-0.022348728226757004,LVG2
179.736000000011,-0.0654296875,-0.56591796875,0.81689453125,1.3505017199882998,-0.767306335785312,-0.21178080557736104,LVG2
179.756000000011,-0.015625,-0.115234375,0.93310546875,1.4409608580489799,-0.47570864368382,-0.46506639214726997,LVG2
179.77500000001098,0.0703125,-0.0546875,0.9931640625,0.774755911860898,-0.27137741418204503,-0.763049435170692,LVG2
179.796000000011,0.49755859375,-0.40966796875,1.2255859375,0.10322983990454301,-0.18517517673598397,-1.132335563489,LVG2
179.81600000001097,0.81787109375,-0.7021484375,1.2578125,-0.7343153560220049,0.044697456453513,-1.17384034448155,LVG2
179.83600000001098,0.83056640625,-0.78955078125,0.91845703125,-1.79428360906246,0.428882736922997,-0.7545356339414508,LVG2
179.856000000011,0.83154296875,-1.08447265625,0.31689453125,-2.57223219638433,0.539562152903125,-0.06491773437296,LVG2
179.87600000001098,0.94921875,-1.13232421875,0.16552734375,-0.988665167745568,0.30436839394535303,0.656626919805184,LVG2
179.89600000001099,0.8720703125,-0.48681640625,0.560546875,1.7974762845234298,-0.22455150742122199,1.1844825960181,LVG2
179.91700000001097,0.71044921875,-0.31689453125,0.82080078125,1.69743912007985,-0.669397621649045,1.4516031095855302,LVG2
179.93700000001098,0.64111328125,-0.43359375,0.81005859375,0.595966086046844,-0.9173620824506781,1.3622081966784998,LVG2
179.957000000011,0.62060546875,-0.64453125,0.76220703125,0.43633231299858205,-0.889692228455646,1.10892261010859,LVG2
179.976000000011,0.38623046875,-0.92578125,0.8935546875,1.10572993464763,-0.666204946188079,0.9897293928992241,LVG2
179.99700000001098,0.1435546875,-1.19091796875,1.10693359375,1.1727761193279,-0.5693604572054671,1.1238217622597602,LVG2
180.017000000011,-0.00341796875,-0.9365234375,0.8359375,1.15681274202307,-0.43846076330589295,0.821581818621721,LVG2
180.03700000001098,-0.4541015625,-0.1015625,0.35009765625,1.5825028034850999,-0.234129533804117,0.547011728978711,LVG2
180.057000000011,-0.38037109375,-0.18115234375,0.29150390625,1.31112538930306,-0.5097638486007829,0.045761681607168,LVG2
180.077000000011,0.20654296875,-0.6787109375,0.5751953125,1.63571406116786,-0.9833440419772929,-0.22135883196025602,LVG2
180.09700000001098,0.373046875,-0.43994140625,0.73974609375,2.1369641085394,-1.19938174816927,0.055339707990064005,LVG2
180.118000000011,0.13037109375,0.29833984375,0.75244140625,1.5133281684975202,-1.15681274202307,0.06385350921930501,LVG2
180.13800000001098,0.41796875,-0.07421875,0.8388671875,0.395891757159689,-1.28451976046168,-0.275634314796665,LVG2
180.16200000001098,0.90283203125,-0.1953125,1.27392578125,0.555525530207951,-1.28984088622996,-0.5661677817445021,LVG2
180.182000000011,1.1171875,-0.32421875,1.478515625,0.5831953842029829,-0.8779857517654399,-0.650241568883253,LVG2
180.202000000011,0.87646484375,-0.5986328125,0.60888671875,-0.025541403687721998,-0.46080949153264894,-0.5108280737544381,LVG2
180.22300000001098,0.84326171875,-0.55322265625,0.30908203125,0.36077232708907203,-0.7524071836341409,0.08939491290702699,LVG2
180.243000000011,0.74755859375,-0.55859375,0.80615234375,0.8311598450046171,-0.87160040084351,0.518277649830024,LVG2
180.26300000001098,0.232421875,-0.86962890625,0.60205078125,0.286276566333216,-0.529984126520229,0.635342416732082,LVG2
180.28700000001098,-0.50830078125,-0.2978515625,0.53759765625,0.872664625997165,-0.7279300051000741,-0.49592892160326707,LVG2
180.308000000011,0.400390625,0.63818359375,1.93017578125,1.3781715739833302,-1.06209670334777,-1.43457550712705,LVG2
180.32800000001097,0.8505859375,0.61279296875,1.6484375,0.521470325290989,-0.220294606806601,-1.70382447100178,LVG2
180.34800000001098,0.99072265625,0.71044921875,1.31396484375,-0.87160040084351,0.67471874741732,-1.99542216310327,LVG2
180.368000000011,1.109375,0.77294921875,1.09423828125,-2.96280282777574,1.41329100405395,-2.5775533221526,LVG2
180.38800000001098,1.4765625,-0.568359375,0.65673828125,-3.1660698321238603,1.7389439010724,-2.79146257803727,LVG2
180.408000000011,1.19873046875,-1.34130859375,-0.1142578125,-1.9145410514254901,1.65487011393365,-1.9741376600301699,LVG2
180.428000000011,0.83349609375,-1.4306640625,-0.18212890625,-0.5853238345102929,1.26004258192761,-1.10998683526225,LVG2
180.44800000001098,0.8193359375,-1.0390625,0.20361328125,-0.034055204916963,0.872664625997165,-0.522534550444644,LVG2
180.468000000011,0.8466796875,-0.7431640625,0.5419921875,-0.28308389087225105,0.799233090394964,-0.078752661370476,LVG2
180.488000000011,0.68212890625,-0.4794921875,0.6533203125,-0.923747433372609,0.7779485873218629,0.20858813011639601,LVG2
180.50800000001098,0.47119140625,-0.38134765625,0.7138671875,-1.2206662512423798,0.7502787333268308,0.251157136262599,LVG2
180.528000000011,0.333984375,-0.11474609375,0.814453125,-1.35369439544926,0.796040414933999,0.17666137550674302,LVG2
180.553000000011,0.3857421875,-0.30126953125,0.97021484375,-1.9709449845692097,0.8556370235386841,0.09045913806068198,LVG2
180.57300000001098,0.4580078125,-0.4599609375,1.09228515625,-2.1614412870734703,0.893949129070266,0.030862529455997004,LVG2
180.593000000011,0.56591796875,-0.3564453125,1.140625,-2.1667624128417398,1.02697727327715,0.030862529455997004,LVG2
180.613000000011,0.49072265625,-0.47509765625,0.8603515625,-2.0284131428665804,1.1727761193279,0.20220277919446497,LVG2
180.63400000001099,0.40087890625,-0.87841796875,0.5576171875,-1.67615461700675,0.841802096541167,0.48422244491306105,LVG2
180.658000000011,0.42529296875,-0.9423828125,0.556640625,-1.27281328377147,0.305432619099008,0.685360998953871,LVG2
180.678000000011,0.45849609375,-0.56298828125,0.611328125,-1.17064766902059,0.36928612831831203,0.658755370112494,LVG2
180.69800000001098,0.46337890625,-0.74658203125,0.83056640625,-1.15681274202307,0.526791451059264,0.650241568883253,LVG2
180.719000000011,0.40478515625,-0.8095703125,1.03759765625,-0.7768843621682081,0.87372885115082,0.358643876781762,LVG2
180.73900000001098,0.1494140625,-0.603515625,1.03271484375,-0.415047809925481,0.9524815125212959,0.174532925199433,LVG2
180.75900000001099,-0.013671875,-0.40478515625,0.88720703125,-0.511892298908093,1.1238217622597602,-0.007449576075585999,LVG2
180.779000000011,0.060546875,-0.4599609375,1.1015625,-1.1514916162548001,1.5846312537924099,-0.273505864489355,LVG2
180.79900000001098,0.02783203125,-0.5380859375,1.1025390625,-1.2568499064666498,1.8379168403623198,-0.485286670066716,LVG2
180.819000000011,-0.05859375,-0.40673828125,0.908203125,-1.2110882248594799,2.13483565823209,-0.8907564536093009,LVG2
180.839000000011,-0.0908203125,-0.49853515625,0.41748046875,-0.8992702548385421,2.12525763184919,-0.971637565287087,LVG2
180.85900000001098,-0.03369140625,-0.81201171875,0.1328125,0.227744182882187,1.7900267084478403,-1.0312341738917699,LVG2
180.879000000011,0.076171875,-0.96533203125,-0.2216796875,0.969509114979777,1.45798846050746,-1.02272037266253,LVG2
180.899000000011,0.2373046875,-0.71044921875,-0.04345703125,1.91773372688645,0.622571714888221,-0.937582360370125,LVG2
180.920000000011,0.3291015625,-0.37939453125,0.13916015625,1.54951182372179,-0.141541945436126,-0.908848281221438,LVG2
180.940000000011,0.3388671875,-0.52734375,0.1552734375,1.01207812112598,-0.857765473845994,-1.08231698126722,LVG2
180.96000000001098,0.365234375,-0.822265625,0.22705078125,1.3473090445273301,-1.1227575371061103,-1.1344640137963102,LVG2
180.980000000011,0.6142578125,-0.9580078125,0.67529296875,1.97839456064479,-1.86239401889639,-1.0099496708186702,LVG2
181.000000000011,0.8671875,-1.126953125,0.7822265625,1.83578839005501,-2.56478262030874,-0.66833339649539,LVG2
181.01900000001098,1.0048828125,-1.21728515625,0.66357421875,2.2316801472147003,-2.79678370380555,-0.389506406237759,LVG2
181.040000000011,1.13671875,-0.98291015625,0.64990234375,3.5066218812934906,-2.5967093749183903,-0.04682590676082401,LVG2
181.06000000001097,1.11328125,-0.5048828125,0.52001953125,4.15579922502308,-2.08907397662492,0.617250589119946,LVG2
181.08000000001098,0.89501953125,-0.07763671875,0.45849609375,3.58643876781762,-1.62720025993862,1.26217103223492,LVG2
181.100000000011,0.68310546875,0.02685546875,0.5439453125,2.72760906881797,-1.44947465927822,1.4686307120440099,LVG2
181.12000000001098,0.55078125,0.05126953125,0.7138671875,1.6995675703871598,-1.39945607705643,1.43883240774167,LVG2
181.141000000011,0.6181640625,-0.30029296875,0.77099609375,0.93864658552378,-1.30367581322747,1.3356025678371202,LVG2
181.160000000011,0.76513671875,-0.306640625,1.12744140625,0.949288837060331,-0.941839260984745,1.0099496708186702,LVG2
181.18500000001097,0.66162109375,-0.1728515625,1.07958984375,0.709838177487938,-0.18411095158232899,0.6736545222636651,LVG2
181.20500000001098,0.6923828125,-0.4130859375,0.92529296875,0.08513801229240599,-0.119193217209369,0.9248116585262629,LVG2
181.225000000011,0.56982421875,-0.8330078125,0.685546875,0.029798304302342003,-0.15111997181902098,1.08657388188184,LVG2
181.24600000001098,0.53515625,-0.57763671875,1.0380859375,0.9024629302995071,-0.07023886014123501,0.88011420207275,LVG2
181.266000000011,0.5234375,0.0146484375,1.4775390625,0.9641879892115021,0.30117571848438696,0.647048893422288,LVG2
181.290000000011,0.25390625,0.38623046875,1.2041015625,-0.05959660860468499,0.650241568883253,0.6055441124297399,LVG2
181.31000000001097,0.0810546875,0.16943359375,0.8037109375,-1.0855096567281801,0.654498469497874,0.516149199522713,LVG2
181.331000000011,0.287109375,0.1044921875,0.90087890625,-0.692810575029456,0.415047809925481,0.171340249738468,LVG2
181.351000000011,0.48583984375,-0.07080078125,0.9658203125,-0.292661917255147,0.20965235527005102,-0.117064766902059,LVG2
181.37100000001098,0.64990234375,-0.271484375,0.9140625,-0.15111997181902098,0.038312105531583,-0.147927296358056,LVG2
181.39500000001098,0.7666015625,0.005859375,0.93896484375,-0.119193217209369,-0.007449576075585999,0.06811040983392501,LVG2
181.415000000011,0.70751953125,0.3076171875,0.81396484375,-1.08657388188184,0.137285044821505,0.051082807375443996,LVG2
181.43600000001098,0.77197265625,-0.33935546875,0.919921875,-1.3441163690663702,0.354386976167141,-0.021284503073102003,LVG2
181.457000000011,0.5595703125,-0.42724609375,0.7314453125,-1.20363864878389,0.521470325290989,-0.019156052765792,LVG2
181.481000000011,0.423828125,-0.53125,0.60009765625,-1.2227947015496898,0.41824048538644604,0.04789013191447901,LVG2
181.50100000001098,0.3759765625,-0.556640625,0.6416015625,-1.12807866287438,0.351194300706176,0.055339707990064005,LVG2
181.52100000001099,0.33935546875,-0.54248046875,0.73486328125,-0.850315897770408,0.349065850398866,0.024477178534067005,LVG2
181.54200000001097,0.33251953125,-0.7998046875,0.666015625,-0.8684077253825441,0.277762765103976,0.06917463498758,LVG2
181.56200000001098,0.34619140625,-1.0517578125,0.5908203125,-0.756664084248761,0.09152336321433699,0.19901010373349998,LVG2
181.582000000011,0.45361328125,-0.83935546875,0.6416015625,0.039376330685238,-0.09578026382895699,0.348001625245211,LVG2
181.601000000011,0.44287109375,-0.4638671875,0.6572265625,0.557653980515261,-0.06278928406565,0.399084432620655,LVG2
181.62600000001098,0.2705078125,0.35107421875,0.35693359375,0.334166698247695,-0.04682590676082401,-0.001064225153655,LVG2
181.647000000011,0.06201171875,-0.6650390625,0.9150390625,-0.226679957728532,-0.8492516726167529,-0.7800770376291729,LVG2
181.66700000001097,1.57177734375,-0.75732421875,1.17236328125,0.09258758836799198,-0.18411095158232899,-0.20113855404081,LVG2
181.68700000001098,1.2041015625,-0.64111328125,1.1376953125,-0.7343153560220049,1.56334675071931,1.8336599397477,LVG2
181.707000000011,-0.37451171875,-0.7294921875,0.49951171875,0.14686307120440098,0.27989121541128603,0.891820678762956,LVG2
181.72700000001097,0.5595703125,-0.181640625,0.60546875,0.382056830162173,0.10961519082647302,0.634278191578427,LVG2
181.74700000001098,0.3740234375,-0.19970703125,0.7744140625,0.04895435706813401,0.284148116025906,0.456552590918029,LVG2
181.767000000011,0.25439453125,-0.61376953125,0.65673828125,0.076624211063166,0.13409236936053998,0.19049630250425897,LVG2
181.78700000001098,0.3486328125,-0.83544921875,0.71240234375,0.46932329276189,-0.09045913806068198,0.18730362704329398,LVG2
181.807000000011,0.42041015625,-0.6279296875,0.927734375,0.619379039427256,-0.051082807375443996,0.29372614240880196,LVG2
181.827000000011,0.36328125,-0.63037109375,0.76611328125,0.628957065810152,-0.052147032529099004,0.376735704393898,LVG2
181.84700000001098,0.3388671875,-0.5654296875,0.69775390625,0.9248116585262629,-0.21390925588467102,0.431011187230307,LVG2
181.868000000011,0.333984375,-0.12255859375,0.85791015625,0.7162235284098679,-0.295854592716112,0.311817970020938,LVG2
181.892000000011,0.541015625,-0.66259765625,0.98681640625,0.7343153560220049,-0.18411095158232899,0.297983043023422,LVG2
181.91200000001098,0.466796875,-0.431640625,0.8974609375,0.6704618468026999,-0.054275482836409004,0.461873716686304,LVG2
181.932000000011,0.39892578125,-0.45654296875,0.68896484375,0.28095544056494104,-0.06704618468026999,0.543819053517745,LVG2
181.95300000001097,0.3876953125,-0.5302734375,0.7568359375,0.4969931467569221,-0.145798846050746,0.5097638486007829,LVG2
181.97300000001098,0.36279296875,-0.45068359375,0.8310546875,0.999307419282119,-0.174532925199433,0.446974564535133,LVG2
181.993000000011,0.435546875,-0.5185546875,0.93896484375,1.12701443772073,-0.256478262030874,0.621507489734566,LVG2
182.017000000011,0.37255859375,-0.5947265625,0.94775390625,1.0354910745063899,-0.245836010494323,0.803489991009585,LVG2
182.03700000001098,0.2978515625,-0.3447265625,0.90673828125,0.9354539100628141,-0.18623940188963897,0.726865779946419,LVG2
182.058000000011,0.22607421875,-0.25634765625,0.7822265625,0.887563778148336,-0.192624752811569,0.568296232051812,LVG2
182.07800000001097,0.32080078125,-0.49169921875,0.88134765625,0.8205175934680659,-0.354386976167141,0.53211257682754,LVG2
182.09800000001098,0.470703125,-0.84716796875,1.1884765625,0.9939862935138442,-0.41717626023279103,0.7715632363999321,LVG2
182.118000000011,0.2666015625,-1.01171875,1.20947265625,1.56760365133393,-0.237322209265083,1.3473090445273301,LVG2
182.13800000001098,0.1953125,-0.3125,1.0751953125,2.0731105993200902,-0.14473462089709102,1.8315314894403898,LVG2
182.158000000011,0.18359375,-0.1767578125,0.87158203125,1.42712593105146,0.118128992055714,1.8815500716621798,LVG2
182.178000000011,0.30517578125,-0.30322265625,0.9931640625,0.893949129070266,0.376735704393898,1.62932871024593,LVG2
182.20300000001097,0.5322265625,0.11572265625,0.4365234375,0.16708334912384698,1.1887394966327198,0.67471874741732,LVG2
182.22300000001098,-0.2119140625,0.29443359375,0.267578125,-0.018091827612136003,1.2462076549301002,-0.065981959526615,LVG2
182.243000000011,-0.07373046875,0.66357421875,0.6376953125,-0.21390925588467102,-0.058532383451029006,-0.17240447489212302,LVG2
182.26400000001098,0.30322265625,0.4853515625,0.794921875,-1.35263017029561,-0.239450659572393,-0.7492145081731759,LVG2
182.284000000011,0.61572265625,0.8984375,1.20849609375,-1.14297781502556,-0.6991959259513871,-1.1014730340330101,LVG2
182.30400000001097,0.5009765625,-0.17578125,1.13916015625,-3.1394642032824804,0.13409236936053998,-2.18166156499291,LVG2
182.32400000001098,0.87890625,0.96484375,1.658203125,-4.91672020988647,1.06635360396239,-2.88937129217354,LVG2
182.344000000011,0.966796875,-2.16552734375,0.08154296875,-8.57871896361359,2.40621307241413,-3.5161999076763797,LVG2
182.36400000001098,0.4013671875,-1.89306640625,-0.10888671875,-3.32889628063309,1.08763810703549,-1.14404204017921,LVG2
182.38400000001099,0.63671875,-1.458984375,0.20166015625,-0.53424102713485,-0.178789825814053,-0.638535092193047,LVG2
182.404000000011,0.58642578125,-1.22412109375,0.33349609375,0.37460725408658796,-0.7321869057146941,-0.317139095789214,LVG2
182.42400000001098,0.99462890625,-0.94384765625,0.5,1.05677557757949,-0.937582360370125,-0.244771785340668,LVG2
182.444000000011,0.54931640625,-0.515625,0.6572265625,1.1014730340330101,0.6044798872760849,0.28946924179418104,LVG2
182.46500000001097,-0.0625,-0.2705078125,0.87744140625,0.858829698999649,0.36928612831831203,0.27137741418204503,LVG2
182.48500000001098,0.40869140625,-0.35986328125,0.9541015625,0.66833339649539,-0.41398358477182595,-0.160697998201917,LVG2
182.504000000011,0.14501953125,-0.46337890625,0.74609375,0.449103014842443,-0.005321125768275,-0.33097402278673,LVG2
182.524000000011,0.0654296875,-0.6259765625,0.58056640625,0.33735937370866,-0.10748674051916302,-0.6885536744148361,LVG2
182.545000000011,0.2119140625,-0.66455078125,0.83984375,0.7077097271806279,-0.451231465149754,-0.809875341931515,LVG2
182.565000000011,0.47900390625,-0.43310546875,1.1640625,0.8790499769190949,-0.656626919805184,-0.568296232051812,LVG2
182.58500000001098,0.56591796875,-0.3095703125,1.14501953125,0.3597081019354171,-0.4714517430692,-0.252221361416254,LVG2
182.605000000011,0.52734375,-0.20166015625,0.94970703125,-0.22135883196025602,-0.13409236936053998,-0.28308389087225105,LVG2
182.625000000011,0.5751953125,-0.19873046875,0.61376953125,-0.7502787333268308,0.150055746665366,-0.456552590918029,LVG2
182.64500000001098,0.61376953125,-0.28662109375,0.5166015625,-1.10466570949397,0.21816615649929103,-0.9439677112920551,LVG2
182.665000000011,0.828125,-0.37841796875,1.05517578125,-1.5367411218779299,0.35332275101348604,-1.11850063649149,LVG2
182.68500000001097,0.49755859375,-0.5537109375,0.80126953125,-2.11993650608092,0.973766015594397,-0.692810575029456,LVG2
182.70500000001098,0.330078125,-0.6796875,0.76904296875,-1.63039293539958,0.742829157251245,-0.698131700797732,LVG2
182.725000000011,0.5478515625,-0.494140625,0.6611328125,-0.9918578432065341,0.883306877533716,-0.759856759709726,LVG2
182.74500000001098,-0.1142578125,-1.14306640625,0.482421875,-0.643856217961323,1.0312341738917699,-0.910976731528748,LVG2
182.766000000011,1.12060546875,-0.41845703125,0.72265625,3.12988617689959,2.62331500375977,-3.77054971939994,LVG2
182.78600000001097,0.8837890625,0.20703125,1.10791015625,1.8166323372892201,1.7719348808357098,-0.73537958117566,LVG2
182.80600000001098,0.9970703125,0.74755859375,1.7958984375,-3.6949897334904303,-1.3132538396103701,2.6605628841377,LVG2
182.826000000011,-0.23974609375,-1.46533203125,0.744140625,-4.11535866918419,-0.46506639214726997,2.46474545586516,LVG2
182.84600000001097,0.51708984375,-0.2294921875,0.93798828125,-1.03974797512101,0.7162235284098679,0.444846114227823,LVG2
182.866000000012,0.0087890625,-0.71826171875,0.552734375,-0.6310855161174621,0.31501064548190305,0.36077232708907203,LVG2
182.88600000001202,0.27197265625,-0.74169921875,0.5087890625,0.459745266378994,0.528919901366574,-0.412919359618171,LVG2
182.90600000001203,0.3271484375,-0.451171875,0.5859375,0.40014865777430997,0.6278928406564971,-0.36396500255003705,LVG2
182.926000000012,0.791015625,-0.5263671875,0.57373046875,-0.19156052765791398,0.821581818621721,0.46506639214726997,LVG2
182.94600000001202,-0.13232421875,-0.73046875,0.4052734375,-0.319267546096524,1.02484882296984,0.529984126520229,LVG2
182.966000000012,0.1884765625,-0.92822265625,0.32470703125,0.04789013191447901,0.061725058911995,-0.354386976167141,LVG2
182.98700000001202,0.39501953125,-0.84228515625,0.4228515625,-0.267120513567425,0.421433160847411,-0.11067941598012801,LVG2
183.00700000001203,0.2177734375,-0.95166015625,0.40771484375,0.037247880377928,0.358643876781762,0.11174364113378302,LVG2
183.027000000012,0.2626953125,-0.83056640625,0.51416015625,0.449103014842443,-0.035119430070618,0.08300956198509599,LVG2
183.04700000001202,0.306640625,-0.91748046875,0.6005859375,1.01739924689426,-0.230936858343152,0.09152336321433699,LVG2
183.06700000001203,0.32666015625,-0.7373046875,0.8046875,1.29196933653727,-0.253285586569909,0.18198250127501897,LVG2
183.087000000012,0.2275390625,-0.5966796875,0.9150390625,1.224923151857,-0.245836010494323,0.10216561475088799,LVG2
183.10700000001202,0.224609375,-0.6328125,0.81201171875,1.2696206083105102,-0.332038247940385,-0.057468158297374,LVG2
183.127000000012,0.3544921875,-0.63916015625,0.6962890625,1.6559343390873,-0.227744182882187,0.011706476690206002,LVG2
183.147000000012,0.3466796875,-0.55712890625,0.81982421875,1.7006317955408201,0.055339707990064005,0.19049630250425897,LVG2
183.16700000001202,0.27734375,-0.6494140625,0.73046875,1.6176222335557198,0.20752390496273998,0.33097402278673,LVG2
183.188000000012,0.2265625,-0.67431640625,0.56689453125,2.0443765201714097,0.06385350921930501,0.571488907512777,LVG2
183.20800000001202,0.2900390625,-0.4921875,0.7802734375,1.9219906275010703,-0.120257442363024,0.8641508247679242,LVG2
183.228000000012,-0.51025390625,-1.4619140625,0.60107421875,2.45942433009689,-1.32283186599326,1.02272037266253,LVG2
183.248000000012,0.5390625,-0.24853515625,0.203125,4.98589484487404,-3.31718980394288,1.27174905861782,LVG2
183.272000000012,0.51123046875,-0.34619140625,0.95556640625,1.9241190778083799,-0.696003250490422,0.526791451059264,LVG2
183.29300000001203,0.7041015625,-0.443359375,0.94384765625,0.7619852100170369,-0.796040414933999,0.8747930763044749,LVG2
183.313000000012,0.65234375,-0.17236328125,1.046875,0.8247744940826859,-0.636406641885737,0.9524815125212959,LVG2
183.33300000001202,0.48193359375,0.2841796875,1.21142578125,0.825838719236341,-0.36609345285734707,0.8854353278410259,LVG2
183.353000000012,0.34765625,0.427734375,1.2412109375,0.323524446711144,-0.127707018438609,0.623635940041876,LVG2
183.373000000012,0.265625,0.462890625,1.31591796875,-0.295854592716112,0.160697998201917,0.143670395743436,LVG2
183.39300000001202,0.28955078125,0.35400390625,1.29736328125,-1.11530796103052,0.277762765103976,-0.411855134464516,LVG2
183.413000000012,0.412109375,-0.04052734375,1.17822265625,-2.17208353861002,0.320331771250179,-0.770499011246277,LVG2
183.43300000001202,0.4755859375,-0.26806640625,0.9296875,-2.5562688190795,0.449103014842443,-0.8247744940826859,LVG2
183.45300000001203,0.4345703125,-0.31494140625,0.8759765625,-2.2763776036682097,0.733251130868349,-0.809875341931515,LVG2
183.473000000012,0.60546875,-0.353515625,1.28515625,-2.4402682773311,0.759856759709726,-0.770499011246277,LVG2
183.49300000001202,0.49267578125,-0.59326171875,1.22802734375,-3.28632727448688,1.34518059422002,-0.328845572479419,LVG2
183.51300000001203,0.40283203125,-0.79443359375,0.71630859375,-3.3948782401597,1.69424644461889,-0.27244163933570004,LVG2
183.533000000012,0.36376953125,-0.89453125,0.392578125,-1.9485962563424502,1.4196763549758797,-0.37035035347196704,LVG2
183.55300000001202,0.3583984375,-0.61083984375,0.68701171875,-0.7545356339414508,1.1344640137963102,-0.313946420328248,LVG2
183.57300000001203,0.28955078125,-0.51220703125,0.9365234375,-0.9120409566824029,0.9173620824506781,-0.240514884726048,LVG2
183.59400000001202,0.2080078125,-0.5185546875,0.91748046875,-1.52290619488042,0.770499011246277,-0.26605628841377,LVG2
183.61400000001203,0.322265625,-0.5263671875,0.89111328125,-2.09333087723954,0.516149199522713,0.038312105531583,LVG2
183.634000000012,0.26220703125,-0.7841796875,0.80126953125,-1.9305044287303101,0.6247001651955311,0.264992063260115,LVG2
183.65400000001202,0.34033203125,-0.55615234375,0.71923828125,-1.2355654033935501,0.946096161599365,-0.31288219517459304,LVG2
183.67800000001202,0.38671875,-0.8134765625,0.56689453125,-1.08763810703549,1.08231698126722,-0.254349811723564,LVG2
183.699000000012,0.31982421875,-0.86083984375,0.7470703125,-0.393763306852379,1.2238589267033402,-0.14473462089709102,LVG2
183.71900000001202,0.3671875,-0.7373046875,0.84619140625,-0.317139095789214,1.2462076549301002,-0.053211257682754004,LVG2
183.73900000001203,0.18115234375,-0.8515625,0.71923828125,-0.8513801229240631,1.35475862060292,0.26286361295280397,LVG2
183.759000000012,0.21728515625,-0.85498046875,0.69482421875,-0.742829157251245,1.3324098923761598,0.194753203118879,LVG2
183.77900000001202,0.19873046875,-0.880859375,0.70849609375,-0.8907564536093009,1.3100611641493998,0.27137741418204503,LVG2
183.79900000001203,0.0859375,-0.97998046875,0.48681640625,-1.27174905861782,1.27174905861782,0.41398358477182595,LVG2
183.819000000012,0.0068359375,-1.03564453125,0.27001953125,-0.966316439518812,1.13127133833535,0.474644418530165,LVG2
183.83900000001202,0.16455078125,-0.59716796875,0.46240234375,-0.249028685955288,1.01101389597233,0.44803878968878796,LVG2
183.859000000012,0.0380859375,-0.67626953125,0.75,-0.833288295311927,1.08231698126722,0.7077097271806279,LVG2
183.879000000012,0.0263671875,-0.70068359375,0.61279296875,-1.05464712727218,1.22173047639603,0.424625836308377,LVG2
183.89900000001202,-0.08056640625,-0.748046875,0.451171875,-1.06741782911604,1.3813642494442901,0.35013007555252096,LVG2
183.919000000012,-0.103515625,-0.69384765625,0.376953125,-0.730058455407384,1.44947465927822,0.19368897796522402,LVG2
183.93900000001202,-0.18115234375,-0.71337890625,0.333984375,-0.4714517430692,1.5165208439584899,-0.020220277919447,LVG2
183.95900000001203,-0.2333984375,-0.5859375,0.5087890625,-0.247964460801633,1.34624481937368,-0.053211257682754004,LVG2
183.979000000012,-0.15625,-0.55712890625,0.69091796875,-0.399084432620655,1.08657388188184,-0.06278928406565,LVG2
184.00000000001202,-0.09423828125,-0.62451171875,0.77294921875,-0.578938483588363,1.02697727327715,-0.09152336321433699,LVG2
184.020000000012,-0.24755859375,-0.69677734375,0.87744140625,-0.20007432888715498,1.13127133833535,-0.028734079148687,LVG2
184.04000000001201,-0.271484375,-0.6728515625,0.900390625,0.21816615649929103,1.22173047639603,-0.284148116025906,LVG2
184.06000000001202,-0.10205078125,-0.69921875,0.626953125,0.10855096567281801,1.12701443772073,-0.53211257682754,LVG2
184.080000000012,-0.0498046875,-0.80517578125,0.365234375,0.05959660860468499,0.9311970094481941,-0.763049435170692,LVG2
184.10000000001202,-0.16357421875,-0.7802734375,0.29638671875,0.28946924179418104,0.797104640087654,-0.9982431941284642,LVG2
184.12000000001203,0.0341796875,-0.81103515625,0.5234375,0.028734079148687,0.632149741271117,-1.21428090032045,LVG2
184.140000000012,0.548828125,-1.21142578125,0.3857421875,-1.02378459781619,0.42781851176934205,-1.1812899205571399,LVG2
184.16000000001202,0.798828125,-1.33837890625,-0.11572265625,-1.24088652916182,0.133028144206885,-0.8311598450046171,LVG2
184.18000000001203,0.6171875,-1.34423828125,-0.06640625,-0.9439677112920551,-0.194753203118879,-0.12983546874592,LVG2
184.200000000012,0.1982421875,-1.18994140625,0.40673828125,-0.919490532757988,-0.2969188178697669,0.34161627432328,LVG2
184.22000000001202,0.009765625,-0.98095703125,0.59033203125,-1.4313828316660802,-0.228808408035842,0.382056830162173,LVG2
184.240000000012,-0.037109375,-0.77001953125,0.33154296875,-2.28914830551207,-0.303304168791697,0.35013007555252096,LVG2
184.260000000012,-0.11279296875,-0.677734375,0.43310546875,-2.97131662900498,-0.459745266378994,0.521470325290989,LVG2
184.28000000001202,-0.1943359375,-0.705078125,0.4970703125,-3.67157678011002,-0.641727767654013,0.66833339649539,LVG2
184.301000000012,-0.10595703125,-0.873046875,0.2001953125,-4.42930508951244,-0.7162235284098679,0.663012270727114,LVG2
184.32100000001202,-0.0302734375,-1.1396484375,-0.087890625,-4.6825906760823495,-0.6523700191905629,0.660883820419804,LVG2
184.341000000012,-0.22119140625,-1.21435546875,-0.10302734375,-4.35268087844927,-0.5980945363541539,0.512956524061748,LVG2
184.361000000012,-0.21435546875,-1.19482421875,-0.11279296875,-3.6151728469663,-0.701324376258697,0.666204946188079,LVG2
184.385000000012,-0.15087890625,-1.1455078125,-0.318359375,-3.4193554186937702,-0.7438933824049,0.6310855161174621,LVG2
184.40600000001203,-0.1318359375,-1.2158203125,-0.47998046875,-2.67014091052059,-1.04294065058198,0.663012270727114,LVG2
184.426000000012,-0.2353515625,-1.17626953125,-0.3076171875,-2.1380283336930503,-1.29196933653727,0.5938376357395339,LVG2
184.44600000001202,-0.30126953125,-1.1611328125,-0.28857421875,-1.9219906275010703,-1.3590155212175399,0.5108280737544381,LVG2
184.466000000012,-0.28271484375,-1.10595703125,-0.42724609375,-1.45053888443187,-1.35475862060292,0.47570864368382,LVG2
184.486000000012,-0.228515625,-1.0654296875,-0.31787109375,-1.32389609114692,-1.35369439544926,0.4991215970642321,LVG2
184.50600000001202,-0.203125,-1.0908203125,-0.2041015625,-1.5356768967242802,-1.39200650098084,0.6257643903491871,LVG2
184.526000000012,-0.24267578125,-1.033203125,-0.29736328125,-1.67296194154578,-1.43883240774167,0.6779114228782851,LVG2
184.54600000001201,-0.232421875,-0.99658203125,-0.38330078125,-1.74320080168702,-1.51439239365118,0.6970674756440771,LVG2
184.57100000001202,-0.30810546875,-0.92236328125,-0.49853515625,-1.91241260111818,-1.6559343390873,0.7162235284098679,LVG2
184.591000000012,-0.40576171875,-0.88525390625,-0.67041015625,-1.8315314894403898,-1.81556811213557,0.6651407210344239,LVG2
184.611000000012,-0.42578125,-0.728515625,-0.458984375,-1.44947465927822,-1.9102841508108703,0.568296232051812,LVG2
184.63200000001203,-0.39111328125,-0.72021484375,-0.22998046875,-1.76129262929916,-1.87516472074025,0.529984126520229,LVG2
184.652000000012,-0.4013671875,-0.859375,-0.40673828125,-2.4828372834773,-1.81024698636729,0.6055441124297399,LVG2
184.67200000001202,-0.42529296875,-0.8984375,-0.67236328125,-2.66588400990597,-1.83472416490136,0.6598195952661489,LVG2
184.69100000001202,-0.47021484375,-0.8271484375,-0.74658203125,-2.2795702791291803,-1.94646780603514,0.6523700191905629,LVG2
184.712000000012,-0.52490234375,-0.66796875,-0.61376953125,-1.72830164953585,-2.04331229501775,0.67259029711001,LVG2
184.73200000001202,-0.55859375,-0.6005859375,-0.45654296875,-1.32921721691519,-2.0230920170983,0.7162235284098679,LVG2
184.752000000012,-0.5732421875,-0.59326171875,-0.47265625,-1.28984088622996,-1.8815500716621798,0.7109024026415931,LVG2
184.772000000012,-0.58740234375,-0.65966796875,-0.5537109375,-1.13552823894997,-1.80173318513805,0.73750803148297,LVG2
184.79200000001202,-0.61865234375,-0.64892578125,-0.51416015625,-0.858829698999649,-1.7442650268406699,0.774755911860898,LVG2
184.812000000012,-0.6328125,-0.58837890625,-0.4111328125,-0.449103014842443,-1.6963748949261999,0.8173249180071009,LVG2
184.83300000001202,-0.63525390625,-0.63720703125,-0.41259765625,-0.127707018438609,-1.6399709617824798,0.8322240701582719,LVG2
184.853000000012,-0.68701171875,-0.53466796875,-0.3095703125,0.31501064548190305,-1.5388695721852401,0.7055812768733171,LVG2
184.872000000012,-0.693359375,-0.357421875,-0.162109375,0.74176493209759,-1.47501606296594,0.619379039427256,LVG2
184.897000000012,-0.7158203125,-0.4208984375,-0.1884765625,0.35757965162810706,-1.4686307120440099,0.483158219759406,LVG2
184.91800000001203,-0.70458984375,-0.57666015625,-0.169921875,0.788590838858414,-1.5761174525631698,0.2969188178697669,LVG2
184.938000000012,-0.67822265625,-0.6787109375,-0.0224609375,1.7495861526089498,-1.5282273206486898,0.11067941598012801,LVG2
184.95800000001202,-0.64794921875,-0.63134765625,0.0537109375,1.62932871024593,-1.30367581322747,0.030862529455997004,LVG2
184.978000000012,-0.72216796875,-0.52734375,-0.12744140625,0.5640393314371921,-1.08657388188184,-0.007449576075585999,LVG2
185.002000000012,-0.7265625,-0.6259765625,-0.001953125,0.8950133542239208,-0.884371102687371,-0.19368897796522402,LVG2
185.02300000001202,-0.68798828125,-0.6298828125,-0.033203125,1.27174905861782,-0.730058455407384,-0.42569006146203203,LVG2
185.04300000001203,-0.6669921875,-0.48046875,-0.2314453125,0.988665167745568,-0.5012500473715421,-0.385249505623139,LVG2
185.063000000012,-0.66943359375,-0.3232421875,-0.2919921875,0.19049630250425897,-0.33523092340134997,-0.195817428272535,LVG2
185.08300000001202,-0.755859375,-0.36328125,-0.42919921875,-1.14617049048652,-0.455488365764374,-0.035119430070618,LVG2
185.103000000012,-0.70361328125,-0.4892578125,-0.40771484375,-1.46330958627573,-0.698131700797732,-0.147927296358056,LVG2
185.123000000012,-0.58447265625,-0.80419921875,-0.38232421875,-1.1036014843403201,-0.5427548283640901,-0.20752390496273998,LVG2
185.14400000001203,-0.62890625,-0.77392578125,-0.4765625,-0.66833339649539,-0.32778134732576397,-0.00425690061462,LVG2
185.164000000012,-0.75244140625,-0.68212890625,-0.37890625,-0.240514884726048,-0.30649684425266305,0.20113855404081,LVG2
185.188000000012,-0.80712890625,-0.3642578125,-0.080078125,0.233065308650462,-0.319267546096524,0.27031318902839,LVG2
185.20800000001202,-0.73974609375,-0.27294921875,-0.048828125,0.030862529455997004,-0.31820332094286896,0.300111493330732,LVG2
185.229000000012,-0.76220703125,-0.49609375,-0.2041015625,-0.640663542500358,-0.251157136262599,0.302239943638043,LVG2
185.24900000001202,-0.853515625,-0.6748046875,-0.05712890625,-0.032990979763308,-0.21923038165294603,0.26818473872107995,LVG2
185.26900000001203,-0.82958984375,-0.58154296875,-0.14404296875,0.137285044821505,-0.235193758957772,0.260735162645494,LVG2
185.29300000001203,-0.72900390625,-0.78515625,-0.072265625,0.175597150353088,-0.21071658042370603,0.548075954132366,LVG2
185.313000000012,-0.724609375,-0.64794921875,-0.0595703125,-0.169211799431158,0.005321125768275,0.7822054879364829,LVG2
185.33400000001203,-0.79931640625,-0.6591796875,-0.0244140625,-0.018091827612136003,0.321395996403834,0.522534550444644,LVG2
185.354000000012,-0.85693359375,-0.85546875,0.1162109375,0.479965544298441,0.395891757159689,0.385249505623139,LVG2
185.37400000001202,-0.80126953125,-0.82470703125,-0.10986328125,-0.11280786628743801,0.247964460801633,0.548075954132366,LVG2
185.39400000001203,-0.71875,-0.8076171875,-0.392578125,-0.07343153560220099,0.075559985909511,0.955674187982261,LVG2
185.41800000001203,-0.94287109375,-0.43994140625,0.05712890625,0.130899693899575,-0.130899693899575,1.36540087213947,LVG2
185.43900000001202,-1.021484375,-0.38818359375,-0.033203125,0.10216561475088799,-0.035119430070618,1.2345011782398898,LVG2
185.45900000001203,-1.0283203125,-0.3154296875,-0.1767578125,0.250092911108944,0.16601912397019197,0.988665167745568,LVG2
185.479000000012,-1.11962890625,-0.515625,-0.2548828125,-0.178789825814053,0.352258525859831,0.914169406989713,LVG2
185.49900000001202,-1.06982421875,-0.671875,-0.017578125,1.44841043412456,0.310753744867283,0.772627461553587,LVG2
185.52300000001202,-0.85498046875,-0.44970703125,0.189453125,5.16894157130272,0.514020749215403,0.365029227703692,LVG2
185.544000000012,-0.6064453125,0.15234375,0.28857421875,5.60953078491592,1.28771243592265,-0.019156052765792,LVG2
185.56400000001202,-0.9541015625,-0.10205078125,0.275390625,4.6474712460117305,1.3558228457565702,-0.610865238198015,LVG2
185.58400000001203,-1.06396484375,-0.08984375,0.44677734375,6.4108923256182,0.9226832082189541,-1.4952363408853897,LVG2
185.604000000012,-0.775390625,0.38623046875,0.3154296875,6.1799554672750405,0.8556370235386841,-1.9656238588009298,LVG2
185.62400000001202,-0.611328125,-0.23583984375,0.0458984375,3.81205450039249,0.753471408787796,-2.78933412772996,LVG2
185.645000000012,-0.3583984375,-0.982421875,0.12451171875,5.316868867660781,-0.169211799431158,-3.4555390739180396,LVG2
185.66500000001201,0.18994140625,-1.31884765625,0.23046875,4.90927063381088,-0.645984668268633,-3.3001622014844,LVG2
185.68500000001202,0.16162109375,-1.26708984375,0.38134765625,4.06108318634778,-0.650241568883253,-2.9819588805415296,LVG2
185.70900000001203,-0.19580078125,-1.271484375,0.23974609375,3.24907939410896,-0.025541403687721998,-1.7751275562966697,LVG2
185.729000000012,-0.58251953125,-0.8017578125,0.20068359375,3.4374472463059105,0.32778134732576397,-1.6101726574801298,LVG2
185.75000000001202,-0.87841796875,-0.36962890625,0.298828125,2.8297746835688597,0.30436839394535303,-1.6176222335557198,LVG2
185.770000000012,-0.8515625,-0.38916015625,0.42529296875,2.64247105652556,0.21497348103832603,-1.5984661807899299,LVG2
185.79000000001201,-0.7529296875,-0.388671875,0.4482421875,2.31681815950711,0.251157136262599,-1.91773372688645,LVG2
185.81000000001202,-0.654296875,-0.5078125,0.248046875,1.8826142968158301,0.10748674051916302,-2.2497719748268397,LVG2
185.830000000012,-0.5634765625,-0.5322265625,0.30224609375,2.0326700434812,-0.16708334912384698,-2.43388292640917,LVG2
185.85100000001202,-0.4453125,-0.68994140625,0.48486328125,1.8198250127501898,-0.36609345285734707,-2.53072741539178,LVG2
185.871000000012,-0.34326171875,-0.919921875,0.40966796875,1.84110951582329,-0.506571173139818,-2.5988378252257003,LVG2
185.891000000012,-0.447265625,-0.87353515625,0.2626953125,2.31256125889249,-0.7034528265660072,-2.58500289822819,LVG2
185.91100000001202,-0.4912109375,-0.74365234375,0.30419921875,2.3796074435727594,-1.16958344386693,-2.45729587978958,LVG2
185.931000000012,-0.27392578125,-0.9736328125,0.349609375,2.32213928527538,-1.65699856424096,-2.28914830551207,LVG2
185.95100000001202,-0.2275390625,-0.8466796875,0.51171875,2.8627656633321603,-1.80811853605998,-2.21784522021718,LVG2
185.972000000012,-0.16552734375,-0.4990234375,0.79345703125,2.65311330806211,-1.93901822995955,-2.10184467846878,LVG2
185.992000000012,-0.05712890625,-0.63427734375,1.04150390625,1.5186492942658,-1.8304672642867401,-1.86877936981832,LVG2
186.016000000012,-0.044921875,-0.6884765625,1.00830078125,0.981215591669983,-1.51119971819021,-1.7570357286845402,LVG2
186.03600000001202,-0.04931640625,-0.58154296875,1.0185546875,0.969509114979777,-1.33028144206885,-1.57292477710221,LVG2
186.057000000012,0.0185546875,-0.4248046875,1.16015625,0.708773952334283,-1.3207034156859498,-1.32496031630057,LVG2
186.07700000001202,0.09716796875,-0.5712890625,1.1494140625,0.21497348103832603,-1.1951248475546499,-1.12914288802804,LVG2
186.097000000012,0.1279296875,-0.52197265625,1.07275390625,0.254349811723564,-0.862022374460614,-1.18554682117176,LVG2
186.117000000012,0.107421875,-0.77880859375,0.9033203125,0.46932329276189,-0.492736246142302,-1.25897835677396,LVG2
186.13700000001202,0.01708984375,-0.4541015625,0.7900390625,0.8886280033019909,-0.317139095789214,-1.3132538396103701,LVG2
186.157000000013,-0.068359375,-0.36279296875,0.75634765625,0.731122680561039,-0.40866245900354997,-1.57186055194855,LVG2
186.17700000001201,0.14404296875,-0.5712890625,0.66064453125,0.8343525204655821,-0.7077097271806279,-2.03905539440313,LVG2
186.19700000001302,0.2685546875,-0.5439453125,0.724609375,0.990793618052879,-0.9397108106774351,-2.23274437236836,LVG2
186.217000000013,0.39306640625,-0.484375,0.96923828125,0.8992702548385421,-1.1898037217863797,-2.45091052886765,LVG2
186.237000000013,0.5166015625,-0.76513671875,0.8876953125,0.39695598231334395,-1.11317951072321,-2.82445355780058,LVG2
186.258000000013,0.60009765625,-0.80859375,0.74951171875,0.21710193134563602,-0.909912506375093,-2.05608299686161,LVG2
186.278000000013,0.5791015625,-0.548828125,1.12109375,0.549140179286021,-0.704517051719662,-0.953545737674951,LVG2
186.29800000001302,0.46337890625,-0.54931640625,1.36083984375,-0.399084432620655,-0.329909797633074,-0.6513057940369079,LVG2
186.318000000013,0.50390625,-0.630859375,1.31201171875,-1.7910909336015002,0.030862529455997004,-0.153248422126331,LVG2
186.338000000013,0.607421875,-0.2744140625,0.962890625,-2.04756919563237,0.241579109879703,0.41611203507913597,LVG2
186.35800000001302,0.6630859375,-0.09765625,0.73681640625,-2.17208353861002,0.405469783542585,0.6949390253367671,LVG2
186.378000000013,0.59228515625,-0.244140625,0.787109375,-2.3051116828169,0.49060779583499203,0.689617899568491,LVG2
186.398000000013,0.48486328125,-0.236328125,0.64306640625,-2.5126355877796405,0.40866245900354997,0.661948045573459,LVG2
186.418000000013,0.27392578125,-0.6044921875,0.30859375,-2.95109635108553,0.133028144206885,0.730058455407384,LVG2
186.438000000013,0.220703125,-1.17578125,0.23583984375,-2.03373426863486,-0.445910339381478,0.47038751791554495,LVG2
186.45900000001302,0.150390625,-0.7548828125,0.365234375,0.30117571848438696,-0.736443806329315,0.19049630250425897,LVG2
186.479000000013,0.20458984375,-0.501953125,0.50537109375,1.1812899205571399,-0.920554757911643,0.124514342977644,LVG2
186.499000000013,0.24658203125,-0.69921875,0.619140625,1.13659246410362,-0.950353062213986,0.007449576075585999,LVG2
186.519000000013,0.4296875,-0.796875,0.80712890625,1.62187913417034,-0.80668266647055,0.028734079148687,LVG2
186.539000000013,0.45361328125,-0.79052734375,0.92578125,2.1742119889173304,-0.445910339381478,0.395891757159689,LVG2
186.55900000001301,0.2783203125,-0.85205078125,0.701171875,2.50092911108944,-0.37460725408658796,0.47783709399113106,LVG2
186.579000000013,0.36572265625,-0.8828125,0.89697265625,3.90570631391414,-0.60341566212243,0.42249738600106607,LVG2
186.599000000013,0.376953125,-0.28759765625,1.0869140625,4.3803507324443105,-0.684296773800216,0.321395996403834,LVG2
186.61900000001302,0.39404296875,-0.705078125,0.69677734375,3.9887158758992403,-0.554461305054296,0.31820332094286896,LVG2
186.639000000013,0.1337890625,-0.08642578125,1.22998046875,5.394557303877599,-0.461873716686304,0.42675428661568704,LVG2
186.660000000013,0.4501953125,0.173828125,1.2939453125,4.53892028033891,-0.726865779946419,0.153248422126331,LVG2
186.680000000013,0.19384765625,0.1953125,0.91845703125,3.8524950562313904,-0.20965235527005102,0.035119430070618,LVG2
186.700000000013,-0.072265625,0.39794921875,0.9560546875,3.88442181084104,-0.192624752811569,0.143670395743436,LVG2
186.72000000001302,0.23779296875,0.439453125,1.0361328125,3.5896314432785803,-0.841802096541167,0.18411095158232899,LVG2
186.740000000013,0.5751953125,0.32861328125,0.7578125,3.16500560697021,-1.1174364113378301,-0.192624752811569,LVG2
186.760000000013,0.412109375,0.08984375,0.15380859375,2.8308389087225097,-0.8694719505362,-1.16106964263769,LVG2
186.78000000001302,0.375,0.42529296875,0.4755859375,2.95109635108553,-1.17916147024983,-1.61549378324841,LVG2
186.800000000013,0.44482421875,0.8291015625,0.755859375,2.06991792385913,-1.5984661807899299,-1.59740195563627,LVG2
186.820000000013,0.51025390625,0.57177734375,0.46875,0.860958149306959,-1.5388695721852401,-1.76235685445281,LVG2
186.84000000001302,0.646484375,0.7900390625,0.49365234375,0.7864623885511031,-1.52397042003407,-1.77087065568205,LVG2
186.861000000013,0.82861328125,0.763671875,0.77685546875,0.114936316594749,-1.51226394334387,-1.72617319922854,LVG2
186.88100000001302,0.69873046875,0.1865234375,0.7080078125,-0.6970674756440771,-1.11530796103052,-1.71340249738468,LVG2
186.901000000013,0.4638671875,0.19384765625,0.5341796875,-0.654498469497874,-0.6513057940369079,-1.47714451327325,LVG2
186.921000000013,0.66796875,0.1328125,0.7861328125,-1.5835670286387602,-0.6970674756440771,-1.04826177635025,LVG2
186.94100000001302,0.9755859375,-0.87353515625,0.70703125,-2.6137369773768704,-1.00037164443577,-0.632149741271117,LVG2
186.961000000013,1.234375,-1.0498046875,0.60498046875,0.06491773437296,-0.973766015594397,-0.34480894978424603,LVG2
186.98200000001302,0.96142578125,-0.185546875,0.90380859375,1.8602655685890799,-1.11637218618418,-0.119193217209369,LVG2
187.00600000001302,0.65869140625,0.58935546875,1.01123046875,-1.3473090445273301,-1.2674921580032,0.356515426474451,LVG2
187.026000000013,0.54638671875,0.24951171875,0.42919921875,-2.70738879089852,-1.08657388188184,0.557653980515261,LVG2
187.046000000013,0.7353515625,-0.0986328125,0.3193359375,-0.8524443480777181,-0.9918578432065341,0.88011420207275,LVG2
187.067000000013,0.81884765625,0.5380859375,0.65576171875,-1.38242847459795,-0.7609209848633821,0.9311970094481941,LVG2
187.087000000013,0.8056640625,0.927734375,0.84716796875,-3.0160140854584903,-0.515084974369058,0.87372885115082,LVG2
187.106000000013,0.86474609375,0.5947265625,0.73046875,-4.55275520733643,-0.311817970020938,0.7609209848633821,LVG2
187.13100000001302,0.57861328125,-0.01708984375,0.70166015625,-4.74963686076262,-0.075559985909511,0.683232548646561,LVG2
187.151000000013,0.6865234375,0.029296875,1.1767578125,-4.4516538177392,-0.001064225153655,0.643856217961323,LVG2
187.172000000013,0.82861328125,-0.12939453125,1.072265625,-4.87627965404757,0.28095544056494104,0.435268087844927,LVG2
187.192000000013,0.7607421875,-0.27099609375,0.88427734375,-4.5985168889436,0.6129936885053261,0.21071658042370603,LVG2
187.212000000013,0.62060546875,-0.38330078125,0.87353515625,-3.58431031751031,0.696003250490422,0.16282644850922698,LVG2
187.23200000001302,0.55419921875,-0.46435546875,0.87548828125,-2.6680124602132795,0.6715260719563549,0.06811040983392501,LVG2
187.25600000001302,0.5419921875,-0.59423828125,0.97509765625,-1.5080070427292498,0.474644418530165,-0.080881111677786,LVG2
187.277000000013,0.55224609375,-0.34326171875,0.9169921875,-0.643856217961323,0.250092911108944,-0.11387209144109299,LVG2
187.297000000013,0.59130859375,-0.52392578125,0.98388671875,-1.1376566892572801,0.10429406505819801,0.21710193134563602,LVG2
187.317000000013,0.59130859375,-0.8095703125,0.88330078125,-1.2472718800837501,0.027669853995032002,0.43420386269127204,LVG2
187.337000000013,0.505859375,-0.96142578125,0.69482421875,-0.730058455407384,-0.170276024584813,0.581066933895673,LVG2
187.35700000001302,0.55322265625,-0.73291015625,0.85693359375,0.385249505623139,-0.770499011246277,1.06422515365508,LVG2
187.377000000013,0.666015625,-0.513671875,0.81005859375,0.07343153560220099,-0.8513801229240631,1.31751074022499,LVG2
187.397000000013,0.68359375,-0.65234375,0.51513671875,0.297983043023422,0.014899152151171002,0.764113660324347,LVG2
187.41700000001302,0.61328125,-0.33203125,0.505859375,0.658755370112494,0.41079090931086,0.6002229866614649,LVG2
187.437000000013,0.662109375,-0.22607421875,0.58544921875,0.681104098339251,0.933325459755504,0.733251130868349,LVG2
187.457000000013,0.58251953125,-0.30126953125,0.6376953125,0.602351436968775,1.3356025678371202,0.969509114979777,LVG2
187.478000000013,0.5078125,-0.51025390625,0.87939453125,1.1887394966327198,0.9950505186674989,1.23130850277893,LVG2
187.498000000013,0.64501953125,-0.439453125,0.88818359375,1.27281328377147,0.7609209848633821,1.52290619488042,LVG2
187.51800000001302,0.5,-0.30224609375,0.9365234375,0.8928849039166109,0.7875266137047591,1.61549378324841,LVG2
187.538000000013,0.3896484375,-0.4833984375,0.95654296875,0.169211799431158,0.228808408035842,1.6005946310972399,LVG2
187.562000000013,0.27685546875,-0.47021484375,1.09375,-1.1397851395645902,-0.636406641885737,1.77619178145033,LVG2
187.58300000001302,0.388671875,-0.4765625,1.03076171875,-2.45942433009689,-1.47501606296594,1.69211799431158,LVG2
187.603000000013,0.52294921875,-0.45458984375,0.89892578125,-2.73293019458624,-1.81024698636729,1.10466570949397,LVG2
187.623000000013,0.912109375,-0.68896484375,0.75244140625,-2.7350586448935497,-1.17064766902059,0.535305252288505,LVG2
187.64300000001302,0.75927734375,-0.92919921875,0.38427734375,-2.10184467846878,0.6055441124297399,0.158569547894607,LVG2
187.663000000013,0.81494140625,-1.01123046875,0.1337890625,-0.9429034861384,1.54419069795352,-0.09152336321433699,LVG2
187.683000000013,0.3525390625,-0.482421875,0.57275390625,0.6076725627370501,2.99260113207808,-0.264992063260115,LVG2
187.70300000001302,-0.0341796875,-0.55615234375,0.7001953125,0.8747930763044749,2.9617386026220798,-0.6247001651955311,LVG2
187.723000000013,-0.259765625,-1.384765625,-0.083984375,0.9609953137505358,1.37497889852236,-0.5938376357395339,LVG2
187.743000000013,-0.2158203125,-0.50390625,0.08056640625,2.6680124602132795,-0.290533466947837,-0.250092911108944,LVG2
187.763000000013,-0.1044921875,0.55712890625,0.84619140625,2.50518601170406,-1.35475862060292,-0.21816615649929103,LVG2
187.783000000013,0.1181640625,-0.107421875,0.8759765625,0.39802020746699995,-2.10503735392975,-0.3682219031646571,LVG2
187.80400000001302,0.62744140625,-0.7333984375,0.70458984375,-0.27457008964301,-2.7361228700472098,-0.20220277919446497,LVG2
187.824000000013,1.06298828125,-0.32470703125,0.712890625,0.22135883196025602,-2.5349843160064,0.225615732574877,LVG2
187.844000000013,1.0029296875,-0.79638671875,0.4658203125,-0.45868104122533904,-1.10998683526225,0.8567012486923391,LVG2
187.86400000001302,0.72509765625,-0.62744140625,0.5283203125,-1.7783202317576399,0.632149741271117,1.0950876831110798,LVG2
187.884000000013,0.60205078125,-1.205078125,1.3173828125,-4.41972706312954,2.08056017539568,1.6655123654702,LVG2
187.904000000013,0.18359375,-1.35595703125,1.74267578125,-4.98802329518136,2.72015949274238,1.69850334523351,LVG2
187.924000000013,-0.22802734375,-0.9755859375,1.291015625,-1.8655866943573503,2.2753133785145603,0.872664625997165,LVG2
187.944000000013,-0.01953125,-0.484375,1.36181640625,-1.7070171464627502,1.96775230910824,1.08231698126722,LVG2
187.96400000001302,0.048828125,-0.666015625,1.22802734375,-1.87516472074025,2.38492856934103,0.8779857517654399,LVG2
187.984000000013,0.0078125,-0.677734375,1.22412109375,-0.689617899568491,2.76166427373493,-0.075559985909511,LVG2
188.004000000013,0.06591796875,-0.59765625,0.89013671875,-0.35332275101348604,2.3828001190337202,-0.664076495880769,LVG2
188.029000000013,-0.20361328125,0.3037109375,0.17041015625,-0.403341333235275,1.8070543109063202,-1.56653942618028,LVG2
188.049000000013,0.5,-0.1982421875,0.19677734375,-0.177725600660398,1.20257442363024,-2.3253319607363503,LVG2
188.069000000013,1.31591796875,-0.84375,0.26953125,1.72085207346026,0.488479345527681,-2.3200108349680697,LVG2
188.08900000001302,1.0302734375,-0.88232421875,-0.2333984375,3.4959796297569303,0.20433122950177499,-2.43601137671648,LVG2
188.110000000013,0.94580078125,-0.5732421875,0.00830078125,2.83616003449079,-0.34161627432328,-2.3700294171898597,LVG2
188.130000000013,1.23681640625,-1.07763671875,0.4228515625,0.487415120374026,-0.407598233849895,-1.62187913417034,LVG2
188.154000000013,0.95458984375,-1.3603515625,0.30322265625,-1.32496031630057,0.42781851176934205,0.142606170589781,LVG2
188.174000000013,0.59033203125,-1.07080078125,0.4111328125,-1.65380588877999,0.28840501664052604,0.992922068360189,LVG2
188.195000000013,0.72216796875,-0.67236328125,0.6552734375,-1.7346870004577801,-0.14047772028247002,1.46330958627573,LVG2
188.21500000001302,0.796875,0.10498046875,0.4111328125,-2.31043280858518,-0.225615732574877,1.03016994873812,LVG2
188.235000000013,0.58251953125,0.41064453125,0.23095703125,-3.18841856035062,0.011706476690206002,-0.09578026382895699,LVG2
188.255000000013,0.4248046875,0.20947265625,0.935546875,-3.1107301241337995,-0.14047772028247002,-1.13552823894997,LVG2
188.275000000013,0.68896484375,-0.19140625,1.20654296875,-2.8074259553421004,0.5938376357395339,-1.52397042003407,LVG2
188.295000000013,0.28759765625,-0.58984375,-0.13134765625,-1.8432379661306,0.67471874741732,-2.14334945946133,LVG2
188.31500000001301,0.416015625,-0.24755859375,0.1142578125,-1.5888881544070301,0.376735704393898,-3.05645464129739,LVG2
188.335000000013,0.4560546875,-0.40087890625,0.283203125,-1.63145716055324,0.937582360370125,-2.9202338216295405,LVG2
188.355000000013,0.166015625,-0.9638671875,0.10693359375,-1.62826448509227,0.648113118575943,-2.5637183951550897,LVG2
188.37500000001302,0.12060546875,-1.4423828125,-0.07177734375,-0.73750803148297,-0.349065850398866,-2.4221764497189597,LVG2
188.395000000013,0.3046875,-1.36083984375,0.04150390625,0.708773952334283,-1.32283186599326,-2.32639618589,LVG2
188.416000000013,0.82568359375,-1.23193359375,0.5009765625,1.31538228991768,-1.38242847459795,-2.1369641085394,LVG2
188.436000000013,0.91650390625,-1.64111328125,0.32177734375,1.10572993464763,-1.27813440953975,-1.55696139979738,LVG2
188.460000000013,0.76513671875,-1.439453125,-0.0458984375,0.807746891624205,-1.4047772028246999,-0.772627461553587,LVG2
188.480000000013,0.916015625,-0.68994140625,0.21240234375,0.4714517430692,-0.9035271554531621,-0.249028685955288,LVG2
188.50100000001302,0.6591796875,0.13818359375,0.48681640625,-1.25472145615934,0.126642793284954,0.043633231299858,LVG2
188.521000000013,0.609375,-1.08349609375,0.103515625,-5.990523389924441,-0.26818473872107995,1.10785838495494,LVG2
188.541000000013,0.5751953125,-1.73291015625,-0.275390625,-7.818862203903871,-0.5512686295933311,1.66125546485558,LVG2
188.561000000013,0.54248046875,-1.8291015625,-0.64794921875,-7.1973547141692995,-0.862022374460614,2.1156796054663,LVG2
188.581000000013,0.6455078125,-1.833984375,-0.73046875,-5.963917761083059,-1.6399709617824798,2.8510591866419603,LVG2
188.60100000001302,0.95458984375,-1.3486328125,-0.58984375,-4.416534387668579,-1.73255855015047,2.7116456915131404,LVG2
188.621000000013,0.7529296875,-1.1318359375,-0.79736328125,-3.68754015741485,-1.43457550712705,2.38918546995565,LVG2
188.641000000013,0.5537109375,-1.42578125,-0.978515625,-3.1235008259776604,-1.7272374243821897,2.46474545586516,LVG2
188.66100000001302,0.61181640625,-1.140625,-0.8388671875,-1.7815129072186002,-2.28914830551207,2.30404745766325,LVG2
188.681000000013,0.63427734375,-0.57373046875,-0.41015625,-0.9546099628286059,-2.5999020503793595,2.01457821586906,LVG2
188.701000000013,0.529296875,-0.82421875,-0.5146484375,-1.16532654325231,-2.60522317614763,1.7463934771479899,LVG2
188.722000000013,0.46484375,-1.13525390625,-0.8466796875,-0.94716038675302,-2.55946149454047,1.6591270145482702,LVG2
188.742000000013,0.52734375,-1.04638671875,-0.55712890625,-0.36928612831831203,-2.7691138498105197,1.7219162986139198,LVG2
188.766000000013,0.19677734375,-0.7265625,-0.2529296875,-0.06491773437296,-2.4913510847065403,1.8389810655159802,LVG2
188.78600000001302,0.02978515625,-1.06787109375,-0.81884765625,-0.20645967980908497,-2.3530018147313796,1.6740261666994398,LVG2
188.807000000013,0.3095703125,-1.42333984375,-0.9873046875,0.46080949153264894,-2.4721950319407497,1.49097944027077,LVG2
188.82700000001302,0.65625,-1.12353515625,-0.3447265625,1.55589717464373,-2.3945065957239304,1.7921551587551499,LVG2
188.847000000013,0.376953125,-0.5322265625,-0.0224609375,1.2994189126128501,-1.72830164953585,2.3295888613509703,LVG2
188.867000000013,-0.0224609375,-0.7060546875,-0.4501953125,-0.225615732574877,-1.42499748074415,2.60522317614763,LVG2
188.88700000001302,-0.04736328125,-1.22216796875,-0.56787109375,-0.949288837060331,-1.6463563127044099,2.40302039695317,LVG2
188.908000000013,-0.31640625,-1.35791015625,-0.14794921875,-0.7247373296391091,-1.6452920875507502,2.39131392026296,LVG2
188.92800000001301,-0.9765625,-0.9697265625,-0.0107421875,0.6119294633516701,-1.71127404707737,2.0986520030078197,LVG2
188.948000000013,-1.1943359375,-0.81396484375,0.21728515625,2.8808574909442997,-1.9326328790376202,1.12169331195245,LVG2
188.967000000013,-0.7177734375,-0.99267578125,0.09423828125,3.9099632145287595,-1.75277882806992,0.28201966571859605,LVG2
188.992000000013,-0.48095703125,-1.1875,0.2421875,5.28707056335843,-0.937582360370125,0.66833339649539,LVG2
189.013000000013,-0.228515625,-0.2265625,1.15283203125,8.15090045184425,-0.550204404439676,1.01207812112598,LVG2
189.033000000013,-0.0771484375,0.17236328125,0.56494140625,4.946518514188809,-0.43952498845954796,1.1770330199425199,LVG2
189.05300000001301,-0.15771484375,-0.439453125,-0.115234375,2.04118384471044,0.14473462089709102,0.628957065810152,LVG2
189.073000000013,0.26220703125,-0.4365234375,0.53271484375,3.46724555060825,0.7289942302537291,-0.14686307120440098,LVG2
189.097000000013,0.8984375,-0.48779296875,0.00341796875,2.61586542768418,1.07486740519163,-0.37035035347196704,LVG2
189.118000000013,1.099609375,-0.4375,-0.5751953125,-2.5360485411600497,1.44947465927822,-0.8056184413168951,LVG2
189.138000000013,0.42138671875,-0.96337890625,-0.677734375,-4.89862838227433,1.5197135194194498,-0.09684448898261201,LVG2
189.158000000013,-0.107421875,-0.90087890625,-1.15087890625,-4.58468196194608,0.73537958117566,1.02059192235522,LVG2
189.17800000001301,-0.24169921875,-0.67236328125,-0.919921875,-4.47080987050499,-0.018091827612136003,1.56760365133393,LVG2
189.198000000013,-0.3408203125,-0.5791015625,-0.34326171875,-3.6364573500393997,-0.6119294633516701,1.43351128197339,LVG2
189.218000000013,-0.44140625,-0.54345703125,0.046875,-3.50449343098618,-0.7619852100170369,1.05783980273315,LVG2
189.23800000001302,-0.7109375,-0.783203125,-0.330078125,-3.76842126909264,-0.489543570681336,0.641727767654013,LVG2
189.258000000013,-0.83447265625,-0.96484375,-0.18896484375,-2.0592756723225802,-0.45229569030340905,0.5651035565908471,LVG2
189.278000000014,-0.75927734375,-0.9482421875,0.01123046875,-0.292661917255147,-0.54062637805678,0.38312105531582796,LVG2
189.298000000014,-0.66357421875,-0.96533203125,0.0888671875,0.20113855404081,-0.649177343729598,0.130899693899575,LVG2
189.318000000014,-0.89404296875,-0.708984375,0.28515625,0.5980945363541539,-0.28734079148687103,-0.548075954132366,LVG2
189.339000000014,-0.705078125,-0.87060546875,0.333984375,0.918426307604333,-0.246900235647978,-1.2238589267033402,LVG2
189.359000000014,-0.29443359375,-1.6279296875,0.1123046875,1.75490727837723,-0.22455150742122199,-1.53248422126331,LVG2
189.383000000014,-0.34619140625,-1.9833984375,-0.255859375,6.41302077592551,-0.28840501664052604,-1.31644651507133,LVG2
189.403000000014,-0.12939453125,-1.55859375,-0.49609375,10.023936722277199,0.025541403687721998,-1.26004258192761,LVG2
189.424000000014,-0.02197265625,-0.6171875,0.13037109375,8.905436085785698,0.753471408787796,-0.744957607558555,LVG2
189.444000000014,-0.1494140625,-0.28173828125,0.23779296875,6.02564281999506,1.39413495128815,-0.34055204916962495,LVG2
189.464000000014,-0.3564453125,-0.21337890625,0.12255859375,4.893307256506049,2.03054159317389,-0.3682219031646571,LVG2
189.484000000014,-0.25732421875,0.15185546875,0.8369140625,2.87447214002237,2.4179195491043397,-0.9578026382895709,LVG2
189.504000000014,-0.416015625,-0.65234375,0.2841796875,1.3909422758271899,2.1092942545443703,-1.4047772028246999,LVG2
189.524000000014,-0.70263671875,-1.431640625,-0.83984375,2.8595729878712004,1.03442684935274,-1.77087065568205,LVG2
189.544000000014,-0.94921875,-0.26025390625,-0.37353515625,3.11498702474842,-0.077688436216821,-1.97839456064479,LVG2
189.564000000014,-0.76318359375,0.4365234375,0.9521484375,0.43952498845954796,-0.669397621649045,-2.36577251657524,LVG2
189.584000000014,-0.33251953125,-0.19384765625,0.65478515625,-2.83296735902982,-0.853508573231373,-2.7169668172814196,LVG2
189.604000000014,-0.0595703125,-0.91552734375,-0.25439453125,-4.045119809042959,-0.8162606928534458,-2.3349099871192402,LVG2
189.624000000014,-0.16162109375,-0.98046875,-0.4189453125,-3.39168556469874,-0.7694347860926222,-1.8506875422061797,LVG2
189.645000000014,-0.1591796875,-0.904296875,0.1298828125,-3.35763035978177,-0.663012270727114,-1.6601912397019198,LVG2
189.664000000014,0.07861328125,-0.65087890625,0.42626953125,-5.65529246652309,-0.10855096567281801,-1.70488869615544,LVG2
189.689000000014,0.08544921875,-1.84375,-0.7236328125,-7.327190182915221,0.317139095789214,-1.11637218618418,LVG2
189.709000000014,-0.1328125,-1.7626953125,-0.99609375,-6.92065617421898,0.11067941598012801,-0.19901010373349998,LVG2
189.730000000014,-0.3427734375,-1.52490234375,-0.81396484375,-5.674448519288879,-0.520406100137334,0.46506639214726997,LVG2
189.750000000014,-0.64111328125,-1.7802734375,-0.94921875,-4.403763685824719,-0.8567012486923391,1.4537315598928402,LVG2
189.770000000014,-0.28662109375,-1.9365234375,-0.9365234375,-2.0284131428665804,-0.8269029443899959,1.48033718873422,LVG2
189.794000000014,-0.15478515625,-1.2958984375,-0.326171875,0.830095619850962,-0.639599317346702,0.900334479992197,LVG2
189.814000000014,-0.43310546875,-0.8642578125,-0.2373046875,2.1369641085394,-0.638535092193047,0.48635089522037106,LVG2
189.835000000014,-0.76171875,-0.86328125,-0.17529296875,2.11355115515899,-0.768370560938967,0.40866245900354997,LVG2
189.855000000014,-0.47265625,-1.38232421875,0.130859375,1.67615461700675,-0.933325459755504,0.28095544056494104,LVG2
189.875000000014,-0.17578125,-1.52099609375,0.16845703125,2.02415624225196,-0.573617357820088,0.31288219517459304,LVG2
189.895000000014,-0.43017578125,-1.15625,0.16796875,3.28100614871861,-0.150055746665366,0.5076353982934729,LVG2
189.919000000014,-0.2822265625,-1.41748046875,0.0400390625,4.3718369312150696,-0.20539545465543,0.514020749215403,LVG2
189.940000000014,-0.39404296875,-0.90380859375,0.07080078125,5.2594007093634,0.42675428661568704,1.1397851395645902,LVG2
189.960000000014,-0.43310546875,-0.40771484375,0.310546875,4.50699352572926,0.46719484245458,1.00356431989674,LVG2
189.980000000014,-0.46484375,-0.59619140625,0.23974609375,3.3129329033282597,0.307561069406318,0.692810575029456,LVG2
190.000000000014,-0.56591796875,-0.57958984375,0.13818359375,3.6098517211980297,0.20965235527005102,0.47783709399113106,LVG2
190.020000000014,-0.48095703125,-0.7490234375,0.17236328125,3.0202709860731103,0.08194533683144099,0.055339707990064005,LVG2
190.040000000014,-0.69775390625,-1.3701171875,0.26025390625,2.31256125889249,-0.09365181352164699,-0.024477178534067005,LVG2
190.06000000001399,-0.48681640625,-0.24853515625,0.21533203125,4.02064263050889,-0.25541403687721903,-0.575745808127398,LVG2
190.080000000014,-0.54345703125,-0.392578125,0.16455078125,4.26115751523494,-0.40653400869623996,-0.7577283094024159,LVG2
190.100000000014,-0.35302734375,-0.42333984375,0.53369140625,3.76842126909264,-0.709838177487938,-1.1174364113378301,LVG2
190.120000000014,-0.31884765625,-0.59521484375,0.16259765625,3.48320892791307,-0.774755911860898,-1.49842901634635,LVG2
190.141000000014,-0.0146484375,-0.20263671875,0.3779296875,5.21151057744892,-1.14829894079383,-1.6101726574801298,LVG2
190.161000000014,0.251953125,0.13037109375,0.71435546875,4.53892028033891,-1.3313456672225,-1.8815500716621798,LVG2
190.181000000014,0.4443359375,-0.49169921875,0.46240234375,2.38599279449469,-0.9918578432065341,-2.55733304423315,LVG2
190.205000000014,0.732421875,-1.009765625,0.45654296875,2.25828577605608,-1.132335563489,-2.79571947865189,LVG2
190.225000000014,0.8076171875,-0.8349609375,0.51708984375,1.8953849986596998,-1.17916147024983,-2.17527621407098,LVG2
190.246000000014,0.50146484375,-0.7021484375,0.3173828125,0.30117571848438696,-1.14617049048652,-1.2366296285472,LVG2
190.266000000014,0.24365234375,-0.80908203125,0.3916015625,0.3682219031646571,-1.7389439010724,-0.28095544056494104,LVG2
190.286000000014,0.0810546875,-0.61328125,0.732421875,2.12312918154188,-2.6648197847523196,0.801361540702275,LVG2
190.306000000014,0.26123046875,-0.517578125,0.37890625,2.73718709520086,-3.29377685056247,1.61655800840207,LVG2
190.325000000014,0.548828125,-0.03515625,0.38427734375,2.3774789932654503,-2.786141452269,1.44841043412456,LVG2
190.346000000014,0.265625,-0.03515625,1.111328125,1.73255855015047,-1.9890368121813402,1.19938174816927,LVG2
190.366000000014,0.052734375,-0.353515625,1.27490234375,1.7964120593697699,-1.95711005757169,0.966316439518812,LVG2
190.386000000014,0.2685546875,-0.05517578125,0.958984375,1.99861483856424,-2.1369641085394,0.636406641885737,LVG2
190.406000000014,0.322265625,-0.04052734375,1.00537109375,1.67296194154578,-1.9805230109521001,0.443781889074168,LVG2
190.426000000014,0.1259765625,-0.3447265625,1.041015625,2.0443765201714097,-1.6580627893946103,0.08726646259971699,LVG2
190.447000000014,0.24951171875,-0.251953125,1.0048828125,2.97450930446595,-2.06033989747623,-0.25541403687721903,LVG2
190.467000000014,0.52001953125,-0.27783203125,0.8583984375,2.9234264970905,-2.33810266258021,-0.37247880377927794,LVG2
190.487000000014,0.509765625,-0.2734375,0.865234375,2.79146257803727,-2.16463396253443,-0.229872633189497,LVG2
190.511000000014,0.6337890625,-0.125,1.1328125,2.39876349633855,-2.09013820177858,0.47570864368382,LVG2
190.531000000014,0.86181640625,-0.05322265625,1.0380859375,1.6963748949261999,-1.71872362315295,0.74602183271221,LVG2
190.552000000014,0.88525390625,0.08740234375,1.14208984375,0.722608879331799,-1.36752932244678,1.1333997886426599,LVG2
190.572000000014,0.81884765625,0.1767578125,1.3154296875,-0.22135883196025602,-0.950353062213986,1.48672253965615,LVG2
190.592000000014,0.65771484375,0.1923828125,1.11962890625,-0.733251130868349,-0.576810033281053,1.21002399970582,LVG2
190.612000000014,0.50732421875,0.05224609375,0.8818359375,-0.553397079900641,-0.648113118575943,0.4427176639205129,LVG2
190.632000000014,0.560546875,-0.046875,0.7822265625,-0.150055746665366,-0.799233090394964,-0.20220277919446497,LVG2
190.652000000014,0.6123046875,-0.041015625,0.91650390625,0.286276566333216,-0.872664625997165,-0.403341333235275,LVG2
190.672000000014,0.56103515625,0.03125,0.76025390625,0.7609209848633821,-0.7545356339414508,-0.49060779583499203,LVG2
190.692000000014,0.4130859375,0.2998046875,0.70654296875,1.6112368826337902,-0.8396736462338571,-0.529984126520229,LVG2
190.712000000014,0.51025390625,0.5126953125,0.9453125,1.9166695017328,-0.9833440419772929,-0.505506947986163,LVG2
190.732000000014,0.62353515625,0.36279296875,0.99853515625,1.6740261666994398,-0.876921526611785,-0.46293794183995896,LVG2
190.753000000014,0.57421875,0.318359375,0.92041015625,2.0198993416373403,-0.9013987051458521,-0.479965544298441,LVG2
190.773000000014,0.53662109375,0.58349609375,0.8818359375,1.4409608580489799,-0.714095078102558,-0.640663542500358,LVG2
190.793000000014,0.4736328125,0.4873046875,0.96044921875,0.9439677112920551,-0.519341874983679,-0.8151964676997909,LVG2
190.813000000014,0.49853515625,0.34375,1.0966796875,1.05996825304046,-0.6119294633516701,-0.7236731044854541,LVG2
190.837000000014,0.5263671875,0.3037109375,0.8193359375,1.22918005247162,-0.443781889074168,-0.632149741271117,LVG2
190.858000000014,0.568359375,0.25927734375,0.7412109375,1.07061050457701,-0.034055204916963,-0.46506639214726997,LVG2
190.878000000014,0.48486328125,0.359375,0.85693359375,0.9950505186674989,-0.019156052765792,-0.457616816071684,LVG2
190.898000000014,0.50439453125,0.3505859375,0.5654296875,1.06635360396239,-0.571488907512777,-0.47570864368382,LVG2
190.918000000014,0.6435546875,0.7578125,0.35693359375,1.1866110463254098,-0.6917463498758011,-0.554461305054296,LVG2
190.938000000014,0.9970703125,0.60986328125,0.46630859375,0.483158219759406,-0.395891757159689,-1.04506910088929,LVG2
190.958000000014,1.2216796875,-0.1318359375,0.81396484375,-0.061725058911995,-0.412919359618171,-1.21853780093507,LVG2
190.978000000014,1.16845703125,-0.27978515625,0.89501953125,-0.252221361416254,-0.654498469497874,-0.617250589119946,LVG2
190.998000000014,1.0986328125,-0.4677734375,0.59228515625,-0.428882736922997,-0.696003250490422,-0.20645967980908497,LVG2
191.018000000014,1.103515625,-0.01611328125,0.57177734375,0.6885536744148361,-0.42994696207665206,-0.09471603867530198,LVG2
191.038000000014,0.95263671875,0.4560546875,0.7548828125,0.11067941598012801,-0.06917463498758,0.09152336321433699,LVG2
191.059000000014,0.650390625,0.6572265625,0.8037109375,-1.7336227753041202,0.4235616111547221,0.34161627432328,LVG2
191.079000000014,0.6064453125,0.7744140625,0.62158203125,-3.5438697616714103,0.555525530207951,0.730058455407384,LVG2
191.099000000014,0.68603515625,0.73681640625,0.6357421875,-5.4594750382505595,0.38312105531582796,1.10572993464763,LVG2
191.123000000014,0.78662109375,0.5810546875,0.78955078125,-7.4676679031976905,0.588516509971259,1.79321938390881,LVG2
191.143000000014,0.84423828125,0.462890625,0.98388671875,-9.32367657117215,0.919490532757988,2.72548061851066,LVG2
191.164000000014,0.47802734375,0.17041015625,0.64990234375,-11.643687406140199,0.623635940041876,3.5896314432785803,LVG2
191.184000000014,0.44580078125,-0.79541015625,-0.095703125,-12.246038843109,-0.4991215970642321,3.4480894978424597,LVG2
191.204000000014,0.51123046875,-1.46240234375,-0.1591796875,-9.45989739084,-0.7694347860926222,2.24232239875125,LVG2
191.224000000014,0.833984375,-0.587890625,0.68115234375,-6.021385919380441,-0.371414578625623,1.20789554939851,LVG2
191.244000000014,0.556640625,-0.80859375,0.43701171875,-4.99334442094963,0.730058455407384,0.690682124722146,LVG2
191.264000000014,0.37841796875,-1.26416015625,0.16650390625,-3.59814524450782,0.7034528265660072,0.385249505623139,LVG2
191.284000000014,0.26318359375,-1.2685546875,0.06298828125,-1.5888881544070301,0.036183655224273,0.057468158297374,LVG2
191.304000000014,0.44140625,-1.28076171875,-0.05712890625,0.127707018438609,-1.1014730340330101,0.079816886524131,LVG2
191.324000000014,0.4482421875,-0.908203125,-0.09765625,1.26855638315685,-1.6931822194652302,0.06385350921930501,LVG2
191.344000000014,0.57177734375,-1.22705078125,0.03271484375,2.05182609624699,-1.76235685445281,0.385249505623139,LVG2
191.365000000014,0.54296875,-0.8232421875,0.1650390625,4.0674685372697095,-1.49949324150001,0.229872633189497,LVG2
191.385000000014,0.69921875,-0.46923828125,0.39697265625,5.049748354093349,-1.5697321016412402,-0.291597692101492,LVG2
191.405000000014,0.73681640625,-0.46875,0.2919921875,4.66130617300925,-1.3622081966784998,-0.435268087844927,LVG2
191.425000000014,0.505859375,-0.69873046875,0.27197265625,4.60383801471187,-1.0142065714332902,-0.49486469644961206,LVG2
191.445000000014,0.72607421875,-0.4443359375,0.45947265625,5.30090549035595,-1.08125275611356,-0.708773952334283,LVG2
191.465000000014,0.88232421875,0.01416015625,0.92333984375,5.43925476033111,-0.553397079900641,-0.7396364817902801,LVG2
191.486000000014,0.6982421875,0.3154296875,0.85546875,4.45058959258554,-0.228808408035842,-1.06635360396239,LVG2
191.506000000014,0.74169921875,-0.2607421875,0.42333984375,3.3246393800184704,-0.06385350921930501,-1.15255584140845,LVG2
191.525000000014,0.8330078125,0.2939453125,0.9453125,3.38955711439143,0.407598233849895,-1.0780600806526,LVG2
191.550000000014,0.71044921875,0.04443359375,0.60302734375,2.9521605762391903,0.478901319144786,-1.1376566892572801,LVG2
191.571000000014,0.4443359375,-0.41064453125,0.75,2.88511439155892,0.459745266378994,-0.953545737674951,LVG2
191.591000000014,0.49365234375,-0.13427734375,1.0947265625,3.0841244952924196,0.164954898816537,-1.02378459781619,LVG2
191.611000000014,0.64111328125,-0.24609375,0.9501953125,1.63145716055324,-0.04895435706813401,-1.01314234627964,LVG2
191.631000000014,0.580078125,-0.326171875,0.77734375,1.0897665573428001,-0.039376330685238,-1.08763810703549,LVG2
191.651000000014,0.53662109375,-0.1484375,0.72705078125,1.21960202608872,-0.037247880377928,-0.982279816823638,LVG2
191.671000000014,0.67236328125,-0.04345703125,0.8310546875,0.44058921361320297,0.080881111677786,-0.726865779946419,LVG2
191.691000000014,0.40771484375,0.22998046875,0.80419921875,-0.124514342977644,-0.009578026382896,-0.742829157251245,LVG2
191.711000000014,0.4140625,0.18359375,0.81201171875,-0.04150478099254799,-0.101101389597233,-0.883306877533716,LVG2
191.731000000014,0.81787109375,-0.1748046875,0.86181640625,-0.664076495880769,-0.120257442363024,-0.4991215970642321,LVG2
191.751000000014,0.96826171875,-0.4794921875,0.39208984375,-1.0897665573428001,-0.017027602458481002,0.0,LVG2
191.771000000014,0.9501953125,-0.29931640625,0.68212890625,-0.40440555838892994,-0.029798304302342003,0.06066083375833999,LVG2
191.792000000014,0.8681640625,-0.3974609375,0.94677734375,-0.576810033281053,0.00212845030731,0.051082807375443996,LVG2
191.812000000014,0.666015625,-0.17626953125,0.48876953125,-0.775820137014553,0.141541945436126,0.504442722832507,LVG2
191.832000000014,0.26513671875,0.39111328125,0.6181640625,-1.27174905861782,-0.028734079148687,0.37247880377927794,LVG2
191.852000000014,0.59814453125,0.138671875,0.62255859375,-1.48459408934884,-0.07343153560220099,0.04895435706813401,LVG2
191.872000000014,0.8720703125,-0.17578125,0.369140625,-1.4260617058978102,-0.024477178534067005,0.40440555838892994,LVG2
191.892000000014,0.85986328125,-0.85107421875,0.24560546875,0.311817970020938,-0.26179938779914896,0.684296773800216,LVG2
191.912000000014,0.99658203125,-0.53759765625,0.3603515625,1.59740195563627,-0.519341874983679,0.788590838858414,LVG2
191.932000000014,1.02001953125,-0.4130859375,0.47314453125,1.8325957145940501,-0.42249738600106607,0.8556370235386841,LVG2
191.952000000014,1.06103515625,-0.40478515625,0.65185546875,1.9709449845692097,-0.243707560187013,0.9120409566824029,LVG2
191.972000000014,0.99755859375,-0.3076171875,0.7880859375,1.6772188421604,-0.024477178534067005,1.2015101984765801,LVG2
191.992000000014,0.95166015625,-0.123046875,0.96435546875,0.8684077253825441,0.18091827612136302,1.36007974637119,LVG2
192.012000000014,0.96923828125,0.17138671875,1.20654296875,0.21178080557736104,0.669397621649045,1.21002399970582,LVG2
192.032000000014,0.923828125,0.44287109375,1.2626953125,-0.755599859095106,1.1227575371061103,1.03868374996736,LVG2
192.052000000014,0.7919921875,0.486328125,1.1796875,-1.87729317104756,1.3707219979077399,0.74176493209759,LVG2
192.072000000014,0.6630859375,0.76953125,1.06689453125,-3.36188726039639,1.4239332555905,0.451231465149754,LVG2
192.093000000014,0.74169921875,0.65185546875,1.03662109375,-5.10189538662245,1.5399337973389,0.5001858222178871,LVG2
192.113000000014,0.73779296875,-0.400390625,0.67578125,-5.0401703277104595,1.71020982192371,0.273505864489355,LVG2
192.133000000014,0.525390625,-0.49658203125,0.2666015625,-3.6151728469663,1.52290619488042,-0.058532383451029006,LVG2
192.153000000014,0.25390625,-0.611328125,0.15576171875,-3.0064360590756,0.979087141362673,-0.08939491290702699,LVG2
192.173000000014,0.07763671875,-1.0361328125,0.275390625,-1.40690565313201,0.20220277919446497,-0.123450117823989,LVG2
192.193000000014,0.21728515625,-0.81787109375,0.64697265625,-0.25541403687721903,-0.6278928406564971,-0.001064225153655,LVG2
192.213000000014,0.47607421875,-0.73388671875,0.7529296875,0.010642251536551002,-0.970573340133432,0.174532925199433,LVG2
192.233000000014,0.53271484375,-0.70703125,0.78515625,0.338423598862315,-1.0897665573428001,0.21390925588467102,LVG2
192.253000000014,0.5537109375,-0.48486328125,0.90185546875,0.395891757159689,-0.9322612346018492,0.135156594514195,LVG2
192.273000000014,0.5546875,-0.38330078125,0.853515625,0.227744182882187,-0.8056184413168951,0.026605628841377002,LVG2
192.294000000014,0.55078125,-0.2626953125,0.7490234375,-0.09578026382895699,-0.5012500473715421,-0.40014865777430997,LVG2
192.314000000014,0.47216796875,-0.16455078125,0.78662109375,-0.017027602458481002,-0.376735704393898,-0.622571714888221,LVG2
192.333000000014,0.58837890625,-0.2578125,0.85986328125,-0.008513801229241,-0.334166698247695,-0.772627461553587,LVG2
192.358000000014,0.69775390625,-0.30419921875,0.79541015625,-0.09471603867530198,-0.161762223355572,-1.24833610523741,LVG2
192.378000000014,0.71484375,-0.53955078125,0.5478515625,-0.253285586569909,-0.040440555838893,-1.4718233875049698,LVG2
192.399000000014,0.7001953125,-0.49951171875,0.6640625,0.044697456453513,-0.147927296358056,-1.44202508320263,LVG2
192.419000000014,0.8779296875,-0.35791015625,0.8310546875,-0.084073787138751,-0.300111493330732,-1.23982230400817,LVG2
192.439000000014,0.880859375,-0.59716796875,0.6298828125,-1.03336262419908,-0.022348728226757004,-1.01207812112598,LVG2
192.459000000014,0.6572265625,-1.15673828125,0.24951171875,-1.1333997886426599,0.292661917255147,-0.7077097271806279,LVG2
192.479000000014,0.91943359375,-0.8408203125,0.5693359375,0.42994696207665206,0.043633231299858,0.040440555838893,LVG2
192.500000000014,1.30810546875,-0.4921875,0.80859375,0.38631373077679404,0.13196391905323,1.1174364113378301,LVG2
192.520000000014,0.97998046875,-0.6005859375,0.48828125,-0.6183148142736011,1.02272037266253,1.82727458882577,LVG2
192.540000000014,0.3369140625,-0.5126953125,0.31591796875,-0.606608337583395,1.54844759856814,1.87090782012563,LVG2
192.56000000001498,0.46240234375,-0.47314453125,0.654296875,-0.40440555838892994,0.8375451959265471,1.52609887034138,LVG2
192.580000000015,0.41015625,-0.580078125,0.88818359375,-0.608736787890705,0.522534550444644,1.07486740519163,LVG2
192.600000000015,0.3583984375,-0.53125,0.73193359375,-0.273505864489355,0.43420386269127204,0.4235616111547221,LVG2
192.62000000001498,0.39453125,-0.46728515625,0.5224609375,0.608736787890705,0.284148116025906,-0.039376330685238,LVG2
192.640000000015,0.44677734375,-0.484375,0.583984375,1.28984088622996,0.150055746665366,-0.28095544056494104,LVG2
192.660000000015,0.46484375,-0.62109375,0.60693359375,1.5761174525631698,-0.126642793284954,-0.46293794183995896,LVG2
192.68000000001499,0.5458984375,-0.49951171875,0.56103515625,1.97839456064479,-0.28840501664052604,-0.595966086046844,LVG2
192.701000000015,0.7236328125,-0.2919921875,0.57568359375,2.25828577605608,-0.29904726817707694,-0.5427548283640901,LVG2
192.72100000001498,0.830078125,-0.22216796875,0.62255859375,2.13377143307843,-0.19368897796522402,-0.260735162645494,LVG2
192.741000000015,0.71923828125,-0.31396484375,0.58935546875,1.8400452906696299,-0.116000541748404,0.127707018438609,LVG2
192.761000000015,0.6904296875,-0.3935546875,0.66259765625,1.46437381142939,-0.260735162645494,0.23200108349680698,LVG2
192.78100000001498,0.7255859375,-0.35595703125,0.69921875,1.0897665573428001,-0.36077232708907203,0.19049630250425897,LVG2
192.802000000015,0.63134765625,-0.1982421875,0.75390625,0.7289942302537291,-0.29479036756245697,0.123450117823989,LVG2
192.82200000001498,0.5029296875,-0.07861328125,0.8134765625,0.159633773048262,-0.28840501664052604,-0.027669853995032002,LVG2
192.842000000015,0.50439453125,0.08740234375,0.869140625,-0.25541403687721903,-0.292661917255147,-0.173468700045778,LVG2
192.862000000015,0.55859375,0.0048828125,0.92919921875,-0.636406641885737,-0.23200108349680698,-0.37567147924024297,LVG2
192.88200000001498,0.669921875,-0.15673828125,0.94140625,-0.900334479992197,-0.164954898816537,-0.6949390253367671,LVG2
192.902000000015,0.71484375,-0.380859375,0.8974609375,-1.0259130481235001,-0.097908714136267,-0.9024629302995071,LVG2
192.922000000015,0.64599609375,-0.72265625,0.826171875,-1.00037164443577,-0.058532383451029006,-1.01846347204791,LVG2
192.94200000001499,0.595703125,-0.95947265625,0.65771484375,-0.453359915457064,-0.06811040983392501,-1.08125275611356,LVG2
192.962000000015,0.6474609375,-0.5185546875,0.755859375,0.7981688652413091,-0.076624211063166,-0.95141728736764,LVG2
192.98200000001498,0.68701171875,0.0732421875,1.06884765625,1.1674549935596201,0.170276024584813,-0.8130680173924799,LVG2
193.002000000015,0.72802734375,0.3818359375,1.32080078125,0.143670395743436,0.47358019337651,-0.512956524061748,LVG2
193.022000000015,0.4033203125,0.43310546875,0.9814453125,-0.87585730145813,0.7545356339414508,-0.00212845030731,LVG2
193.047000000015,0.314453125,0.1689453125,0.82421875,-1.0163350217406,0.8237102689290309,-0.251157136262599,LVG2
193.06700000001499,0.61474609375,-0.3662109375,0.9912109375,-0.8460589971557879,0.887563778148336,-1.03016994873812,LVG2
193.087000000015,0.5498046875,-1.28515625,0.693359375,-0.8992702548385421,0.7002601511050419,-1.2153451254741001,LVG2
193.10700000001498,0.02490234375,-0.916015625,0.6796875,0.237322209265083,0.43846076330589295,-0.770499011246277,LVG2
193.128000000015,0.16015625,-0.30712890625,1.06396484375,1.18767527147907,0.226679957728532,-0.292661917255147,LVG2
193.148000000015,0.39501953125,0.43798828125,1.1953125,0.623635940041876,0.42781851176934205,-0.17666137550674302,LVG2
193.172000000015,0.3740234375,0.2724609375,0.26806640625,-2.13589988338574,0.5012500473715421,-1.06316092850142,LVG2
193.19200000001499,0.828125,-0.4609375,0.29833984375,-1.08231698126722,0.157505322740952,-1.33879524329809,LVG2
193.213000000015,0.9482421875,-0.337890625,0.67529296875,-0.022348728226757004,0.34480894978424603,-0.9801513665163281,LVG2
193.23300000001498,1.0048828125,-0.22802734375,0.64599609375,-0.669397621649045,0.642791992807668,-0.6864252241075259,LVG2
193.253000000015,0.75732421875,-0.1142578125,0.416015625,-1.2696206083105102,0.553397079900641,-0.7396364817902801,LVG2
193.273000000015,0.68505859375,-0.15673828125,0.44873046875,-2.34235956319483,0.09471603867530198,-0.656626919805184,LVG2
193.29300000001498,0.57421875,-0.28369140625,0.45263671875,-2.85425186210292,0.223487282267567,-0.796040414933999,LVG2
193.313000000015,0.66552734375,0.6220703125,0.720703125,-2.15505593615153,0.7034528265660072,-1.64316363724344,LVG2
193.333000000015,1.34130859375,-0.3447265625,0.39013671875,-3.31080445302095,1.28451976046168,-2.0528903214006498,LVG2
193.353000000015,1.48095703125,-0.85009765625,0.36669921875,-3.65987030341982,0.9727017904407421,-1.42180480528319,LVG2
193.373000000015,0.96875,-0.93994140625,0.5419921875,-3.92911926729455,0.33735937370866,-0.814132242546135,LVG2
193.39300000001498,0.76513671875,-0.8623046875,0.4892578125,-3.58537454266396,-0.303304168791697,0.040440555838893,LVG2
193.413000000015,0.66162109375,-0.68798828125,0.57373046875,-4.1483496489475,-0.610865238198015,0.7853981633974481,LVG2
193.433000000015,0.44287109375,-0.81640625,0.470703125,-4.8400959988233,-1.07593163034528,1.10679415980128,LVG2
193.45300000001498,0.49560546875,-0.93115234375,0.373046875,-3.6800905813392597,-0.919490532757988,0.8567012486923391,LVG2
193.473000000015,0.47216796875,-1.0712890625,0.2236328125,-2.06459679809085,-0.36609345285734707,0.567232006898157,LVG2
193.493000000015,0.30078125,-1.0673828125,-0.001953125,-0.53211257682754,-0.36396500255003705,0.664076495880769,LVG2
193.51300000001498,0.7822265625,-1.2626953125,0.064453125,0.9631237640578472,-0.424625836308377,1.0684820542697,LVG2
193.534000000015,0.88134765625,-0.88720703125,0.353515625,1.75277882806992,-0.291597692101492,1.02059192235522,LVG2
193.55400000001498,0.7353515625,-0.77099609375,0.490234375,2.2242305711391204,-0.5619108811298821,0.969509114979777,LVG2
193.574000000015,0.5888671875,-0.72802734375,0.6953125,2.52114938900888,-0.588516509971259,0.842866321694823,LVG2
193.594000000015,0.47021484375,-0.2373046875,0.666015625,1.2238589267033402,-0.8311598450046171,0.5076353982934729,LVG2
193.61400000001498,0.58447265625,-0.41845703125,0.40673828125,0.024477178534067005,-1.1238217622597602,0.37035035347196704,LVG2
193.635000000015,0.85498046875,-0.93408203125,0.18310546875,0.377799929547553,-0.731122680561039,0.53211257682754,LVG2
193.65500000001498,0.6328125,-0.92236328125,0.3408203125,2.03479849378851,0.543819053517745,0.27989121541128603,LVG2
193.67400000001498,0.44482421875,-1.1533203125,0.32568359375,3.73117338871471,0.768370560938967,-0.159633773048262,LVG2
193.699000000015,0.65966796875,-0.53125,0.76806640625,5.69147612174736,1.13127133833535,-0.6917463498758011,LVG2
193.720000000015,0.3955078125,0.67626953125,1.44677734375,4.4729383208122995,1.3409236936053999,-0.610865238198015,LVG2
193.740000000015,0.53759765625,0.36767578125,1.3701171875,-0.450167239996098,0.7247373296391091,-0.323524446711144,LVG2
193.760000000015,0.47314453125,-0.4716796875,0.7451171875,-2.3498091392704197,0.985472492284603,-0.8747930763044749,LVG2
193.78000000001498,0.13037109375,-0.3857421875,0.8779296875,-1.1951248475546499,1.1174364113378301,-1.25259300585203,LVG2
193.800000000015,0.18115234375,0.25146484375,1.28466796875,-1.81876078759653,0.573617357820088,-0.9258758836799191,LVG2
193.819000000015,0.123046875,0.2509765625,0.8388671875,-4.617672941709389,0.355451201320796,-0.5746815829737429,LVG2
193.84000000001498,0.06640625,-0.45263671875,0.09326171875,-6.3193689624038605,-0.147927296358056,-0.148991521511711,LVG2
193.860000000015,0.2919921875,-0.25537109375,0.5888671875,-5.8872935500199,-0.783269713090138,0.06491773437296,LVG2
193.880000000015,0.6494140625,-0.54345703125,0.5400390625,-6.041606197299879,-1.03442684935274,-0.09365181352164699,LVG2
193.90000000001498,0.8525390625,-1.294921875,-0.17138671875,-6.23848785072607,-0.962059538904192,-0.152184196972676,LVG2
193.920000000015,0.77197265625,-1.11083984375,-0.02587890625,-4.86350895220371,-0.43633231299858205,-0.019156052765792,LVG2
193.94100000001498,0.611328125,-0.59423828125,0.078125,-4.2409372373154905,0.393763306852379,-0.143670395743436,LVG2
193.961000000015,0.38818359375,-0.97509765625,-0.439453125,-4.6123518159411105,0.722608879331799,-0.5906449602785689,LVG2
193.981000000015,0.59423828125,-1.416015625,-0.42919921875,-3.55451201320796,0.33523092340134997,-0.7981688652413091,LVG2
194.00100000001498,0.51513671875,-1.28173828125,-0.1767578125,-1.7293658746895,0.21497348103832603,-0.7077097271806279,LVG2
194.021000000015,0.451171875,-1.3173828125,-0.10693359375,-0.73750803148297,0.152184196972676,-0.365029227703692,LVG2
194.041000000015,0.3984375,-1.568359375,-0.06298828125,0.37035035347196704,-0.441653438766858,0.20113855404081,LVG2
194.06100000001499,0.64306640625,-1.66259765625,0.03662109375,1.80173318513805,-1.25046455554472,0.870536175689855,LVG2
194.081000000015,0.8466796875,-2.32666015625,-0.3095703125,3.6300719991174706,-1.13020711318169,1.4452177586636001,LVG2
194.101000000015,0.75341796875,-2.30322265625,-0.5595703125,7.78799967444787,-0.26286361295280397,1.14084936471824,LVG2
194.121000000015,0.90966796875,-1.06298828125,-0.25439453125,11.026436817020302,0.37035035347196704,1.14510626533287,LVG2
194.141000000015,0.73486328125,0.3671875,0.17626953125,10.3038279376885,1.224923151857,1.14297781502556,LVG2
194.16200000001498,0.392578125,0.3818359375,-0.12255859375,6.519443291291009,1.4313828316660802,0.907784056067782,LVG2
194.181000000015,0.18115234375,-0.21337890625,0.1201171875,4.63789321962883,0.857765473845994,0.38631373077679404,LVG2
194.202000000015,0.45166015625,-0.34033203125,0.68212890625,4.6410858950898,-0.28946924179418104,0.011706476690206002,LVG2
194.22100000001498,0.6201171875,0.21044921875,0.78369140625,3.18629011004331,-0.7822054879364829,-0.4320754123839621,LVG2
194.242000000015,0.59228515625,0.1123046875,0.6630859375,0.982279816823638,-0.4714517430692,-0.8779857517654399,LVG2
194.26200000001498,0.28759765625,-0.43115234375,0.46923828125,-0.401212882927965,-0.320331771250179,-0.797104640087654,LVG2
194.282000000015,0.26611328125,-0.39306640625,0.66455078125,-0.637470867039392,-0.7204804290244878,-0.6002229866614649,LVG2
194.302000000015,0.39892578125,0.07958984375,0.8095703125,-1.18341837086445,-0.7587925345560709,-0.251157136262599,LVG2
194.32200000001498,0.46630859375,-0.36962890625,0.53515625,-1.9773303354911398,-0.285212341179561,-0.38844218108410405,LVG2
194.342000000015,0.443359375,-0.5068359375,0.78369140625,-0.9290685591408839,0.039376330685238,-0.584259609356638,LVG2
194.362000000015,0.23388671875,0.42529296875,1.25244140625,-0.43952498845954796,-0.10961519082647302,-0.454424140610719,LVG2
194.38200000001498,0.6025390625,0.41845703125,0.96728515625,-3.3076117775599903,-0.247964460801633,-0.36928612831831203,LVG2
194.402000000015,0.66845703125,-0.8330078125,0.5517578125,-6.235295175265111,0.20326700434811998,0.117064766902059,LVG2
194.422000000015,0.63232421875,-1.1884765625,0.6005859375,-6.6003244029688,0.9035271554531621,0.595966086046844,LVG2
194.44200000001499,0.48046875,-1.146484375,0.37109375,-6.608838204198039,1.1951248475546499,1.10572993464763,LVG2
194.462000000015,0.44921875,-1.125,0.08154296875,-6.7386736729439605,1.0376195248137001,1.5750532274095201,LVG2
194.48200000001498,0.46826171875,-1.2626953125,-0.12841796875,-6.61096665450535,0.937582360370125,1.8251461385184602,LVG2
194.502000000015,0.26025390625,-1.47802734375,-0.22119140625,-6.0575695746047105,0.7949761897803441,2.10823002939071,LVG2
194.522000000015,0.25244140625,-1.2666015625,-0.28076171875,-4.9007568325816395,0.371414578625623,2.36470829142159,LVG2
194.54300000001498,0.22607421875,-0.74951171875,-0.3212890625,-3.90570631391414,0.079816886524131,2.14122100915402,LVG2
194.563000000015,0.330078125,-0.7490234375,-0.2080078125,-3.67157678011002,-0.21603770619198104,1.530355770956,LVG2
194.583000000015,0.4306640625,-0.87255859375,-0.44775390625,-3.50449343098618,-0.14473462089709102,0.984408267130948,LVG2
194.603000000015,0.33935546875,-0.7685546875,-0.55224609375,-3.2075746131164102,-0.054275482836409004,0.8662792750752341,LVG2
194.622000000015,0.2470703125,-0.70361328125,-0.43017578125,-3.32251092971116,-0.277762765103976,0.9216189830652979,LVG2
194.642000000015,0.35986328125,-0.73876953125,-0.29541015625,-3.5662184898981697,-0.286276566333216,0.829031394697307,LVG2
194.663000000015,0.32373046875,-0.9013671875,-0.41162109375,-3.27036389718206,-0.164954898816537,0.685360998953871,LVG2
194.683000000015,0.2138671875,-0.8310546875,-0.3564453125,-2.6914254135936897,-0.461873716686304,0.533176801981195,LVG2
194.70300000001498,0.17529296875,-0.7255859375,-0.34619140625,-2.0986520030078197,-0.6715260719563549,0.300111493330732,LVG2
194.723000000015,0.1591796875,-0.64208984375,-0.37060546875,-1.8474948667452198,-0.5384979277494699,0.114936316594749,LVG2
194.74400000001498,0.15625,-0.8291015625,-0.35888671875,-1.2983546874592,-0.46293794183995896,0.00425690061462,LVG2
194.764000000015,0.11572265625,-1.13330078125,-0.3974609375,-0.07130308529489,-0.328845572479419,-0.025541403687721998,LVG2
194.784000000015,0.04443359375,-1.11767578125,-0.55517578125,1.05039022665756,-0.04895435706813401,-0.28308389087225105,LVG2
194.80400000001498,-0.0478515625,-0.6484375,-0.42822265625,0.015963377304826,0.158569547894607,-0.13622081966785002,LVG2
194.82800000001498,0.05322265625,-1.029296875,-0.3818359375,-0.571488907512777,0.4320754123839621,0.09684448898261201,LVG2
194.849000000015,0.080078125,-0.89599609375,-0.36865234375,-0.06278928406565,0.492736246142302,-0.10216561475088799,LVG2
194.86900000001498,0.25146484375,-0.9296875,-0.48681640625,0.157505322740952,0.286276566333216,-0.309689519713628,LVG2
194.889000000015,0.25390625,-0.7822265625,-0.52880859375,0.32565289701845396,0.338423598862315,-0.31501064548190305,LVG2
194.909000000015,0.2880859375,-0.8740234375,-0.62060546875,0.295854592716112,0.31288219517459304,-0.37035035347196704,LVG2
194.92900000001498,0.1474609375,-0.85546875,-0.67578125,0.715159303256213,0.29372614240880196,-0.5363694774421599,LVG2
194.949000000015,0.06494140625,-0.77490234375,-0.6630859375,1.16213386779135,-0.001064225153655,-0.511892298908093,LVG2
194.969000000015,0.1669921875,-0.6748046875,-0.58447265625,1.17171189417424,-0.313946420328248,-0.313946420328248,LVG2
194.98900000001498,0.18994140625,-0.67822265625,-0.65087890625,0.7779485873218629,-0.29904726817707694,-0.177725600660398,LVG2
195.009000000015,0.115234375,-0.8056640625,-0.69921875,0.660883820419804,-0.22135883196025602,-0.195817428272535,LVG2
195.029000000015,0.1259765625,-1.12646484375,-0.67626953125,0.9248116585262629,-0.393763306852379,-0.245836010494323,LVG2
195.04900000001498,0.15771484375,-1.10107421875,-0.59912109375,1.9358255544985903,-0.521470325290989,-0.275634314796665,LVG2
195.070000000015,0.21044921875,-0.8154296875,-0.40576171875,2.60096627553301,-0.644920443114978,-0.18198250127501897,LVG2
195.09000000001498,0.28515625,-0.67626953125,-0.23974609375,2.1210007312345702,-0.66833339649539,-0.038312105531583,LVG2
195.110000000015,0.18408203125,-0.8125,-0.25244140625,1.0142065714332902,-0.419304710540101,0.09578026382895699,LVG2
195.130000000015,0.140625,-1.06982421875,-0.31640625,0.389506406237759,-0.243707560187013,0.160697998201917,LVG2
195.14900000001498,0.10205078125,-1.03515625,-0.22998046875,0.41717626023279103,-0.117064766902059,0.26286361295280397,LVG2
195.170000000015,0.09326171875,-1.130859375,-0.1708984375,0.26924896387473496,-0.09045913806068198,0.29372614240880196,LVG2
195.190000000015,0.12158203125,-1.39501953125,-0.447265625,0.47358019337651,-0.10748674051916302,0.188367852196949,LVG2
195.210000000015,0.31591796875,-1.283203125,-0.505859375,2.08588130116396,-0.250092911108944,-0.025541403687721998,LVG2
195.230000000015,0.14501953125,-0.73193359375,-0.216796875,3.3523092340135,-0.20220277919446497,-0.119193217209369,LVG2
195.25000000001498,0.201171875,-0.83740234375,-0.09521484375,2.5285989650844702,-0.399084432620655,0.00638535092193,LVG2
195.270000000015,0.26171875,-0.8017578125,-0.1171875,1.55270449918276,-0.254349811723564,0.079816886524131,LVG2
195.290000000015,0.2021484375,-0.931640625,-0.1142578125,0.642791992807668,-0.003192675460965,0.08939491290702699,LVG2
195.31000000001498,0.2177734375,-0.92578125,-0.07666015625,0.018091827612136003,-0.11067941598012801,0.022348728226757004,LVG2
195.330000000015,0.20703125,-0.9404296875,-0.041015625,-0.307561069406318,-0.349065850398866,-0.030862529455997004,LVG2
195.350000000015,0.123046875,-0.72265625,-0.18994140625,-0.40440555838892994,-0.20752390496273998,-0.116000541748404,LVG2
195.371000000015,-0.00439453125,-0.83154296875,-0.17236328125,-1.05251867696487,0.449103014842443,-0.407598233849895,LVG2
195.391000000015,-0.0927734375,-1.12841796875,-0.068359375,-1.9411466802668602,0.504442722832507,-0.036183655224273,LVG2
195.41100000001498,0.0859375,-1.39013671875,0.013671875,-1.38242847459795,0.44803878968878796,0.12557856813129903,LVG2
195.431000000015,0.04638671875,-1.4658203125,0.10107421875,0.5235987755982989,0.80455421616324,0.39695598231334395,LVG2
195.451000000015,-0.1640625,-1.4150390625,0.1767578125,2.31362548404614,1.2057670990912,0.9918578432065341,LVG2
195.47100000001498,-0.0185546875,-1.26904296875,0.0654296875,3.0149498603048395,1.21321667516679,1.01101389597233,LVG2
195.491000000015,-0.07373046875,-0.939453125,-0.27783203125,3.1320146272069,1.1866110463254098,0.6704618468026999,LVG2
195.511000000016,-0.05224609375,-1.072265625,-0.40478515625,3.53961286105679,0.393763306852379,0.29904726817707694,LVG2
195.53100000001498,0.04638671875,-1.14111328125,-0.24267578125,4.72303123192124,-0.47783709399113106,0.06811040983392501,LVG2
195.551000000016,0.0673828125,-1.00390625,-0.02001953125,4.97205991787653,-0.7247373296391091,0.18517517673598397,LVG2
195.57200000001598,0.13037109375,-1.02587890625,0.0810546875,4.28989159438362,-0.715159303256213,0.147927296358056,LVG2
195.592000000016,0.2294921875,-0.87158203125,-0.00830078125,3.91102743968242,-0.740700706943935,0.10322983990454301,LVG2
195.612000000016,0.2783203125,-0.83837890625,0.1103515625,3.6183655224272697,-0.8396736462338571,0.10216561475088799,LVG2
195.63200000001598,0.1953125,-0.94482421875,0.2392578125,2.50944291231868,-0.632149741271117,0.123450117823989,LVG2
195.652000000016,0.1513671875,-1.09814453125,0.28955078125,2.02522046740562,-0.485286670066716,0.19049630250425897,LVG2
195.67200000001597,0.23876953125,-0.8623046875,0.2060546875,2.44878207856034,-0.730058455407384,0.20326700434811998,LVG2
195.69200000001598,0.36328125,-0.69091796875,0.3271484375,1.8059900857526698,-0.9524815125212959,0.220294606806601,LVG2
195.712000000016,0.33251953125,-0.76123046875,0.662109375,0.81093956708517,-0.80242576585593,0.128771243592265,LVG2
195.73200000001597,0.30810546875,-0.7958984375,0.9130859375,0.640663542500358,-0.38312105531582796,0.226679957728532,LVG2
195.75200000001598,0.35107421875,-0.69482421875,0.76904296875,0.37247880377927794,-0.120257442363024,0.297983043023422,LVG2
195.772000000016,0.375,-0.70361328125,0.63427734375,-0.42036893569375605,-0.072367310448545,0.251157136262599,LVG2
195.79300000001598,0.296875,-0.5048828125,0.60986328125,-1.32815299176154,-0.23200108349680698,0.10748674051916302,LVG2
195.813000000016,0.06494140625,-0.3515625,0.4814453125,-1.8666509195110101,-0.40014865777430997,0.242643335033358,LVG2
195.83300000001597,0.04443359375,-0.74755859375,0.6220703125,-1.3558228457565702,-0.336295148555005,0.4991215970642321,LVG2
195.85300000001598,0.1474609375,-0.59228515625,0.8212890625,-1.01101389597233,-0.42675428661568704,0.46719484245458,LVG2
195.873000000016,0.0615234375,-0.6591796875,0.68505859375,-1.28451976046168,-0.3597081019354171,0.16601912397019197,LVG2
195.89300000001597,0.00048828125,-0.6650390625,0.6083984375,-1.3888138255198799,-0.21390925588467102,-0.35332275101348604,LVG2
195.91300000001598,0.15576171875,-0.82421875,0.42041015625,-0.9524815125212959,-0.220294606806601,-0.844994772002133,LVG2
195.933000000016,0.263671875,-0.79931640625,0.52880859375,-0.48422244491306105,-0.06066083375833999,-1.0312341738917699,LVG2
195.95300000001598,0.2890625,-0.89697265625,0.4814453125,-0.28095544056494104,0.34055204916962495,-1.0610324781941098,LVG2
195.974000000016,0.15966796875,-0.853515625,0.3427734375,-0.685360998953871,0.702388601412352,-1.0471975511966,LVG2
195.99400000001597,0.224609375,-1.20654296875,0.40673828125,-1.58037435317779,0.701324376258697,-0.641727767654013,LVG2
196.01400000001598,0.35498046875,-1.8564453125,0.6455078125,-1.66870504093116,0.764113660324347,0.001064225153655,LVG2
196.034000000016,0.2578125,-1.6123046875,0.38037109375,-0.539562152903125,0.9258758836799191,0.698131700797732,LVG2
196.05400000001598,-0.0458984375,-1.2021484375,0.44873046875,1.3590155212175399,0.7619852100170369,1.2462076549301002,LVG2
196.07300000001598,-0.09375,-1.10498046875,0.4306640625,2.3349099871192402,0.147927296358056,1.22705160216431,LVG2
196.094000000016,0.15283203125,-1.14892578125,0.46142578125,2.72015949274238,-0.5363694774421599,0.7779485873218629,LVG2
196.11400000001598,-0.04150390625,-0.85791015625,0.7744140625,2.95003212593188,-0.456552590918029,0.487415120374026,LVG2
196.134000000016,-0.27001953125,-0.75341796875,0.78076171875,2.74889357189107,-0.38631373077679404,0.22455150742122199,LVG2
196.154000000016,-0.2158203125,-0.6767578125,0.79736328125,2.42536912517992,-0.521470325290989,0.08194533683144099,LVG2
196.17400000001598,0.0859375,-0.6103515625,0.93017578125,1.9624311833399701,-0.141541945436126,-0.054275482836409004,LVG2
196.194000000016,0.1025390625,-0.8935546875,0.77099609375,1.5888881544070301,0.40014865777430997,-0.169211799431158,LVG2
196.21400000001597,0.06640625,-0.93505859375,0.53955078125,1.1887394966327198,0.35757965162810706,-0.11067941598012801,LVG2
196.23400000001598,0.0888671875,-0.9365234375,0.35400390625,2.25935000120973,-0.079816886524131,0.245836010494323,LVG2
196.254000000016,0.03662109375,-0.66552734375,0.71533203125,3.8312105531582796,-0.145798846050746,0.529984126520229,LVG2
196.27400000001597,-0.1103515625,-0.28369140625,0.98974609375,2.77230652527148,-0.075559985909511,0.055339707990064005,LVG2
196.295000000016,-0.20263671875,-0.50146484375,0.65234375,2.84893073633465,-0.257542487184529,-0.511892298908093,LVG2
196.31500000001597,-0.02294921875,-0.3017578125,0.751953125,3.9259265918335897,-0.543819053517745,-0.5427548283640901,LVG2
196.33500000001598,0.044921875,0.06396484375,0.5107421875,2.67333358598156,-0.308625294559973,-0.7981688652413091,LVG2
196.35900000001598,0.0849609375,-0.1513671875,0.02734375,2.14441368461498,-0.632149741271117,-1.41541945436126,LVG2
196.379000000016,0.65771484375,-0.40087890625,0.76123046875,3.2799419235649503,-1.36433664698581,-1.81131121152094,LVG2
196.40000000001598,0.701171875,-0.880859375,0.46630859375,2.44665362825303,-1.0727389548843198,-1.52077774457311,LVG2
196.420000000016,0.55078125,-1.74462890625,-0.11376953125,0.8194533683144108,-0.6278928406564971,-0.666204946188079,LVG2
196.44000000001597,0.9853515625,-1.3505859375,0.2880859375,2.30830435827787,-0.656626919805184,0.7981688652413091,LVG2
196.46000000001598,0.98193359375,-0.39794921875,0.603515625,2.30085478220228,-0.159633773048262,2.00606441463982,LVG2
196.480000000016,0.70947265625,-0.01611328125,0.65478515625,0.914169406989713,-0.13622081966785002,2.21252409444891,LVG2
196.50100000001598,0.42919921875,0.00341796875,0.68603515625,0.533176801981195,-0.731122680561039,1.84643064159156,LVG2
196.521000000016,0.41162109375,0.10546875,0.69140625,1.0322983990454302,-1.3270887666078799,1.5388695721852401,LVG2
196.54100000001597,0.44482421875,0.34326171875,0.87744140625,0.591709185432224,-1.71127404707737,1.19938174816927,LVG2
196.56100000001598,0.29443359375,0.5078125,1.22705078125,0.252221361416254,-2.02734891771293,0.8343525204655821,LVG2
196.58500000001598,0.19384765625,0.5791015625,1.08935546875,-0.809875341931515,-2.21784522021718,0.284148116025906,LVG2
196.606000000016,0.4013671875,0.271484375,0.947265625,-2.70206766513025,-2.40408462210682,-0.240514884726048,LVG2
196.62600000001598,0.64306640625,0.3818359375,1.2548828125,-4.09194571580378,-2.35193758957773,-0.923747433372609,LVG2
196.646000000016,0.685546875,0.71337890625,1.56298828125,-6.337460790016,-1.99222948764231,-1.02697727327715,LVG2
196.66600000001597,0.81396484375,0.5693359375,0.90234375,-8.908628761246671,-1.73255855015047,-1.5005574666536599,LVG2
196.68500000001598,1.19677734375,0.44775390625,0.00390625,-10.258066256081301,-1.33773101814443,-1.82408191336481,LVG2
196.706000000016,1.3994140625,-0.240234375,-0.25927734375,-11.825669907415199,0.730058455407384,-1.23130850277893,LVG2
196.72600000001597,1.1162109375,-0.7509765625,-0.138671875,-11.8873949663272,1.8879354225841103,-0.714095078102558,LVG2
196.74600000001598,0.75830078125,-1.3173828125,-0.7841796875,-11.554292493233199,2.15079903553691,-0.502314272525197,LVG2
196.766000000016,0.59326171875,-0.982421875,-0.74609375,-10.6720498408531,2.19443226683677,-0.43420386269127204,LVG2
196.78600000001597,0.35400390625,-1.8046875,-0.3740234375,-7.46873212835135,2.2646711269780098,-0.6055441124297399,LVG2
196.807000000016,0.30078125,-2.1787109375,-0.537109375,-3.69392550833678,1.5037501421146298,-0.9950505186674989,LVG2
196.82700000001597,0.2001953125,-1.88525390625,-0.6337890625,-1.68360419308234,0.553397079900641,-0.584259609356638,LVG2
196.84700000001598,0.40380859375,-1.6796875,-0.4638671875,-0.481029769452096,0.036183655224273,-0.352258525859831,LVG2
196.867000000016,0.55224609375,-1.60205078125,-0.576171875,1.42074058012953,-0.619379039427256,-0.06917463498758,LVG2
196.886000000016,0.6640625,-1.583984375,-0.5751953125,2.7339944197398998,-1.03868374996736,0.225615732574877,LVG2
196.90700000001598,0.49951171875,-1.65869140625,-0.61767578125,4.0653400869624,-1.3930707261345,0.46506639214726997,LVG2
196.927000000016,0.48193359375,-1.3779296875,-0.6005859375,6.28212108202593,-1.97200920972286,0.38844218108410405,LVG2
196.94700000001598,0.48583984375,-1.205078125,-0.439453125,7.12924430433537,-2.04863342078603,0.159633773048262,LVG2
196.967000000016,0.86865234375,-0.42431640625,0.20703125,8.45420462063595,-1.6740261666994398,-0.403341333235275,LVG2
196.987000000016,0.615234375,-0.30029296875,0.05712890625,8.13174439907846,-0.47677286883747494,-0.001064225153655,LVG2
197.00700000001598,0.28955078125,-0.26416015625,-0.26171875,7.779485873218629,-0.021284503073102003,0.10748674051916302,LVG2
197.028000000016,0.4462890625,-0.40234375,0.1201171875,8.78305019311537,-0.412919359618171,0.11387209144109299,LVG2
197.052000000016,0.23388671875,0.48681640625,0.5810546875,7.352731586602941,-0.245836010494323,-0.5619108811298821,LVG2
197.07200000001598,0.5048828125,0.31298828125,0.59228515625,5.08061088354935,-0.46293794183995896,-1.13127133833535,LVG2
197.092000000016,0.6708984375,0.18212890625,0.6416015625,3.76522859363167,-0.30436839394535303,-1.10466570949397,LVG2
197.11300000001597,0.31005859375,-0.1494140625,0.56396484375,2.786141452269,0.19368897796522402,-1.2994189126128501,LVG2
197.13300000001598,0.70556640625,-0.0498046875,0.82080078125,2.4828372834773,-0.29904726817707694,-1.0833812064208699,LVG2
197.153000000016,0.787109375,-0.0341796875,0.2919921875,1.17384034448155,-0.156441097587297,-1.01207812112598,LVG2
197.177000000016,0.5107421875,-0.515625,-0.056640625,1.61442955809475,-0.039376330685238,-1.2674921580032,LVG2
197.19700000001598,0.65087890625,-0.283203125,0.47314453125,3.41190584261818,-0.584259609356638,-1.2494003303910601,LVG2
197.218000000016,0.66162109375,-0.17626953125,0.08251953125,2.1859184656075303,-0.8343525204655821,-1.1514916162548001,LVG2
197.23800000001597,0.880859375,-0.57666015625,-0.0087890625,1.67615461700675,-1.20683132424486,-1.26855638315685,LVG2
197.25800000001598,1.4072265625,-0.54736328125,1.28466796875,3.29484107571613,-1.0684820542697,-0.568296232051812,LVG2
197.278000000016,1.390625,0.0302734375,1.421875,2.19975339260505,-0.058532383451029006,0.373543028932933,LVG2
197.302000000016,1.2607421875,0.48681640625,1.107421875,0.28734079148687103,0.445910339381478,0.66833339649539,LVG2
197.32300000001598,1.23974609375,0.69677734375,1.42578125,1.0833812064208699,0.42036893569375605,0.20858813011639601,LVG2
197.343000000016,1.03076171875,0.37841796875,1.212890625,1.3068684886884399,0.351194300706176,-0.09471603867530198,LVG2
197.36300000001597,0.9501953125,0.30126953125,1.0029296875,1.38668537521257,0.13834926997516,-0.011706476690206002,LVG2
197.38300000001598,0.8662109375,0.224609375,0.79638671875,2.08588130116396,0.04682590676082401,0.241579109879703,LVG2
197.402000000016,0.93603515625,0.25732421875,0.91455078125,2.52327783931619,0.124514342977644,0.338423598862315,LVG2
197.42300000001597,0.86279296875,0.24951171875,0.65966796875,2.55201191846488,0.251157136262599,0.16282644850922698,LVG2
197.44300000001599,0.859375,0.0556640625,0.380859375,3.47469512668383,0.412919359618171,0.226679957728532,LVG2
197.463000000016,0.83984375,0.21044921875,0.70849609375,3.5161999076763797,0.7609209848633821,0.300111493330732,LVG2
197.48300000001598,0.6787109375,0.6728515625,0.62451171875,1.7091455967700602,0.80455421616324,0.19688165342619002,LVG2
197.503000000016,0.69140625,0.51904296875,0.326171875,1.17384034448155,0.660883820419804,0.20007432888715498,LVG2
197.52400000001597,0.66455078125,0.384765625,0.57861328125,1.5005574666536599,0.177725600660398,0.08939491290702699,LVG2
197.54400000001598,0.6552734375,0.57470703125,0.70263671875,0.246900235647978,0.029798304302342003,-0.36928612831831203,LVG2
197.564000000016,0.6162109375,0.56640625,0.4365234375,-1.03336262419908,0.051082807375443996,-0.26392783810646,LVG2
197.588000000016,0.685546875,0.1689453125,0.626953125,-0.47358019337651,0.19156052765791398,0.22135883196025602,LVG2
197.60800000001598,0.6474609375,0.1240234375,0.65185546875,-0.14047772028247002,0.431011187230307,0.142606170589781,LVG2
197.629000000016,0.63818359375,-0.220703125,0.4619140625,0.08939491290702699,0.36609345285734707,0.130899693899575,LVG2
197.64900000001597,0.6630859375,-0.11865234375,0.609375,1.7336227753041202,0.142606170589781,0.41611203507913597,LVG2
197.66900000001598,0.76953125,0.06689453125,0.66357421875,2.7052603405912103,0.123450117823989,0.648113118575943,LVG2
197.689000000016,0.7666015625,0.0068359375,0.5185546875,2.81700398172499,0.31288219517459304,0.7577283094024159,LVG2
197.70800000001597,0.76611328125,-0.03076171875,0.52978515625,3.2224737652675803,0.36396500255003705,0.863086599614269,LVG2
197.729000000016,0.75830078125,0.0859375,0.5888671875,3.73117338871471,0.290533466947837,1.00782122051136,LVG2
197.749000000016,0.701171875,0.1884765625,0.5576171875,3.7120173359489197,0.351194300706176,1.1397851395645902,LVG2
197.76900000001598,0.7080078125,0.2783203125,0.494140625,3.47043822606921,0.522534550444644,1.2015101984765801,LVG2
197.789000000016,0.73486328125,0.4375,0.48095703125,3.13520730266786,0.675782972570975,1.2345011782398898,LVG2
197.80900000001597,0.69287109375,0.5556640625,0.3896484375,2.40408462210682,0.7736916867072429,1.25472145615934,LVG2
197.82900000001598,0.6220703125,0.59326171875,0.25341796875,1.74320080168702,0.7194162038708342,1.2238589267033402,LVG2
197.849000000016,0.62890625,0.87158203125,0.4599609375,1.21640935062776,0.550204404439676,1.14404204017921,LVG2
197.874000000016,0.650390625,1.029296875,0.5458984375,-0.194753203118879,0.45868104122533904,0.791783514319379,LVG2
197.89400000001598,0.6640625,1.087890625,0.3212890625,-1.61655800840207,0.4991215970642321,0.345873174937901,LVG2
197.914000000016,0.75830078125,1.0625,0.29833984375,-2.7680496246568596,0.6247001651955311,0.050018582221788996,LVG2
197.93500000001598,0.97412109375,1.1220703125,0.65185546875,-6.277864181411309,0.821581818621721,-0.230936858343152,LVG2
197.95500000001599,0.814453125,1.20703125,0.583984375,-8.15515735245887,0.8779857517654399,-0.233065308650462,LVG2
197.975000000016,0.8427734375,0.87158203125,0.29541015625,-11.5266226392382,0.801361540702275,-0.072367310448545,LVG2
197.999000000016,0.8955078125,0.48095703125,-0.35791015625,-14.9012806014784,0.910976731528748,0.27989121541128603,LVG2
198.01900000001598,0.5986328125,-0.552734375,-0.80517578125,-14.4351499841775,1.3632724218321601,1.04294065058198,LVG2
198.040000000016,0.58056640625,-1.35546875,-0.35791015625,-10.580526477638802,1.4824656390415298,0.80455421616324,LVG2
198.06000000001598,0.94873046875,-0.97412109375,0.64404296875,-8.027450334020259,1.36007974637119,0.67471874741732,LVG2
198.08000000001599,0.875,-1.0341796875,0.3974609375,-9.15233632143368,1.5367411218779299,1.04294065058198,LVG2
198.104000000016,0.4716796875,-1.3779296875,-0.2587890625,-7.084546847881861,1.1514916162548001,1.1600054174840402,LVG2
198.12500000001597,0.5830078125,-1.1494140625,0.4482421875,-3.33847430701598,0.399084432620655,0.747086057865866,LVG2
198.14500000001598,0.71337890625,-0.79638671875,0.46728515625,-1.96668808395459,0.455488365764374,0.313946420328248,LVG2
198.165000000016,0.3603515625,-1.13525390625,-0.009765625,-1.25046455554472,0.6598195952661489,0.074495760755856,LVG2
198.18500000001598,0.30712890625,-1.15478515625,0.01611328125,0.726865779946419,-0.08513801229240599,0.06385350921930501,LVG2
198.20500000001599,0.4228515625,-1.2294921875,0.087890625,2.03160581832755,-0.8907564536093009,0.153248422126331,LVG2
198.225000000016,0.54443359375,-1.96728515625,-0.025390625,3.6343288997320897,-1.7751275562966697,0.702388601412352,LVG2
198.24500000001598,0.7421875,-1.97998046875,-0.00927734375,7.74117376768705,-2.2827629545901402,0.841802096541167,LVG2
198.265000000016,0.689453125,-0.966796875,0.001953125,10.824234037825802,-2.19762494229774,0.93864658552378,LVG2
198.28500000001597,0.541015625,0.0107421875,0.19189453125,9.7536235332488,-2.24657929936587,1.1238217622597602,LVG2
198.30500000001598,0.34423828125,-0.02880859375,0.5322265625,6.684398190107549,-2.6435352816792204,0.449103014842443,LVG2
198.325000000016,0.52783203125,-0.08642578125,0.07275390625,4.87415120374026,-2.84467383572003,-0.708773952334283,LVG2
198.34600000001598,0.98779296875,-0.25390625,-0.0888671875,3.7354302893293303,-1.53780534703159,-0.8971418045312322,LVG2
198.366000000016,1.33447265625,-0.03076171875,0.55419921875,3.9589175715968903,1.65487011393365,-0.10003716444357699,LVG2
198.386000000016,0.283203125,0.3046875,1.31298828125,3.91102743968242,3.96423869736517,0.230936858343152,LVG2
198.41000000001597,-0.05419921875,0.818359375,1.39404296875,0.19901010373349998,0.371414578625623,0.690682124722146,LVG2
198.43100000001598,0.546875,0.10546875,1.05126953125,-1.00250009474308,-0.594901860893189,0.898206029684887,LVG2
198.451000000016,0.541015625,0.09326171875,1.498046875,-2.3146897091997998,-1.18022569540348,1.04400487573563,LVG2
198.47100000001598,0.4833984375,0.1162109375,1.39404296875,-3.89399983722393,-2.2487077496731804,1.08125275611356,LVG2
198.491000000016,0.48095703125,-0.07177734375,0.79296875,-4.05895473604047,-2.4711308067870896,0.502314272525197,LVG2
198.511000000016,0.61669921875,-0.255859375,0.4609375,-3.6556134028052,-1.77619178145033,0.076624211063166,LVG2
198.53000000001597,0.81689453125,-0.40576171875,0.095703125,-3.6864759322611897,-0.588516509971259,0.385249505623139,LVG2
198.551000000016,0.86669921875,-0.58349609375,0.44384765625,-3.90038518814587,0.49380047129595706,0.291597692101492,LVG2
198.57100000001597,0.59765625,-0.759765625,0.3896484375,-2.5445623423892902,1.2983546874592,0.018091827612136003,LVG2
198.59100000001598,0.11328125,-1.0927734375,-0.26318359375,-0.403341333235275,0.38631373077679404,0.145798846050746,LVG2
198.611000000016,0.20458984375,-0.9052734375,-0.23193359375,0.349065850398866,-0.863086599614269,0.19901010373349998,LVG2
198.63100000001597,0.3720703125,-0.689453125,-0.0166015625,0.7258015547927641,-1.7815129072186002,0.018091827612136003,LVG2
198.652000000016,0.5810546875,-0.39111328125,0.107421875,0.47251596822285497,-2.04118384471044,-0.17240447489212302,LVG2
198.671000000016,0.83837890625,-0.24853515625,0.50830078125,0.058532383451029006,-1.53780534703159,-0.18198250127501897,LVG2
198.69600000001597,0.73291015625,-0.3837890625,0.90283203125,-0.078752661370476,-0.8567012486923391,-0.143670395743436,LVG2
198.71600000001598,0.6630859375,-0.40771484375,0.57421875,0.34161627432328,-0.28095544056494104,-0.19049630250425897,LVG2
198.736000000016,0.55712890625,-0.70751953125,0.6767578125,1.27813440953975,0.37035035347196704,-0.33948782401597,LVG2
198.75700000001598,0.85888671875,-0.6416015625,1.0400390625,2.57010374607702,0.616186363966291,-0.492736246142302,LVG2
198.777000000016,0.6513671875,-0.22119140625,0.77734375,2.9883442314634596,0.642791992807668,-0.602351436968775,LVG2
198.801000000016,0.50146484375,-0.28857421875,0.75341796875,2.30724013312421,-0.084073787138751,-0.923747433372609,LVG2
198.82100000001597,0.7451171875,-0.552734375,0.884765625,2.53285586569909,-0.20858813011639601,-1.02910572358446,LVG2
198.842000000016,0.78125,-0.30126953125,1.08251953125,2.55733304423315,-0.123450117823989,-1.02697727327715,LVG2
198.862000000016,0.501953125,0.0595703125,0.91259765625,1.47714451327325,-0.018091827612136003,-1.4196763549758797,LVG2
198.88200000001598,0.50830078125,-0.26611328125,0.49853515625,1.91986217719376,-0.07023886014123501,-1.81769656244288,LVG2
198.902000000016,0.87646484375,-0.54833984375,0.7216796875,2.6382141559109398,-0.053211257682754004,-1.84643064159156,LVG2
198.921000000016,0.92626953125,-0.35498046875,1.1123046875,2.88937129217354,-0.043633231299858,-1.6335856108605502,LVG2
198.94200000001598,0.7666015625,-0.35205078125,0.96435546875,1.6452920875507502,-0.168147574277502,-1.1887394966327198,LVG2
198.962000000016,0.63916015625,-0.2998046875,0.17333984375,2.8350958093371297,-0.09045913806068198,-0.913105181836058,LVG2
198.98200000001597,0.68505859375,0.44921875,0.67333984375,3.48640160337404,-0.001064225153655,-0.683232548646561,LVG2
199.00200000001598,0.56005859375,0.69775390625,1.15380859375,2.5264705147771602,0.20539545465543,-0.681104098339251,LVG2
199.022000000016,0.83984375,0.2685546875,0.91259765625,0.8162606928534458,0.259670937491839,-1.14936316594749,LVG2
199.04200000001597,1.0390625,0.0244140625,0.6220703125,0.6651407210344239,0.30436839394535303,-1.224923151857,LVG2
199.063000000016,0.97802734375,-0.13232421875,0.83642578125,1.47075916235132,0.47251596822285497,-1.3132538396103701,LVG2
199.08300000001597,1.18359375,-0.2529296875,1.0673828125,1.79428360906246,0.40653400869623996,-1.40584142797836,LVG2
199.10200000001598,1.45703125,-0.34716796875,0.93505859375,1.29516201199823,0.40440555838892994,-1.15042739110114,LVG2
199.12700000001598,1.25830078125,-0.34716796875,0.70654296875,1.09402345795742,0.7609209848633821,-0.264992063260115,LVG2
199.148000000016,1.06591796875,-0.154296875,0.70458984375,1.1631980929449999,0.9684448898261221,0.34268049947693496,LVG2
199.16800000001598,0.90185546875,-0.0361328125,0.412109375,0.955674187982261,1.2866482107689898,0.8513801229240631,LVG2
199.188000000016,0.7685546875,0.021484375,0.29345703125,1.3898780506735302,1.51545661880483,1.00356431989674,LVG2
199.20800000001597,0.7666015625,0.0927734375,0.42138671875,1.6846684182359901,1.32389609114692,1.05251867696487,LVG2
199.22800000001598,0.7216796875,0.14013671875,0.412109375,0.9950505186674989,0.9311970094481941,1.00143586958943,LVG2
199.247000000016,0.7607421875,-0.05810546875,0.16943359375,0.46080949153264894,0.620443264580911,0.9343896849091591,LVG2
199.26800000001597,0.7431640625,-0.20849609375,0.1884765625,0.791783514319379,0.8151964676997909,0.7736916867072429,LVG2
199.28800000001598,0.66943359375,-0.0634765625,0.4443359375,1.16958344386693,0.999307419282119,1.03016994873812,LVG2
199.308000000016,0.6328125,-0.08056640625,0.58935546875,1.13872091441093,0.8556370235386841,1.25365723100568,LVG2
199.32800000001703,0.599609375,0.00732421875,0.6259765625,1.2494003303910601,0.623635940041876,1.3430521439127099,LVG2
199.348000000017,0.6572265625,0.11669921875,0.6728515625,1.21960202608872,0.39695598231334395,1.40796987828567,LVG2
199.36900000001597,0.685546875,0.2705078125,0.712890625,1.1419135898719,0.401212882927965,1.43031860651243,LVG2
199.39300000001703,0.60498046875,0.50048828125,0.935546875,0.918426307604333,0.345873174937901,1.27174905861782,LVG2
199.41300000001598,0.61328125,0.6240234375,1.0224609375,0.4991215970642321,0.159633773048262,1.03655529966005,LVG2
199.43300000001702,0.67431640625,0.65625,1.0361328125,-0.223487282267567,-0.032990979763308,0.7034528265660072,LVG2
199.45300000001703,0.73486328125,0.556640625,0.96337890625,-0.8279671695436519,-0.065981959526615,0.481029769452096,LVG2
199.474000000016,0.728515625,0.57373046875,0.96337890625,-1.28451976046168,0.09471603867530198,0.42675428661568704,LVG2
199.49400000001702,0.6796875,0.552734375,0.88671875,-2.0635325729372003,0.20007432888715498,0.4714517430692,LVG2
199.514000000017,0.66552734375,0.50927734375,0.8994140625,-2.8925639676345,0.275634314796665,0.588516509971259,LVG2
199.53400000001702,0.580078125,0.345703125,0.7822265625,-3.17139095789214,0.367157678011002,0.7321869057146941,LVG2
199.55400000001703,0.5537109375,0.21142578125,0.7685546875,-2.88298594125161,0.256478262030874,0.7183519787171779,LVG2
199.574000000017,0.62353515625,0.1025390625,0.71826171875,-2.6297003546817,-0.21390925588467102,0.522534550444644,LVG2
199.59400000001702,0.63623046875,0.02392578125,0.6494140625,-1.99542216310327,-0.533176801981195,0.2969188178697669,LVG2
199.614000000017,0.50634765625,0.11376953125,0.60986328125,-0.988665167745568,-0.781141262782828,0.11067941598012801,LVG2
199.634000000017,0.53857421875,0.47998046875,0.4599609375,-0.21603770619198104,-0.9918578432065341,-0.150055746665366,LVG2
199.65400000001702,0.71142578125,0.21728515625,0.677734375,-0.907784056067782,-0.8822426523800608,-0.10961519082647302,LVG2
199.675000000017,0.7802734375,-0.1357421875,0.7001953125,-1.4196763549758797,-0.908848281221438,-0.123450117823989,LVG2
199.699000000017,0.79833984375,-0.2177734375,0.87255859375,-1.31751074022499,-0.8641508247679242,-0.07130308529489,LVG2
199.71900000001702,0.80322265625,-0.12744140625,0.900390625,-1.55164027402911,-0.689617899568491,0.10003716444357699,LVG2
199.739000000017,0.80126953125,-0.07666015625,0.78466796875,-2.06033989747623,-0.481029769452096,0.244771785340668,LVG2
199.759000000017,0.88037109375,-0.2451171875,0.82177734375,-2.62331500375977,-0.37460725408658796,0.47251596822285497,LVG2
199.78000000001703,0.6640625,-0.43701171875,0.67041015625,-2.60203050068667,-0.313946420328248,0.685360998953871,LVG2
199.800000000017,0.54736328125,-0.56884765625,0.25048828125,-1.80066895998439,-0.243707560187013,0.610865238198015,LVG2
199.82000000001702,0.63427734375,-0.55908203125,0.388671875,-1.00782122051136,-0.053211257682754004,0.5097638486007829,LVG2
199.84400000001702,0.87353515625,-0.3857421875,0.826171875,-0.8354167456192372,0.26286361295280397,0.36609345285734707,LVG2
199.865000000017,0.74853515625,-0.50048828125,0.72607421875,-0.763049435170692,0.249028685955288,0.243707560187013,LVG2
199.88500000001702,0.63720703125,-0.4501953125,0.55810546875,-0.4427176639205129,0.09897293928992199,0.250092911108944,LVG2
199.90500000001703,0.7763671875,-0.37109375,0.56103515625,-0.355451201320796,0.101101389597233,0.225615732574877,LVG2
199.925000000017,0.875,-0.443359375,0.4619140625,-0.40440555838892994,0.28095544056494104,0.226679957728532,LVG2
199.94500000001702,0.919921875,-0.5810546875,0.41796875,-0.373543028932933,0.457616816071684,0.291597692101492,LVG2
199.965000000017,0.81982421875,-0.48193359375,0.5146484375,-0.449103014842443,0.489543570681336,0.412919359618171,LVG2
199.98600000001701,0.78125,-0.43408203125,0.53955078125,-0.6076725627370501,0.376735704393898,0.549140179286021,LVG2
200.00600000001702,0.85400390625,-0.478515625,0.474609375,-0.6129936885053261,0.3682219031646571,0.502314272525197,LVG2
200.025000000017,0.77001953125,-0.41845703125,0.45458984375,-0.5927734105858791,0.553397079900641,0.431011187230307,LVG2
200.050000000017,0.59326171875,-0.42626953125,0.56103515625,-0.5597824308225721,0.675782972570975,0.389506406237759,LVG2
200.07100000001702,0.49658203125,-0.48681640625,0.76904296875,-0.09365181352164699,0.7736916867072429,0.18411095158232899,LVG2
200.091000000017,0.51025390625,-0.51806640625,0.88037109375,0.072367310448545,0.660883820419804,-0.06385350921930501,LVG2
200.11100000001701,0.51171875,-0.57470703125,0.728515625,-0.058532383451029006,0.647048893422288,-0.26392783810646,LVG2
200.13100000001702,0.48388671875,-0.5654296875,0.72802734375,-0.074495760755856,0.67897564803194,-0.245836010494323,LVG2
200.151000000017,0.53662109375,-0.486328125,0.720703125,0.076624211063166,0.60341566212243,-0.11067941598012801,LVG2
200.17100000001702,0.61083984375,-0.509765625,0.6298828125,0.072367310448545,0.46400216699361496,-0.043633231299858,LVG2
200.19100000001703,0.53564453125,-0.53076171875,0.61962890625,-0.14686307120440098,0.5246630007519539,-0.114936316594749,LVG2
200.211000000017,0.5068359375,-0.474609375,0.61865234375,-0.07130308529489,0.526791451059264,-0.08833068775337198,LVG2
200.23100000001702,0.60498046875,-0.4033203125,0.63427734375,-0.141541945436126,0.5906449602785689,0.036183655224273,LVG2
200.251000000017,0.64697265625,-0.38720703125,0.7001953125,-0.445910339381478,0.572553132666432,0.159633773048262,LVG2
200.271000000017,0.68798828125,-0.5283203125,0.6318359375,-0.47358019337651,0.46825906760823494,0.121321667516679,LVG2
200.29200000001703,0.5380859375,-0.509765625,0.59912109375,-0.227744182882187,0.46080949153264894,0.08833068775337198,LVG2
200.312000000017,0.5576171875,-0.35400390625,0.78076171875,-0.174532925199433,0.352258525859831,0.14686307120440098,LVG2
200.336000000017,0.45068359375,-0.64794921875,0.79833984375,-0.5651035565908471,0.309689519713628,0.220294606806601,LVG2
200.35600000001702,0.5009765625,-0.6142578125,0.77294921875,-0.34161627432328,0.245836010494323,0.078752661370476,LVG2
200.377000000017,0.5380859375,-0.5498046875,0.708984375,-0.4320754123839621,0.273505864489355,0.20326700434811998,LVG2
200.39700000001702,0.50830078125,-0.64892578125,0.64013671875,-0.657691144958839,0.36290077739638205,0.18091827612136302,LVG2
200.41700000001703,0.5087890625,-0.6708984375,0.57421875,-0.520406100137334,0.355451201320796,0.141541945436126,LVG2
200.437000000017,0.4541015625,-0.5009765625,0.78125,-0.36609345285734707,0.234129533804117,0.19156052765791398,LVG2
200.461000000017,0.5302734375,-0.49609375,0.8134765625,-0.4320754123839621,0.145798846050746,0.08833068775337198,LVG2
200.48200000001702,0.56201171875,-0.58203125,0.59521484375,-0.504442722832507,0.26392783810646,0.012770701843860999,LVG2
200.502000000017,0.45751953125,-0.54345703125,0.64306640625,-0.334166698247695,0.35013007555252096,0.009578026382896,LVG2
200.52200000001702,0.29931640625,-0.4658203125,0.703125,-0.10216561475088799,0.242643335033358,0.157505322740952,LVG2
200.54200000001703,0.20849609375,-0.44091796875,0.705078125,0.124514342977644,0.27137741418204503,0.116000541748404,LVG2
200.562000000017,0.30078125,-0.47216796875,0.66162109375,0.09152336321433699,0.412919359618171,-0.025541403687721998,LVG2
200.58200000001702,0.28564453125,-0.72265625,0.4072265625,0.225615732574877,0.54062637805678,0.076624211063166,LVG2
200.602000000017,0.14990234375,-0.63330078125,0.576171875,0.693874800183112,0.73750803148297,-0.119193217209369,LVG2
200.622000000017,0.04443359375,-0.5107421875,0.9287109375,0.7289942302537291,0.730058455407384,-0.483158219759406,LVG2
200.64200000001702,0.02587890625,-0.56982421875,0.93798828125,0.6310855161174621,0.488479345527681,-0.650241568883253,LVG2
200.662000000017,0.1259765625,-0.79345703125,0.85693359375,0.7864623885511031,0.241579109879703,-0.571488907512777,LVG2
200.682000000017,0.2509765625,-0.84423828125,0.92236328125,1.03016994873812,0.10855096567281801,-0.550204404439676,LVG2
200.70300000001703,0.44970703125,-0.681640625,1.04296875,1.1014730340330101,-0.142606170589781,-0.412919359618171,LVG2
200.722000000017,0.52587890625,-0.60986328125,0.94384765625,0.889692228455646,-0.258606712338184,-0.127707018438609,LVG2
200.747000000017,0.44482421875,-0.3876953125,0.9013671875,0.5523328547469859,0.127707018438609,-0.126642793284954,LVG2
200.76700000001702,0.431640625,-0.37841796875,0.87548828125,0.441653438766858,0.15111997181902098,-0.04150478099254799,LVG2
200.788000000017,0.490234375,-0.4111328125,0.72314453125,0.5927734105858791,0.09152336321433699,-0.050018582221788996,LVG2
200.80800000001702,0.51953125,-0.4052734375,0.58447265625,0.6513057940369079,0.11174364113378302,-0.08194533683144099,LVG2
200.82800000001703,0.5712890625,-0.35498046875,0.67822265625,0.504442722832507,0.10216561475088799,0.050018582221788996,LVG2
200.848000000017,0.54052734375,-0.396484375,0.65869140625,0.36396500255003705,0.15111997181902098,0.030862529455997004,LVG2
200.86700000001701,0.521484375,-0.4951171875,0.75732421875,0.31288219517459304,0.06704618468026999,-0.04682590676082401,LVG2
200.888000000017,0.55029296875,-0.59423828125,0.80419921875,0.41611203507913597,0.057468158297374,-0.13409236936053998,LVG2
200.908000000017,0.693359375,-0.5791015625,0.90185546875,0.307561069406318,0.16282644850922698,-0.06491773437296,LVG2
200.92800000001702,0.6396484375,-0.53369140625,0.8896484375,0.121321667516679,0.229872633189497,0.040440555838893,LVG2
200.948000000017,0.46240234375,-0.3740234375,0.8447265625,0.116000541748404,0.19049630250425897,0.038312105531583,LVG2
200.968000000017,0.41162109375,-0.3154296875,0.77490234375,0.135156594514195,0.21390925588467102,0.018091827612136003,LVG2
200.98800000001702,0.43505859375,-0.40234375,0.7216796875,0.34374472463059,0.295854592716112,0.027669853995032002,LVG2
201.008000000017,0.41064453125,-0.3876953125,0.7900390625,0.37247880377927794,0.19901010373349998,0.072367310448545,LVG2
201.02800000001702,0.54638671875,-0.4287109375,0.99755859375,0.220294606806601,0.19368897796522402,0.086202237446062,LVG2
201.04800000001703,0.6083984375,-0.4873046875,0.88818359375,0.5651035565908471,0.36396500255003705,0.126642793284954,LVG2
201.068000000017,0.53076171875,-0.5,0.7431640625,0.656626919805184,0.26179938779914896,0.008513801229241,LVG2
201.08800000001702,0.67578125,-0.44091796875,0.73779296875,0.5523328547469859,0.178789825814053,-0.043633231299858,LVG2
201.109000000017,0.79833984375,-0.2919921875,0.89453125,-0.376735704393898,0.264992063260115,0.16389067366288199,LVG2
201.12900000001702,0.630859375,-0.4072265625,0.74560546875,-0.7545356339414508,0.290533466947837,0.079816886524131,LVG2
201.14800000001702,0.62841796875,-0.54248046875,0.77001953125,-0.234129533804117,0.123450117823989,-0.045761681607168,LVG2
201.17300000001703,0.72412109375,-0.533203125,0.92724609375,0.547011728978711,0.028734079148687,-0.27244163933570004,LVG2
201.193000000017,0.70751953125,-1.1669921875,0.5458984375,1.14936316594749,-0.156441097587297,-0.8950133542239208,LVG2
201.21400000001702,0.39990234375,-0.498046875,0.78564453125,3.091574071368,-0.16282644850922698,-0.457616816071684,LVG2
201.234000000017,0.15673828125,0.6982421875,1.18310546875,3.2586574204918506,-0.174532925199433,0.256478262030874,LVG2
201.25400000001702,0.23779296875,0.40234375,1.2216796875,1.12701443772073,-0.053211257682754004,0.20645967980908497,LVG2
201.27400000001703,0.42724609375,-0.48291015625,0.90625,0.642791992807668,0.18623940188963897,-0.21603770619198104,LVG2
201.294000000017,0.296875,0.25927734375,0.94921875,1.3888138255198799,0.373543028932933,-0.13409236936053998,LVG2
201.31500000001702,0.29248046875,0.64453125,1.06494140625,-0.12557856813129903,0.251157136262599,0.031926754609652,LVG2
201.33900000001702,0.62109375,-0.3427734375,0.96826171875,-1.7070171464627502,0.256478262030874,-0.275634314796665,LVG2
201.359000000017,0.66796875,-0.8154296875,0.767578125,-1.3888138255198799,0.485286670066716,-0.30436839394535303,LVG2
201.37900000001702,0.39501953125,-0.02001953125,0.873046875,-0.8407378713875121,0.595966086046844,0.135156594514195,LVG2
201.400000000017,0.27392578125,0.376953125,1.158203125,-1.9007061244279702,0.549140179286021,0.32565289701845396,LVG2
201.420000000017,0.302734375,-0.47412109375,0.70068359375,-3.1852258848896495,0.550204404439676,0.080881111677786,LVG2
201.44000000001702,0.29931640625,-0.5751953125,0.603515625,-2.55201191846488,0.5427548283640901,-0.101101389597233,LVG2
201.460000000017,0.392578125,-0.20849609375,1.11083984375,-1.91773372688645,0.252221361416254,0.277762765103976,LVG2
201.48000000001701,0.37158203125,-0.16748046875,1.17431640625,-2.30191900735594,0.230936858343152,0.5257272259056089,LVG2
201.50000000001702,0.46337890625,-0.59765625,0.72021484375,-2.77230652527148,0.389506406237759,0.403341333235275,LVG2
201.520000000017,0.35546875,-0.60888671875,0.61474609375,-2.54775501785026,0.445910339381478,0.37460725408658796,LVG2
201.54000000001702,0.63818359375,-0.5439453125,0.8681640625,-2.19549649199043,0.11174364113378302,0.594901860893189,LVG2
201.56000000001703,0.7412109375,-0.734375,0.83837890625,-2.2529646502878,0.303304168791697,0.8396736462338571,LVG2
201.580000000017,0.43701171875,-0.59521484375,0.61669921875,-2.3540660398850397,0.591709185432224,1.06209670334777,LVG2
201.60000000001702,0.263671875,-0.572265625,0.6572265625,-2.6509848577548,0.623635940041876,1.06635360396239,LVG2
201.621000000017,0.3935546875,-0.8564453125,0.568359375,-2.67546203628887,0.704517051719662,1.14510626533287,LVG2
201.64100000001702,0.1884765625,-0.9345703125,0.306640625,-2.3327815368119302,0.974830240748052,1.44947465927822,LVG2
201.66100000001703,0.08544921875,-0.7294921875,0.408203125,-1.80173318513805,0.7822054879364829,1.33453834268347,LVG2
201.681000000017,0.25146484375,-0.8623046875,0.6318359375,-1.6772188421604,0.42036893569375605,1.3196391905323,LVG2
201.70100000001702,0.2685546875,-0.95751953125,0.60693359375,-1.72617319922854,0.42781851176934205,1.5399337973389,LVG2
201.721000000017,0.12646484375,-1.07568359375,0.544921875,-1.3930707261345,0.8279671695436519,1.4356397322807,LVG2
201.741000000017,0.1240234375,-0.95703125,0.6279296875,-0.799233090394964,0.660883820419804,1.4324470568197398,LVG2
201.76100000001702,0.03759765625,-1.11279296875,0.4296875,-1.20257442363024,0.730058455407384,1.33453834268347,LVG2
201.781000000017,-0.33447265625,-0.8583984375,0.49365234375,0.15111997181902098,1.29622623715189,1.18022569540348,LVG2
201.801000000017,-0.18017578125,-0.91162109375,0.42822265625,0.323524446711144,0.233065308650462,1.21640935062776,LVG2
201.82200000001703,-0.14501953125,-1.25341796875,0.4287109375,0.7162235284098679,0.170276024584813,1.2355654033935501,LVG2
201.842000000017,-0.2822265625,-0.96435546875,0.5068359375,1.7910909336015002,0.06278928406565,1.3047400383811298,LVG2
201.86200000001702,-0.421875,-0.81396484375,0.423828125,1.928375978423,-0.019156052765792,0.9631237640578472,LVG2
201.88600000001702,-0.6767578125,-0.69140625,0.16943359375,3.30122642663806,-0.332038247940385,0.554461305054296,LVG2
201.906000000017,-0.724609375,-0.470703125,0.208984375,3.7620359181707,-0.774755911860898,0.451231465149754,LVG2
201.92700000001702,-0.7607421875,0.06787109375,0.5869140625,2.8425453854127203,-1.00888544566502,0.38312105531582796,LVG2
201.94700000001703,-0.6064453125,-0.46142578125,0.794921875,0.295854592716112,-0.9013987051458521,0.517213424676368,LVG2
201.967000000017,-0.4521484375,-0.8037109375,0.68896484375,0.257542487184529,-0.7715632363999321,0.49805737191057703,LVG2
201.98700000001702,-0.36279296875,-0.63671875,0.71533203125,1.0322983990454302,-0.7896550640120691,0.40014865777430997,LVG2
202.007000000017,-0.30126953125,-0.6416015625,0.6748046875,0.6129936885053261,-0.684296773800216,0.572553132666432,LVG2
202.027000000017,-0.25341796875,-0.75244140625,0.7109375,0.657691144958839,-0.67259029711001,0.5523328547469859,LVG2
202.04700000001702,-0.21533203125,-0.82177734375,0.72265625,0.702388601412352,-0.5980945363541539,0.581066933895673,LVG2
202.067000000017,-0.21630859375,-0.9248046875,0.71923828125,1.05358290211853,-0.40653400869623996,0.4969931467569221,LVG2
202.087000000017,-0.2177734375,-0.68310546875,0.787109375,1.4952363408853897,-0.32778134732576397,0.371414578625623,LVG2
202.10700000001702,-0.12353515625,-0.39501953125,0.884765625,1.46756648689035,-0.36928612831831203,0.254349811723564,LVG2
202.127000000017,-0.0107421875,-0.1962890625,0.80615234375,1.25578568131299,-0.354386976167141,0.037247880377928,LVG2
202.14800000001702,-0.05224609375,-0.263671875,0.76220703125,1.15787696717673,-0.367157678011002,-0.153248422126331,LVG2
202.17200000001702,0.087890625,-0.462890625,0.80859375,0.6055441124297399,-0.580002708742018,-0.27989121541128603,LVG2
202.192000000017,0.17529296875,-0.78076171875,0.74951171875,0.30117571848438696,-0.7077097271806279,-0.27457008964301,LVG2
202.212000000017,0.27734375,-0.62060546875,0.8349609375,0.9439677112920551,-0.726865779946419,-0.313946420328248,LVG2
202.233000000017,0.34814453125,-0.49755859375,0.8193359375,0.9450319364457099,-0.701324376258697,-0.348001625245211,LVG2
202.253000000017,0.22705078125,-0.4853515625,0.751953125,0.6044798872760849,-0.6534342443442189,-0.322460221557489,LVG2
202.277000000017,0.20458984375,-0.66259765625,0.71875,0.445910339381478,-0.9013987051458521,-0.13834926997516,LVG2
202.29700000001702,0.35205078125,-0.7431640625,0.80322265625,0.547011728978711,-0.949288837060331,0.057468158297374,LVG2
202.317000000017,0.19873046875,-0.57470703125,0.88671875,0.633213966424772,-0.838609421080202,0.173468700045778,LVG2
202.33800000001702,-0.0224609375,-0.3154296875,0.828125,0.336295148555005,-0.844994772002133,0.16601912397019197,LVG2
202.358000000017,-0.0283203125,-0.3681640625,0.6171875,-0.05959660860468499,-1.04294065058198,0.078752661370476,LVG2
202.378000000017,0.0107421875,-0.40234375,0.55908203125,-0.056403933143719005,-1.194060622401,-0.06704618468026999,LVG2
202.39800000001702,0.02001953125,-0.5166015625,0.54541015625,0.128771243592265,-1.38562115005891,-0.19049630250425897,LVG2
202.418000000017,0.06103515625,-0.63623046875,0.5849609375,0.229872633189497,-1.5186492942658,-0.20858813011639601,LVG2
202.438000000017,0.31787109375,-0.60888671875,0.79541015625,0.20965235527005102,-1.7964120593697699,-0.18198250127501897,LVG2
202.45800000001702,0.47119140625,-0.3701171875,0.90673828125,0.168147574277502,-1.71020982192371,-0.13834926997516,LVG2
202.478000000017,0.46875,-0.26025390625,0.919921875,0.26286361295280397,-1.63571406116786,-0.15111997181902098,LVG2
202.49800000001702,0.59912109375,-0.3828125,1.0009765625,0.27989121541128603,-1.6005946310972399,-0.142606170589781,LVG2
202.51800000001703,0.64208984375,-0.3798828125,1.05615234375,0.20326700434811998,-1.5431264727998601,-0.017027602458481002,LVG2
202.539000000017,0.6328125,-0.25537109375,1.07666015625,-0.220294606806601,-1.41116255374663,0.137285044821505,LVG2
202.55900000001702,0.6767578125,-0.2705078125,0.9951171875,-0.37567147924024297,-1.32389609114692,0.145798846050746,LVG2
202.58300000001702,0.62548828125,-0.4306640625,1.02294921875,0.21923038165294603,-1.04613332604294,0.18517517673598397,LVG2
202.603000000017,0.6201171875,-0.390625,1.255859375,0.547011728978711,-0.9056556057604721,0.18304672642867398,LVG2
202.62300000001702,0.59130859375,-0.20556640625,1.45849609375,0.384185280469484,-0.568296232051812,0.160697998201917,LVG2
202.644000000017,0.484375,-0.2783203125,1.2421875,-0.575745808127398,-0.114936316594749,-0.005321125768275,LVG2
202.664000000017,0.4873046875,-0.537109375,1.14111328125,-0.847123222309443,0.10748674051916302,-0.08300956198509599,LVG2
202.68300000001702,0.51708984375,-0.49072265625,1.216796875,-0.40014865777430997,0.2969188178697669,-0.031926754609652,LVG2
202.70800000001702,0.36962890625,-0.41845703125,1.10302734375,-0.385249505623139,0.5640393314371921,0.030862529455997004,LVG2
202.728000000017,0.298828125,-0.39697265625,0.978515625,-0.47783709399113106,0.49592892160326707,0.075559985909511,LVG2
202.74900000001702,0.44091796875,-0.4638671875,1.0869140625,-0.8747930763044749,0.28840501664052604,0.18091827612136302,LVG2
202.769000000017,0.6787109375,-0.82080078125,1.1201171875,-1.22811582731796,0.045761681607168,0.634278191578427,LVG2
202.789000000017,0.66796875,-0.7470703125,1.10009765625,-0.174532925199433,0.014899152151171002,1.06209670334777,LVG2
202.80900000001702,0.82958984375,-0.65380859375,1.30322265625,0.6970674756440771,0.32778134732576397,1.1514916162548001,LVG2
202.829000000017,0.7978515625,-0.67822265625,1.0478515625,0.74602183271221,0.8460589971557879,1.18554682117176,LVG2
202.85000000001702,0.68359375,-0.685546875,0.51953125,0.896077579377577,0.9524815125212959,1.2813270850007201,LVG2
202.870000000017,0.73828125,-0.64306640625,0.29248046875,1.6112368826337902,0.685360998953871,1.5388695721852401,LVG2
202.890000000018,0.46240234375,-0.24658203125,0.1396484375,2.50625023685771,0.529984126520229,1.8474948667452198,LVG2
202.914000000017,0.06396484375,-0.3876953125,-0.03662109375,1.84962331705253,-0.128771243592265,2.4179195491043397,LVG2
202.93400000001702,-0.06005859375,-0.15771484375,0.27685546875,2.9894084566171197,-0.630021290963807,2.5562688190795,LVG2
202.955000000017,-0.48974609375,0.56298828125,0.73681640625,3.93550461821648,-0.8598939241533041,2.22529479629277,LVG2
202.97500000001702,-0.689453125,0.71875,0.98974609375,3.27249234748937,-1.22811582731796,1.9156052765791398,LVG2
202.995000000018,-0.6806640625,0.484375,1.15283203125,1.8251461385184602,-1.55270449918276,1.6559343390873,LVG2
203.015000000018,-0.60595703125,-0.3193359375,1.00537109375,-0.053211257682754004,-1.69850334523351,1.15042739110114,LVG2
203.03500000001802,-0.2431640625,0.14599609375,0.9208984375,0.547011728978711,-1.6367782863215101,-0.075559985909511,LVG2
203.056000000018,0.26171875,0.34716796875,1.01904296875,1.35263017029561,-1.48991521511711,-0.8343525204655821,LVG2
203.076000000018,0.4921875,-0.09765625,1.1494140625,0.60980101304436,-1.25897835677396,-0.597030311200499,LVG2
203.10000000001702,0.67138671875,-0.92724609375,0.9033203125,-0.297983043023422,-0.842866321694823,-0.5746815829737429,LVG2
203.120000000018,0.578125,-1.3447265625,0.93017578125,0.00638535092193,-0.38844218108410405,-0.6278928406564971,LVG2
203.141000000018,0.7294921875,-0.623046875,1.57373046875,0.27137741418204503,-0.015963377304826,-0.46825906760823494,LVG2
203.161000000018,0.6953125,-0.42919921875,1.42724609375,-0.54062637805678,0.5448832786714001,0.022348728226757004,LVG2
203.181000000018,0.4189453125,-0.400390625,0.8525390625,-1.09721613341839,0.8088111167778599,0.36290077739638205,LVG2
203.201000000018,0.15771484375,-0.0576171875,0.3994140625,-0.950353062213986,0.527855676212919,0.352258525859831,LVG2
203.221000000018,0.35205078125,0.1201171875,0.49560546875,-0.33948782401597,-0.450167239996098,0.284148116025906,LVG2
203.241000000018,0.6650390625,0.1943359375,0.78759765625,0.192624752811569,-1.46118113596842,0.08513801229240599,LVG2
203.26100000001802,0.7978515625,-0.07861328125,0.8828125,-0.373543028932933,-1.67934729246772,-0.20645967980908497,LVG2
203.281000000018,0.7841796875,-0.220703125,0.75341796875,-0.570424682359122,-1.32921721691519,-0.371414578625623,LVG2
203.301000000018,0.771484375,-0.3388671875,0.5498046875,-0.708773952334283,-1.09828035857204,-0.18623940188963897,LVG2
203.32100000001802,0.79248046875,-0.5107421875,0.67333984375,-0.5416906032104349,-1.07486740519163,0.09897293928992199,LVG2
203.341000000018,0.677734375,-0.31494140625,0.7314453125,-0.11174364113378302,-0.913105181836058,0.08833068775337198,LVG2
203.362000000018,0.5087890625,-0.3828125,0.59033203125,-0.445910339381478,-0.800297315548619,0.10429406505819801,LVG2
203.382000000018,0.57373046875,-0.7373046875,0.5927734375,-0.621507489734566,-0.95141728736764,0.230936858343152,LVG2
203.406000000018,0.609375,-0.60205078125,1.01123046875,0.698131700797732,-0.7343153560220049,0.367157678011002,LVG2
203.426000000018,0.427734375,-0.01708984375,1.43359375,0.60980101304436,-0.173468700045778,0.36183655224272704,LVG2
203.44600000001802,0.271484375,0.15380859375,1.62353515625,0.10429406505819801,0.168147574277502,0.148991521511711,LVG2
203.467000000018,0.23291015625,0.15869140625,1.701171875,-0.27989121541128603,0.428882736922997,-0.19901010373349998,LVG2
203.487000000018,0.21875,0.02734375,1.31396484375,-0.6076725627370501,0.608736787890705,-0.43846076330589295,LVG2
203.507000000018,0.14208984375,-0.07861328125,0.98291015625,-0.37567147924024297,0.502314272525197,-0.44803878968878796,LVG2
203.527000000018,0.28662109375,-0.12109375,1.00244140625,0.020220277919447,0.135156594514195,-0.49060779583499203,LVG2
203.54700000001802,0.49560546875,-0.11474609375,0.9228515625,0.13409236936053998,-0.003192675460965,-0.550204404439676,LVG2
203.567000000018,0.58740234375,-0.12158203125,0.8623046875,0.161762223355572,-0.079816886524131,-0.5640393314371921,LVG2
203.587000000018,0.9619140625,-0.17919921875,0.99609375,-0.034055204916963,-0.09258758836799198,-0.47251596822285497,LVG2
203.60700000001802,1.4462890625,-0.62353515625,0.72119140625,0.326717122172109,0.14686307120440098,0.011706476690206002,LVG2
203.627000000018,1.41796875,-0.2294921875,0.84765625,0.260735162645494,0.814132242546135,0.461873716686304,LVG2
203.647000000018,1.40087890625,-0.67919921875,0.59619140625,0.09684448898261201,1.32921721691519,0.915233632143368,LVG2
203.668000000018,1.18310546875,-0.72607421875,0.3310546875,1.31538228991768,1.52503464518773,1.08763810703549,LVG2
203.688000000018,1.02783203125,-0.380859375,0.2568359375,1.49949324150001,1.47075916235132,1.28451976046168,LVG2
203.712000000018,0.4560546875,-0.10986328125,0.05126953125,1.5707963267949,1.4143552292076,1.29516201199823,LVG2
203.73200000001802,-0.39404296875,0.408203125,0.3447265625,1.3707219979077399,1.15468429171576,0.979087141362673,LVG2
203.752000000018,-0.830078125,0.375,1.2216796875,0.788590838858414,0.169211799431158,0.667269171341735,LVG2
203.77300000001802,-0.89306640625,0.42626953125,0.80419921875,-0.235193758957772,-0.87585730145813,-0.157505322740952,LVG2
203.793000000018,-0.728515625,-0.15673828125,-0.0224609375,-0.09578026382895699,-1.6740261666994398,-0.822646043775376,LVG2
203.817000000018,0.10400390625,-1.43994140625,-0.134765625,2.58606712338184,-2.6999392148229404,-0.772627461553587,LVG2
203.838000000018,1.0615234375,-0.7919921875,1.4287109375,5.78193525980804,-3.73862296479029,0.643856217961323,LVG2
203.858000000018,1.45654296875,0.5185546875,2.40234375,4.57084703494857,-3.06922534314125,1.24833610523741,LVG2
203.878000000018,0.83447265625,0.0185546875,1.72900390625,1.82727458882577,-1.13659246410362,0.918426307604333,LVG2
203.89800000001802,0.55859375,-0.2763671875,1.025390625,1.5697321016412402,-0.300111493330732,0.582131159049328,LVG2
203.918000000018,0.57421875,0.78271484375,1.0048828125,1.4324470568197398,-0.154312647279986,0.487415120374026,LVG2
203.938000000018,0.1416015625,0.9765625,0.39990234375,-0.41079090931086,0.07343153560220099,0.247964460801633,LVG2
203.95800000001802,0.1796875,0.5419921875,0.33935546875,-0.8343525204655821,-0.43952498845954796,-0.258606712338184,LVG2
203.978000000018,1.21826171875,0.23876953125,1.02734375,-0.5512686295933311,-1.31112538930306,-0.8556370235386841,LVG2
203.998000000018,1.35302734375,-0.22216796875,1.0654296875,-1.31644651507133,-0.81093956708517,-0.971637565287087,LVG2
204.018000000018,1.03466796875,-0.13232421875,0.8740234375,-0.992922068360189,-0.044697456453513,-0.779012812475518,LVG2
204.038000000018,1.0673828125,-0.115234375,0.775390625,-0.553397079900641,0.158569547894607,-0.7513429584804859,LVG2
204.058000000018,1.216796875,0.16796875,0.873046875,-0.00638535092193,0.152184196972676,-0.7194162038708342,LVG2
204.079000000018,0.9990234375,0.31884765625,0.783203125,-0.35332275101348604,0.5363694774421599,-0.764113660324347,LVG2
204.098000000018,0.705078125,-0.2119140625,0.220703125,-0.506571173139818,0.7481502830195209,-0.8747930763044749,LVG2
204.123000000018,0.767578125,0.5244140625,0.31298828125,1.00782122051136,0.078752661370476,-0.9684448898261221,LVG2
204.143000000018,0.90234375,0.73046875,0.80126953125,0.435268087844927,-0.08726646259971699,-1.0046285450504,LVG2
204.163000000018,0.79150390625,-0.11328125,0.57470703125,-0.539562152903125,0.032990979763308,-0.853508573231373,LVG2
204.18400000001802,0.51904296875,0.29931640625,0.2685546875,0.169211799431158,0.06811040983392501,-0.628957065810152,LVG2
204.204000000018,0.3623046875,1.08837890625,0.39013671875,0.16601912397019197,-0.16708334912384698,-0.9354539100628141,LVG2
204.224000000018,0.580078125,0.76171875,1.25244140625,-1.05783980273315,-0.491672020988646,-1.1770330199425199,LVG2
204.24400000001802,0.6162109375,0.5185546875,1.494140625,-2.6967465393619703,-0.173468700045778,-1.28451976046168,LVG2
204.263000000018,0.6357421875,0.248046875,1.41552734375,-4.40057101036375,0.43952498845954796,-1.41116255374663,LVG2
204.284000000018,0.8720703125,-0.26953125,1.046875,-5.09976693631514,1.03655529966005,-1.37604312367602,LVG2
204.304000000018,1.15869140625,-0.06689453125,1.0283203125,-4.29946962076652,1.5356768967242802,-1.18235414571079,LVG2
204.324000000018,1.3798828125,-0.046875,0.96533203125,-3.8471739304631094,1.9975506134105803,-0.755599859095106,LVG2
204.344000000018,1.27783203125,-0.14306640625,0.77783203125,-4.40482791097837,2.5764890969989502,-0.42781851176934205,LVG2
204.364000000018,1.05224609375,-0.0498046875,0.4931640625,-5.50736517016503,2.99792225784636,-0.352258525859831,LVG2
204.385000000018,0.52587890625,-0.3037109375,0.1162109375,-5.49459446832117,3.2980337511770896,-0.321395996403834,LVG2
204.409000000018,-0.033203125,-0.349609375,0.0888671875,-2.8585087627175403,3.12030815051669,-0.80668266647055,LVG2
204.429000000018,-0.1005859375,-0.20068359375,0.3046875,-0.009578026382896,2.3498091392704197,-1.91773372688645,LVG2
204.449000000018,-0.39404296875,0.16357421875,0.2236328125,0.941839260984745,1.46756648689035,-2.71483836697411,LVG2
204.469000000018,-0.24951171875,-0.6474609375,0.0849609375,0.29904726817707694,0.121321667516679,-2.9202338216295405,LVG2
204.490000000018,0.02294921875,-0.60400390625,0.42626953125,1.3696577727540902,-0.843930546848478,-3.1277577265922796,LVG2
204.510000000018,0.31298828125,-0.22705078125,0.58642578125,2.08268862570299,-1.47395183781228,-3.0436839394535298,LVG2
204.530000000018,0.61083984375,-0.53125,0.419921875,1.1472347156401799,-2.0816244005493303,-2.57968177245991,LVG2
204.550000000018,0.984375,-1.28515625,0.3828125,0.747086057865866,-2.5562688190795,-2.0592756723225802,LVG2
204.569000000018,1.130859375,-1.06884765625,1.1220703125,2.22529479629277,-2.17634043922464,-1.6367782863215101,LVG2
204.590000000018,1.365234375,-0.50244140625,2.30419921875,1.2568499064666498,-1.25046455554472,-0.738572256636625,LVG2
204.610000000018,1.18359375,-0.10546875,1.95703125,-0.399084432620655,0.147927296358056,-0.43633231299858205,LVG2
204.63000000001801,0.58740234375,-0.2978515625,0.79736328125,-1.2366296285472,1.02910572358446,-0.42994696207665206,LVG2
204.650000000018,0.57763671875,-0.09228515625,0.70703125,-0.803489991009585,0.772627461553587,-0.233065308650462,LVG2
204.670000000018,0.56005859375,0.01513671875,0.6875,-0.9865367174382579,0.53211257682754,-0.322460221557489,LVG2
204.69000000001802,0.3720703125,-0.2685546875,0.50830078125,-0.867343500228889,0.449103014842443,-0.46932329276189,LVG2
204.710000000018,0.4638671875,-0.0478515625,0.72509765625,0.29372614240880196,0.07023886014123501,-0.533176801981195,LVG2
204.730000000018,0.5546875,0.22802734375,0.86767578125,0.918426307604333,-0.17666137550674302,-0.5619108811298821,LVG2
204.75000000001802,0.45703125,0.21875,0.88525390625,0.34055204916962495,-0.177725600660398,-0.588516509971259,LVG2
204.770000000018,0.49560546875,-0.07373046875,1.03076171875,-0.389506406237759,-0.15111997181902098,-0.654498469497874,LVG2
204.79100000001802,0.51708984375,-0.265625,1.0751953125,-0.36396500255003705,-0.06278928406565,-0.7289942302537291,LVG2
204.811000000018,0.375,-0.22265625,1.0947265625,-0.014899152151171002,-0.019156052765792,-0.649177343729598,LVG2
204.831000000018,0.40576171875,-0.25830078125,1.12353515625,0.06491773437296,-0.039376330685238,-0.576810033281053,LVG2
204.85100000001802,0.29736328125,-0.1201171875,1.08447265625,0.36183655224272704,0.013834926997516001,-0.5235987755982989,LVG2
204.871000000018,0.11865234375,0.06005859375,1.2216796875,0.403341333235275,-0.043633231299858,-0.45868104122533904,LVG2
204.891000000018,0.0419921875,0.01806640625,1.47802734375,0.026605628841377002,-0.012770701843860999,-0.5512686295933311,LVG2
204.911000000018,0.08447265625,-0.3603515625,1.60595703125,-0.390570631391414,0.147927296358056,-0.7513429584804859,LVG2
204.931000000018,0.27099609375,-0.705078125,1.67919921875,-0.9918578432065341,0.553397079900641,-0.781141262782828,LVG2
204.951000000018,0.58447265625,-0.7158203125,1.26611328125,-1.44841043412456,0.979087141362673,-0.459745266378994,LVG2
204.971000000018,0.66650390625,-0.8251953125,0.4755859375,-1.69105376915792,1.26536370769589,0.291597692101492,LVG2
204.991000000018,0.6357421875,-1.06787109375,0.08837890625,-1.30580426353478,1.08870233218915,1.48991521511711,LVG2
205.01100000001802,0.2412109375,-0.84912109375,0.201171875,-0.33948782401597,0.842866321694823,2.9542890265465,LVG2
205.031000000018,0.08984375,-0.40380859375,0.39697265625,0.516149199522713,0.5076353982934729,3.6002736948151295,LVG2
205.051000000018,0.09814453125,0.10498046875,0.4443359375,0.8684077253825441,0.26392783810646,3.30229065179171,LVG2
205.07100000001802,-0.08642578125,0.20068359375,0.25244140625,0.017027602458481002,-0.177725600660398,3.2533362947235798,LVG2
205.092000000018,-0.15966796875,0.16748046875,-0.04052734375,-0.8247744940826859,-1.16532654325231,3.2033177125017898,LVG2
205.112000000018,-0.095703125,-0.13037109375,0.0732421875,-1.30793271384209,-2.12845030731016,2.62757190437439,LVG2
205.132000000018,0.408203125,-0.1396484375,0.0458984375,0.35013007555252096,-3.01707831061215,1.42180480528319,LVG2
205.152000000018,1.01904296875,0.404296875,-0.02490234375,4.285634693769,-3.5555762383616205,0.001064225153655,LVG2
205.176000000018,1.09521484375,1.73095703125,0.2646484375,6.69291199133679,-3.2650427714137797,-1.10785838495494,LVG2
205.197000000018,0.89892578125,2.3076171875,0.9921875,4.64002166993615,-2.7776276510397597,-1.75916417899185,LVG2
205.217000000018,1.53076171875,0.96826171875,2.2021484375,-0.39482753200603404,-2.40408462210682,-2.0528903214006498,LVG2
205.237000000018,1.91259765625,-0.640625,2.11181640625,-2.12206495638823,-1.07912430580625,-2.0635325729372003,LVG2
205.257000000018,1.2451171875,-0.55810546875,2.5234375,-0.49486469644961206,0.47677286883747494,-1.74532925199433,LVG2
205.277000000018,1.0263671875,-0.71142578125,1.87353515625,-1.8059900857526698,0.9897293928992241,-1.0684820542697,LVG2
205.29700000001802,0.78173828125,-0.724609375,0.91015625,-2.50944291231868,1.1983175230156202,-0.38631373077679404,LVG2
205.317000000018,0.517578125,-0.4873046875,0.64013671875,-1.78896248329419,1.1983175230156202,0.10429406505819801,LVG2
205.337000000018,0.38818359375,-0.69091796875,0.5966796875,-0.930132784294539,0.8407378713875121,0.41398358477182595,LVG2
205.35700000001802,0.42919921875,-0.96630859375,0.4521484375,-0.435268087844927,0.412919359618171,0.8364809707728921,LVG2
205.377000000018,0.7265625,-0.740234375,0.38623046875,0.33735937370866,0.12983546874592,1.24833610523741,LVG2
205.397000000018,1.09912109375,-0.46142578125,0.6328125,0.9343896849091591,0.14047772028247002,1.75490727837723,LVG2
205.417000000018,1.0673828125,-0.390625,0.74267578125,0.918426307604333,0.504442722832507,2.38173589388007,LVG2
205.437000000018,0.5751953125,0.044921875,0.47412109375,0.830095619850962,0.717287753563523,2.5881955736891498,LVG2
205.457000000018,0.3017578125,0.39990234375,0.34423828125,0.726865779946419,0.40014865777430997,2.4221764497189597,LVG2
205.477000000018,0.20068359375,0.29833984375,0.4462890625,0.508699623447128,-0.17240447489212302,2.2221021208317997,LVG2
205.498000000018,0.17529296875,-0.18212890625,0.33837890625,0.153248422126331,-1.12169331195245,1.9773303354911398,LVG2
205.518000000018,0.25,0.232421875,0.125,-0.135156594514195,-1.9485962563424502,1.3558228457565702,LVG2
205.538000000018,0.42138671875,0.32666015625,0.00537109375,0.137285044821505,-2.2753133785145603,0.379928379854863,LVG2
205.558000000018,0.8349609375,0.11767578125,0.40380859375,2.28914830551207,-2.6360857056036298,-0.13409236936053998,LVG2
205.578000000018,1.001953125,0.37353515625,1.68701171875,2.33171731165828,-2.12312918154188,-0.28095544056494104,LVG2
205.597000000018,0.98291015625,-0.44921875,2.078125,-1.1174364113378301,-0.946096161599365,-0.441653438766858,LVG2
205.61800000001801,0.134765625,-0.84521484375,0.52294921875,-1.52609887034138,0.001064225153655,-0.630021290963807,LVG2
205.638000000018,-0.54443359375,0.1923828125,-0.26904296875,0.5853238345102929,-0.515084974369058,-0.753471408787796,LVG2
205.658000000018,-0.02294921875,0.4033203125,0.6103515625,1.24195075431548,-1.8719720452792799,-1.3909422758271899,LVG2
205.67800000001802,0.947265625,-0.236328125,1.71337890625,0.949288837060331,-2.5615899448477797,-1.6037873065581998,LVG2
205.697000000018,1.4189453125,-0.53564453125,2.17578125,0.376735704393898,-1.84110951582329,-1.35369439544926,LVG2
205.718000000018,1.5703125,-0.228515625,2.04833984375,-0.336295148555005,-0.595966086046844,-0.975894465901708,LVG2
205.73800000001802,1.51953125,-0.24755859375,1.353515625,-1.32921721691519,0.323524446711144,-0.391634856545069,LVG2
205.758000000018,1.36181640625,-0.0458984375,0.5,-1.49097944027077,0.809875341931515,0.237322209265083,LVG2
205.778000000018,1.42626953125,0.51708984375,0.1259765625,-1.11530796103052,0.9429034861384,0.455488365764374,LVG2
205.798000000018,1.345703125,0.755859375,0.12451171875,-1.1121152855695602,1.1142437358768702,0.571488907512777,LVG2
205.819000000018,1.29541015625,0.61279296875,0.36767578125,-1.33028144206885,1.2749417340787799,0.7481502830195209,LVG2
205.83900000001802,1.203125,0.21240234375,0.53125,-1.6261360347849598,1.44202508320263,0.8886280033019909,LVG2
205.859000000018,1.10693359375,-0.306640625,0.60791015625,-1.7389439010724,1.49204366542442,1.04613332604294,LVG2
205.879000000018,1.0517578125,-0.51025390625,0.5556640625,-1.35475862060292,1.42180480528319,1.1780972450961698,LVG2
205.899000000018,0.7744140625,-0.5068359375,0.4921875,-0.7119666277952479,1.4526673347391799,1.34837326968099,LVG2
205.919000000018,0.517578125,-0.7685546875,0.41552734375,-0.515084974369058,1.42499748074415,1.26004258192761,LVG2
205.939000000018,0.39453125,-0.759765625,0.18408203125,0.7055812768733171,1.2696206083105102,0.8205175934680659,LVG2
205.959000000018,0.12744140625,-0.01025390625,0.45751953125,2.1582486116125,1.2376938537008602,0.14686307120440098,LVG2
205.979000000018,-0.03759765625,0.09326171875,0.81787109375,1.4260617058978102,0.8790499769190949,0.015963377304826,LVG2
205.99900000001801,-0.02197265625,-0.43359375,0.6279296875,0.10961519082647302,0.35013007555252096,-0.09258758836799198,LVG2
206.019000000018,-0.09619140625,-0.48583984375,0.15087890625,0.025541403687721998,-0.023412953380412004,-0.336295148555005,LVG2
206.040000000018,-0.12109375,-0.47509765625,-0.150390625,0.461873716686304,-0.637470867039392,-0.323524446711144,LVG2
206.060000000018,0.31005859375,-0.3037109375,0.2734375,1.22811582731796,-1.5367411218779299,-0.328845572479419,LVG2
206.080000000018,0.2099609375,0.48876953125,0.42626953125,0.9067198309141271,-1.74745770230164,-0.37886415470120793,LVG2
206.104000000018,-0.2939453125,0.85400390625,0.18798828125,-0.801361540702275,-1.65380588877999,-1.00250009474308,LVG2
206.12500000001802,0.0732421875,0.16259765625,1.0009765625,-1.89432077350604,-2.4807088331699902,-1.71978784830661,LVG2
206.145000000018,1.35546875,-0.68896484375,2.5126953125,-1.66125546485558,-3.07454646890952,-1.7698064305284,LVG2
206.165000000018,2.26416015625,-1.0517578125,2.7841796875,-1.26536370769589,-2.1029089036224398,-1.11530796103052,LVG2
206.185000000018,1.861328125,-0.78662109375,1.93798828125,-0.829031394697307,-0.259670937491839,-0.153248422126331,LVG2
206.209000000019,1.603515625,0.384765625,0.9658203125,-0.39802020746699995,1.07167472973066,0.753471408787796,LVG2
206.230000000018,1.47607421875,0.470703125,0.94970703125,-1.72085207346026,1.54844759856814,1.0376195248137001,LVG2
206.25000000001899,1.47705078125,0.1611328125,0.92431640625,-2.7127099166667996,2.01032131525444,1.2345011782398898,LVG2
206.270000000019,1.26318359375,0.09130859375,0.650390625,-2.9074631197856804,2.52434206446985,1.32496031630057,LVG2
206.290000000019,0.91748046875,-0.205078125,0.33349609375,-2.95748170200746,2.94151832470264,1.23130850277893,LVG2
206.310000000019,0.556640625,-0.7392578125,0.2216796875,-2.38386434418738,3.31080445302095,0.848187447463098,LVG2
206.330000000019,0.31787109375,-0.85498046875,0.1748046875,-0.9609953137505358,3.3799790880085294,0.240514884726048,LVG2
206.350000000019,0.04248046875,-0.68798828125,0.1279296875,0.570424682359122,3.26078587079916,-0.33097402278673,LVG2
206.370000000019,-0.1826171875,-0.47998046875,0.296875,2.0975877778541596,2.82658200810789,-0.666204946188079,LVG2
206.390000000019,-0.38916015625,-0.337890625,0.30029296875,2.8627656633321603,1.9379540048058999,-0.788590838858414,LVG2
206.410000000019,-0.24365234375,-0.16943359375,0.31201171875,3.0160140854584903,0.891820678762956,-1.14829894079383,LVG2
206.431000000019,-0.07861328125,-0.19287109375,0.2607421875,2.5456265675429504,0.08939491290702699,-1.2089597745521699,LVG2
206.451000000019,0.08203125,-0.1669921875,0.314453125,1.97307343487652,-0.683232548646561,-1.08870233218915,LVG2
206.471000000019,0.31005859375,-0.25146484375,0.27197265625,0.93864658552378,-1.40796987828567,-0.904591380606817,LVG2
206.491000000019,0.49658203125,-0.2470703125,0.3115234375,0.227744182882187,-1.8858069722768,-0.736443806329315,LVG2
206.515000000019,0.8486328125,-0.2158203125,0.46435546875,-0.08194533683144099,-2.1827257901465704,-0.713030852948903,LVG2
206.536000000019,1.16943359375,-0.564453125,0.8818359375,-0.21284503073101602,-1.9156052765791398,-0.46293794183995896,LVG2
206.556000000019,1.0859375,-0.99853515625,1.30322265625,-0.457616816071684,-0.9780229162090179,-0.241579109879703,LVG2
206.576000000019,0.919921875,-0.8662109375,1.5234375,-0.160697998201917,-0.27989121541128603,0.10429406505819801,LVG2
206.596000000019,0.828125,-0.3828125,1.32666015625,0.001064225153655,0.08726646259971699,0.405469783542585,LVG2
206.616000000019,0.77197265625,-0.1025390625,1.11279296875,-0.756664084248761,0.519341874983679,0.40014865777430997,LVG2
206.636000000019,0.64697265625,-0.57080078125,0.9052734375,-1.59101660471434,0.742829157251245,0.46293794183995896,LVG2
206.657000000019,0.29150390625,-0.5283203125,0.5703125,-1.17384034448155,0.689617899568491,0.622571714888221,LVG2
206.681000000019,0.033203125,0.2587890625,0.064453125,-0.687489449261181,0.128771243592265,0.387377955930449,LVG2
206.701000000019,-0.14892578125,0.37890625,-0.1826171875,-0.045761681607168,-0.6119294633516701,-0.18623940188963897,LVG2
206.721000000019,-0.0615234375,0.419921875,-0.04541015625,1.46224536112208,-1.40796987828567,-0.80668266647055,LVG2
206.742000000019,-0.36181640625,1.39892578125,0.111328125,0.8460589971557879,-2.19868916745139,-1.55270449918276,LVG2
206.762000000019,-0.076171875,1.337890625,0.4794921875,-0.511892298908093,-3.2746207977966804,-2.59138824915012,LVG2
206.782000000019,1.29248046875,0.0322265625,1.80810546875,-1.1248859874134198,-3.4885300536813504,-2.74995779704472,LVG2
206.806000000019,2.0380859375,-1.63671875,2.1884765625,-1.3409236936053999,-2.49986488593578,-1.62720025993862,LVG2
206.82700000001898,1.6640625,-1.54443359375,1.7001953125,-0.692810575029456,-1.1759687947888602,-0.457616816071684,LVG2
206.847000000019,1.49951171875,-0.9228515625,1.267578125,0.27137741418204503,-0.10429406505819801,0.28734079148687103,LVG2
206.867000000019,1.07666015625,-0.04052734375,0.64306640625,0.435268087844927,0.881178427226405,0.7577283094024159,LVG2
206.887000000019,1.08447265625,0.1611328125,0.57373046875,-0.19156052765791398,1.1536200665621101,0.916297857297023,LVG2
206.907000000019,1.18603515625,0.046875,0.81591796875,-0.733251130868349,1.28451976046168,0.900334479992197,LVG2
206.927000000019,1.1298828125,-0.09033203125,0.984375,-1.21640935062776,1.67828306731406,0.870536175689855,LVG2
206.948000000019,1.0029296875,-0.40283203125,0.99658203125,-1.82088923790384,2.13270720792478,0.8492516726167529,LVG2
206.968000000019,0.7841796875,-0.7255859375,0.755859375,-1.75171460291626,2.4945437601675002,0.8173249180071009,LVG2
206.98800000001899,0.4765625,-0.78466796875,0.45166015625,-0.9876009425919129,2.65524175836942,0.740700706943935,LVG2
207.008000000019,0.197265625,-0.576171875,0.236328125,-0.39695598231334395,2.4881584092455697,0.701324376258697,LVG2
207.028000000019,0.00439453125,-0.6552734375,0.08544921875,-0.557653980515261,2.01457821586906,0.7907192891657241,LVG2
207.048000000019,-0.04296875,-0.62744140625,0.29931640625,-0.09152336321433699,1.4047772028246999,0.7577283094024159,LVG2
207.068000000019,-0.0302734375,-0.1328125,0.41845703125,1.16106964263769,0.8524443480777181,0.5831953842029829,LVG2
207.088000000019,-0.0517578125,0.154296875,0.51416015625,1.08444543157453,0.409726684157205,0.39695598231334395,LVG2
207.108000000019,0.0458984375,-0.17236328125,0.53369140625,0.225615732574877,-0.06278928406565,0.297983043023422,LVG2
207.128000000019,0.1220703125,-0.1376953125,0.55126953125,0.5076353982934729,-0.437396538152238,-0.038312105531583,LVG2
207.149000000019,0.28125,-0.005859375,0.62255859375,0.7779485873218629,-0.633213966424772,-0.575745808127398,LVG2
207.169000000019,0.47119140625,0.1796875,0.8955078125,0.7939119646266891,-0.66833339649539,-1.0099496708186702,LVG2
207.189000000019,0.58251953125,0.10986328125,1.0087890625,0.307561069406318,-0.669397621649045,-1.13659246410362,LVG2
207.213000000019,0.5859375,-0.07421875,0.90283203125,-0.687489449261181,-0.553397079900641,-1.26642793284954,LVG2
207.233000000019,0.7236328125,-0.27294921875,0.76708984375,-1.1259502125670702,-0.5448832786714001,-1.2015101984765801,LVG2
207.254000000019,0.8359375,-0.431640625,0.7578125,-1.4313828316660802,-0.515084974369058,-0.81093956708517,LVG2
207.274000000019,0.697265625,-0.3525390625,0.85205078125,-1.69743912007985,-0.421433160847411,-0.571488907512777,LVG2
207.294000000019,0.46044921875,-0.43505859375,0.4296875,-1.74532925199433,-0.6076725627370501,-0.41398358477182595,LVG2
207.313000000019,0.1953125,-0.3251953125,0.13720703125,-1.530355770956,-0.8247744940826859,-0.40653400869623996,LVG2
207.334000000019,0.32080078125,-0.35302734375,0.296875,-1.16851921871328,-1.34943749483464,-0.7194162038708342,LVG2
207.354000000019,0.56884765625,-0.35107421875,0.6337890625,-0.154312647279986,-1.41009832859298,-1.2366296285472,LVG2
207.37500000001899,0.4736328125,-0.09130859375,0.91015625,-0.483158219759406,-1.22173047639603,-1.3803000242906398,LVG2
207.399000000019,0.46875,-0.3115234375,0.9814453125,-0.7662421106316569,-1.4888509899634599,-1.4313828316660802,LVG2
207.419000000019,1.12548828125,-0.5244140625,1.25732421875,-0.238386434418738,-1.75277882806992,-1.3888138255198799,LVG2
207.439000000019,1.05029296875,-0.7294921875,0.68212890625,-0.515084974369058,-1.38774960036622,-1.1983175230156202,LVG2
207.460000000019,0.8125,-0.82861328125,-0.111328125,0.021284503073102003,-1.17916147024983,-1.16639076840597,LVG2
207.480000000019,1.06640625,-0.55859375,0.37158203125,1.62720025993862,-1.4196763549758797,-1.27068483346416,LVG2
207.50000000001899,1.61474609375,-0.72216796875,1.3173828125,2.30191900735594,-1.3441163690663702,-0.9918578432065341,LVG2
207.524000000019,1.376953125,-0.45947265625,1.046875,2.31681815950711,-0.5033784976788521,-0.415047809925481,LVG2
207.545000000019,1.1875,0.06884765625,0.83251953125,2.1539917109978797,0.120257442363024,-0.10003716444357699,LVG2
207.56500000001898,1.11181640625,-0.02880859375,0.7001953125,1.21747357578141,0.511892298908093,0.157505322740952,LVG2
207.585000000019,1.1474609375,-0.31689453125,0.849609375,0.5938376357395339,0.715159303256213,0.42781851176934205,LVG2
207.605000000019,1.23388671875,-0.33251953125,1.06494140625,0.40227710808162,0.8162606928534458,0.67897564803194,LVG2
207.62500000001899,0.904296875,0.00244140625,0.81884765625,0.10003716444357699,1.09083078249646,0.863086599614269,LVG2
207.645000000019,1.16357421875,0.1083984375,0.6455078125,-0.445910339381478,1.00782122051136,0.985472492284603,LVG2
207.666000000019,1.64990234375,-0.14892578125,0.66064453125,-0.73750803148297,1.41116255374663,1.1397851395645902,LVG2
207.686000000019,0.9677734375,-0.29541015625,0.6982421875,-0.355451201320796,2.41046997302875,1.4526673347391799,LVG2
207.710000000019,0.6953125,-0.2021484375,0.5654296875,-0.5001858222178871,2.60735162645494,1.44628198381725,LVG2
207.730000000019,0.71044921875,-0.27490234375,0.7353515625,-0.5416906032104349,2.70738879089852,1.6825399679286799,LVG2
207.751000000019,0.36669921875,-0.45654296875,0.7578125,-0.7215446541781441,2.75953582342762,1.58782392925338,LVG2
207.771000000019,0.2841796875,-0.19775390625,0.39990234375,-0.00212845030731,2.4945437601675002,1.10785838495494,LVG2
207.791000000019,0.15283203125,0.28515625,0.60302734375,0.753471408787796,2.4381398270237904,0.5384979277494699,LVG2
207.811000000019,-0.0205078125,0.017578125,0.95654296875,-0.00425690061462,2.4381398270237904,0.054275482836409004,LVG2
207.830000000019,-0.03515625,-0.06640625,1.193359375,-0.445910339381478,2.03692694409582,-0.555525530207951,LVG2
207.85100000001898,0.04345703125,-0.01025390625,1.06591796875,-1.1259502125670702,1.4952363408853897,-1.10785838495494,LVG2
207.871000000019,0.0205078125,0.13818359375,0.6015625,-1.9645596336472801,1.14617049048652,-1.41648367951491,LVG2
207.891000000019,0.0693359375,-0.29443359375,0.27587890625,-2.19123959137581,0.80242576585593,-1.52184196972676,LVG2
207.911000000019,0.1787109375,-0.6083984375,0.37646484375,-0.847123222309443,0.39482753200603404,-1.5835670286387602,LVG2
207.931000000019,0.34912109375,-0.4501953125,0.67724609375,0.26286361295280397,0.025541403687721998,-1.62081490901669,LVG2
207.951000000019,0.43212890625,-0.41015625,0.802734375,-0.013834926997516001,-0.13622081966785002,-1.46437381142939,LVG2
207.972000000019,0.48681640625,-0.505859375,0.8037109375,-0.53424102713485,-0.16601912397019197,-1.19193217209369,LVG2
207.992000000019,0.4580078125,-0.47412109375,0.69921875,-0.8747930763044749,-0.11067941598012801,-0.970573340133432,LVG2
208.012000000019,0.48974609375,-0.51123046875,0.67578125,-1.2089597745521699,-0.10429406505819801,-0.6704618468026999,LVG2
208.032000000019,0.53759765625,-0.611328125,0.853515625,-1.16639076840597,0.034055204916963,-0.310753744867283,LVG2
208.052000000019,0.49609375,-0.4111328125,0.96435546875,-0.9939862935138442,0.2788269902576311,-0.249028685955288,LVG2
208.072000000019,0.482421875,-0.38037109375,0.77392578125,-1.5825028034850999,0.441653438766858,-0.351194300706176,LVG2
208.092000000019,0.45166015625,-0.640625,0.6025390625,-1.8198250127501898,0.656626919805184,-0.5033784976788521,LVG2
208.112000000019,0.36572265625,-0.76513671875,0.64892578125,-0.7321869057146941,0.8237102689290309,-0.796040414933999,LVG2
208.132000000019,0.32421875,-0.57861328125,0.828125,0.7896550640120691,0.797104640087654,-1.15468429171576,LVG2
208.152000000019,0.3466796875,-0.07861328125,0.99853515625,0.7236731044854541,0.610865238198015,-1.34837326968099,LVG2
208.172000000019,0.3095703125,-0.26953125,0.6591796875,-0.506571173139818,0.239450659572393,-1.224923151857,LVG2
208.193000000019,0.40380859375,-0.51611328125,0.4736328125,-1.55696139979738,-0.254349811723564,-0.8950133542239208,LVG2
208.217000000019,0.40283203125,-0.97607421875,0.48193359375,-1.71978784830661,-0.443781889074168,-0.303304168791697,LVG2
208.237000000019,0.33154296875,-0.9599609375,0.85546875,-0.34161627432328,-0.479965544298441,0.13409236936053998,LVG2
208.257000000019,0.31640625,-0.5126953125,1.0,0.4235616111547221,-0.43633231299858205,-0.058532383451029006,LVG2
208.278000000019,0.2978515625,-0.4580078125,0.82421875,-0.23200108349680698,-0.33948782401597,-0.18091827612136302,LVG2
208.298000000019,0.3046875,-0.58447265625,0.66552734375,-0.8162606928534458,-0.28308389087225105,-0.20965235527005102,LVG2
208.318000000019,0.388671875,-0.66015625,0.74560546875,-0.8747930763044749,-0.285212341179561,-0.168147574277502,LVG2
208.337000000019,0.4248046875,-0.7138671875,0.7978515625,-0.66833339649539,-0.20539545465543,-0.075559985909511,LVG2
208.35700000001899,0.38134765625,-0.57763671875,0.75537109375,-0.401212882927965,-0.07343153560220099,-0.10003716444357699,LVG2
208.378000000019,0.43115234375,-0.61572265625,0.76416015625,-0.696003250490422,-0.010642251536551002,-0.164954898816537,LVG2
208.398000000019,0.48583984375,-0.63671875,0.7900390625,-0.80668266647055,0.06704618468026999,-0.23200108349680698,LVG2
208.418000000019,0.47314453125,-0.703125,0.70556640625,-0.649177343729598,0.158569547894607,-0.2788269902576311,LVG2
208.438000000019,0.46142578125,-0.69970703125,0.64501953125,-0.345873174937901,0.19794587857984502,-0.285212341179561,LVG2
208.45800000001898,0.474609375,-0.71728515625,0.67626953125,-0.20433122950177499,0.16389067366288199,-0.20752390496273998,LVG2
208.478000000019,0.49755859375,-0.75,0.7333984375,-0.26286361295280397,0.11174364113378302,-0.09258758836799198,LVG2
208.499000000019,0.46533203125,-0.79833984375,0.68408203125,-0.31288219517459304,0.11280786628743801,0.031926754609652,LVG2
208.523000000019,0.3193359375,-0.72998046875,0.61474609375,-0.00638535092193,0.09152336321433699,0.169211799431158,LVG2
208.543000000019,0.28173828125,-0.6748046875,0.7548828125,0.41079090931086,-0.058532383451029006,0.256478262030874,LVG2
208.563000000019,0.3544921875,-0.51513671875,0.8759765625,0.33735937370866,-0.079816886524131,0.194753203118879,LVG2
208.584000000019,0.39892578125,-0.46875,0.8876953125,0.053211257682754004,-0.034055204916963,0.143670395743436,LVG2
208.604000000019,0.4453125,-0.49951171875,0.87451171875,-0.169211799431158,0.056403933143719005,0.06917463498758,LVG2
208.623000000019,0.44921875,-0.54736328125,0.80224609375,-0.46400216699361496,0.124514342977644,0.036183655224273,LVG2
208.648000000019,0.44140625,-0.671875,0.64453125,-0.690682124722146,0.14686307120440098,0.06066083375833999,LVG2
208.668000000019,0.458984375,-0.7041015625,0.60009765625,-0.457616816071684,0.09578026382895699,0.127707018438609,LVG2
208.689000000019,0.4404296875,-0.64111328125,0.63427734375,-0.10322983990454301,0.012770701843860999,0.21390925588467102,LVG2
208.709000000019,0.44482421875,-0.609375,0.67041015625,0.019156052765792,-0.065981959526615,0.275634314796665,LVG2
208.729000000019,0.4658203125,-0.626953125,0.65283203125,0.019156052765792,-0.119193217209369,0.28734079148687103,LVG2
208.749000000019,0.53857421875,-0.642578125,0.67041015625,0.010642251536551002,-0.130899693899575,0.21603770619198104,LVG2
208.769000000019,0.501953125,-0.64306640625,0.7861328125,0.09684448898261201,-0.020220277919447,0.155376872433642,LVG2
208.790000000019,0.44677734375,-0.60400390625,0.78759765625,-0.037247880377928,0.035119430070618,0.10855096567281801,LVG2
208.814000000019,0.4248046875,-0.630859375,0.703125,-0.292661917255147,0.05959660860468499,0.09258758836799198,LVG2
208.834000000019,0.404296875,-0.67919921875,0.6484375,-0.30117571848438696,0.08726646259971699,0.08513801229240599,LVG2
208.854000000019,0.37548828125,-0.65869140625,0.6455078125,0.058532383451029006,0.09471603867530198,0.054275482836409004,LVG2
208.874000000019,0.36962890625,-0.587890625,0.67822265625,0.28734079148687103,0.037247880377928,0.06491773437296,LVG2
208.895000000019,0.392578125,-0.5908203125,0.6640625,0.168147574277502,-0.034055204916963,0.079816886524131,LVG2
208.915000000019,0.37548828125,-0.64013671875,0.66552734375,-0.001064225153655,-0.055339707990064005,0.09365181352164699,LVG2
208.935000000019,0.35888671875,-0.7880859375,0.59033203125,-0.27989121541128603,-0.10003716444357699,0.143670395743436,LVG2
208.959000000019,0.37646484375,-0.859375,0.56298828125,-0.169211799431158,-0.27031318902839,0.252221361416254,LVG2
208.980000000019,0.3681640625,-0.68701171875,0.67919921875,0.393763306852379,-0.33523092340134997,0.264992063260115,LVG2
209.00000000001899,0.365234375,-0.55126953125,0.748046875,0.7438933824049,-0.329909797633074,0.21071658042370603,LVG2
209.020000000019,0.3818359375,-0.43994140625,0.826171875,0.8354167456192372,-0.252221361416254,0.08513801229240599,LVG2
209.040000000019,0.3642578125,-0.39453125,0.8779296875,0.479965544298441,-0.14047772028247002,0.009578026382896,LVG2
209.060000000019,0.4169921875,-0.5947265625,0.73828125,-0.18943207735060397,-0.114936316594749,0.00212845030731,LVG2
209.080000000019,0.4921875,-0.734375,0.66650390625,-0.18198250127501897,-0.154312647279986,-0.032990979763308,LVG2
209.100000000019,0.451171875,-0.73486328125,0.708984375,0.38631373077679404,-0.15111997181902098,-0.050018582221788996,LVG2
209.120000000019,0.4560546875,-0.65771484375,0.712890625,0.638535092193047,-0.192624752811569,-0.005321125768275,LVG2
209.140000000019,0.4580078125,-0.78662109375,0.6728515625,0.491672020988646,-0.169211799431158,-0.011706476690206002,LVG2
209.160000000019,0.3603515625,-0.884765625,0.69482421875,0.742829157251245,-0.117064766902059,0.008513801229241,LVG2
209.180000000019,0.291015625,-0.8984375,0.85205078125,1.34198791875905,-0.127707018438609,0.07023886014123501,LVG2
209.201000000019,0.2177734375,-0.8046875,1.01904296875,1.55164027402911,-0.079816886524131,0.21497348103832603,LVG2
209.221000000019,0.14111328125,-0.99365234375,0.94482421875,1.16106964263769,0.078752661370476,0.399084432620655,LVG2
209.241000000019,0.08251953125,-0.9619140625,0.984375,1.1472347156401799,0.178789825814053,0.628957065810152,LVG2
209.265000000019,0.0615234375,-0.74658203125,1.0126953125,1.25046455554472,0.227744182882187,0.847123222309443,LVG2
209.286000000019,0.10107421875,-0.2890625,0.9697265625,1.4409608580489799,0.259670937491839,0.843930546848478,LVG2
209.306000000019,0.12744140625,0.1171875,0.91357421875,0.9918578432065341,0.310753744867283,0.681104098339251,LVG2
209.326000000019,0.11376953125,0.0009765625,0.771484375,-0.311817970020938,0.233065308650462,0.660883820419804,LVG2
209.346000000019,0.19189453125,-0.5205078125,0.5830078125,-1.17384034448155,-0.05959660860468499,0.791783514319379,LVG2
209.366000000019,0.26513671875,-0.640625,0.61572265625,-0.502314272525197,-0.307561069406318,0.7822054879364829,LVG2
209.385000000019,0.2373046875,-0.40234375,0.79248046875,0.41824048538644604,-0.47358019337651,0.649177343729598,LVG2
209.406000000019,0.3076171875,-0.44580078125,0.748046875,0.33097402278673,-0.6736545222636651,0.43420386269127204,LVG2
209.426000000019,0.43701171875,-0.37646484375,0.71337890625,0.05959660860468499,-0.822646043775376,0.243707560187013,LVG2
209.44600000001898,0.54345703125,-0.25927734375,0.69970703125,-0.5523328547469859,-0.8375451959265471,-0.028734079148687,LVG2
209.466000000019,0.69970703125,-0.30517578125,0.64453125,-1.01314234627964,-0.847123222309443,-0.319267546096524,LVG2
209.486000000019,0.6845703125,-0.4775390625,0.501953125,-1.11637218618418,-0.7236731044854541,-0.481029769452096,LVG2
209.507000000019,0.55712890625,-0.51904296875,0.43212890625,-0.6310855161174621,-0.623635940041876,-0.5991587615078101,LVG2
209.527000000019,0.5244140625,-0.34814453125,0.61767578125,0.00425690061462,-0.7183519787171779,-0.687489449261181,LVG2
209.547000000019,0.55029296875,-0.23095703125,0.744140625,-0.10748674051916302,-0.860958149306959,-0.7119666277952479,LVG2
209.57100000001898,0.60986328125,-0.26025390625,0.7822265625,-1.43351128197339,-0.8173249180071009,-0.87585730145813,LVG2
209.592000000019,0.6005859375,-0.2783203125,0.76025390625,-2.45623165463592,-0.664076495880769,-0.9918578432065341,LVG2
209.612000000019,0.607421875,-0.455078125,0.69677734375,-3.07561069406318,-0.581066933895673,-1.01739924689426,LVG2
209.632000000019,0.6708984375,-0.84375,0.6015625,-2.54988346815757,-0.431011187230307,-1.00888544566502,LVG2
209.652000000019,0.68798828125,-1.16064453125,0.4130859375,-0.622571714888221,-0.246900235647978,-1.00250009474308,LVG2
209.672000000019,0.685546875,-0.8525390625,0.53466796875,0.49380047129595706,-0.14047772028247002,-0.9588668634432259,LVG2
209.691000000019,0.62451171875,-0.8330078125,0.66552734375,0.336295148555005,-0.130899693899575,-0.8354167456192372,LVG2
209.712000000019,0.6181640625,-0.53369140625,0.59033203125,0.039376330685238,-0.14686307120440098,-0.94716038675302,LVG2
209.73200000001899,0.64501953125,-0.61083984375,0.39990234375,-0.11280786628743801,-0.11067941598012801,-0.8247744940826859,LVG2
209.752000000019,0.6337890625,-0.62353515625,0.44970703125,0.17240447489212302,-0.246900235647978,-0.693874800183112,LVG2
209.772000000019,0.70263671875,-0.5361328125,0.6015625,-0.228808408035842,-0.5097638486007829,-0.518277649830024,LVG2
209.792000000019,0.7958984375,-0.4443359375,0.61669921875,-0.698131700797732,-0.549140179286021,-0.41611203507913597,LVG2
209.812000000019,0.73779296875,-0.64599609375,0.40869140625,-1.5644109758729698,-0.428882736922997,-0.158569547894607,LVG2
209.832000000019,0.68798828125,-0.83544921875,0.32421875,-0.7279300051000741,-0.48209399460575103,-0.04789013191447901,LVG2
209.852000000019,0.77197265625,-0.69970703125,0.46533203125,-0.174532925199433,-0.415047809925481,0.026605628841377002,LVG2
209.872000000019,0.76708984375,-0.6044921875,0.638671875,-0.356515426474451,-0.27457008964301,0.05959660860468499,LVG2
209.892000000019,0.66357421875,-0.46240234375,0.61572265625,-0.7055812768733171,-0.035119430070618,0.035119430070618,LVG2
209.913000000019,0.6083984375,-0.37646484375,0.50244140625,-1.1589411923303798,0.07023886014123501,-0.074495760755856,LVG2
209.933000000019,0.6005859375,-0.44189453125,0.39697265625,-1.72830164953585,-0.005321125768275,-0.303304168791697,LVG2
209.953000000019,0.6552734375,-0.59765625,0.42431640625,-1.95072470664976,-0.079816886524131,-0.317139095789214,LVG2
209.973000000019,0.70361328125,-0.7880859375,0.28759765625,-2.31681815950711,-0.117064766902059,-0.40014865777430997,LVG2
209.997000000019,0.83837890625,-0.6708984375,0.296875,-1.65061321331903,-0.245836010494323,-0.242643335033358,LVG2
210.018000000019,0.8515625,-0.8017578125,0.20703125,-1.9858441367203798,-0.21710193134563602,0.33948782401597,LVG2
210.038000000019,0.7744140625,-1.39111328125,-0.00634765625,-1.92305485265473,-0.236257984111428,0.953545737674951,LVG2
210.058000000019,0.81640625,-1.0205078125,0.0927734375,0.07023886014123501,-0.33948782401597,0.933325459755504,LVG2
210.078000000019,0.72509765625,-0.59765625,0.3994140625,1.16639076840597,-0.27669853995032107,0.8269029443899959,LVG2
210.098000000019,0.77685546875,-0.4697265625,0.5888671875,0.891820678762956,-0.300111493330732,0.7162235284098679,LVG2
210.11900000001899,0.7451171875,-0.80126953125,0.4365234375,0.178789825814053,-0.18730362704329398,0.643856217961323,LVG2
210.139000000019,0.654296875,-1.125,0.22900390625,0.412919359618171,-0.061725058911995,0.632149741271117,LVG2
210.159000000019,0.5380859375,-0.97509765625,0.07373046875,1.4239332555905,-0.114936316594749,0.5938376357395339,LVG2
210.183000000019,0.41650390625,-0.70751953125,0.1103515625,2.47964460801633,-0.247964460801633,0.38312105531582796,LVG2
210.203000000019,0.52197265625,-0.1689453125,0.63720703125,3.1341430775142096,-0.20539545465543,-0.16601912397019197,LVG2
210.224000000019,0.59912109375,-0.53759765625,0.60888671875,1.71233827223102,-0.036183655224273,-0.256478262030874,LVG2
210.24400000001899,0.53759765625,-0.8369140625,0.45166015625,0.9588668634432259,0.123450117823989,-0.192624752811569,LVG2
210.264000000019,0.49462890625,-0.79736328125,0.48681640625,1.17171189417424,0.054275482836409004,-0.118128992055714,LVG2
210.284000000019,0.6103515625,-0.7421875,0.46240234375,1.33879524329809,-0.19156052765791398,0.027669853995032002,LVG2
210.30300000001998,0.69921875,-0.62890625,0.541015625,1.2791986346934099,-0.22455150742122199,0.08939491290702699,LVG2
210.324000000019,0.58251953125,-0.64990234375,0.43212890625,0.858829698999649,-0.135156594514195,0.13409236936053998,LVG2
210.34400000002,0.51806640625,-0.66162109375,0.44921875,0.891820678762956,-0.056403933143719005,-0.009578026382896,LVG2
210.36400000001998,0.61767578125,-0.755859375,0.48095703125,1.2696206083105102,-0.10535829021185301,-0.072367310448545,LVG2
210.38400000002,0.73193359375,-0.4619140625,0.57763671875,1.47395183781228,-0.118128992055714,-0.09471603867530198,LVG2
210.40400000001998,0.59375,-0.36669921875,0.37744140625,0.88011420207275,-0.00212845030731,-0.13196391905323,LVG2
210.42400000002,0.58447265625,-0.32470703125,0.47705078125,1.1749045696352098,0.09897293928992199,-0.42994696207665206,LVG2
210.44400000002,0.69677734375,-0.50927734375,0.48876953125,1.16532654325231,0.117064766902059,-0.502314272525197,LVG2
210.46400000001998,0.52294921875,-0.41162109375,0.50634765625,0.884371102687371,0.141541945436126,-0.49592892160326707,LVG2
210.48400000002,0.466796875,-0.53369140625,0.7734375,0.663012270727114,0.04895435706813401,-0.547011728978711,LVG2
210.50400000002,0.7509765625,-0.6630859375,0.916015625,0.508699623447128,-0.06385350921930501,-0.597030311200499,LVG2
210.52400000001998,0.7294921875,-0.58056640625,0.71826171875,0.20326700434811998,-0.118128992055714,-0.42781851176934205,LVG2
210.54500000002,0.6396484375,-0.50927734375,0.46728515625,-0.028734079148687,-0.16601912397019197,-0.307561069406318,LVG2
210.56900000002,0.69873046875,-0.62841796875,0.50048828125,0.445910339381478,-0.034055204916963,-0.319267546096524,LVG2
210.58900000001998,0.8115234375,-0.68994140625,0.412109375,1.11317951072321,0.139413495128815,-0.273505864489355,LVG2
210.60900000002,0.974609375,-0.6357421875,0.55078125,1.7804486820649499,0.2969188178697669,-0.141541945436126,LVG2
210.63000000001998,1.11669921875,-0.27294921875,0.82861328125,1.48565831450249,0.5831953842029829,0.34480894978424603,LVG2
210.65000000002,1.07666015625,-0.2353515625,0.8525390625,0.7875266137047591,0.744957607558555,0.812003792238825,LVG2
210.67000000002,1.22607421875,-0.4853515625,0.69873046875,0.384185280469484,0.814132242546135,1.20683132424486,LVG2
210.69000000001998,1.4951171875,-0.5888671875,0.6923828125,0.003192675460965,1.19193217209369,1.95072470664976,LVG2
210.71400000001998,1.56005859375,-0.95458984375,0.61572265625,-0.489543570681336,1.61655800840207,2.62863612952805,LVG2
210.73500000002,1.2958984375,-0.76513671875,0.51025390625,-0.435268087844927,1.9156052765791398,3.2299233413431696,LVG2
210.75500000001998,0.998046875,-0.802734375,0.298828125,-0.47783709399113106,1.70488869615544,3.551319337747,LVG2
210.77500000002,0.59765625,-0.68359375,0.19287109375,0.056403933143719005,1.22811582731796,3.52897060952024,LVG2
210.79500000002,0.154296875,-0.5263671875,0.2314453125,0.461873716686304,0.704517051719662,3.1596844812019302,LVG2
210.81500000001998,-0.16259765625,-0.43505859375,0.39892578125,0.788590838858414,0.06917463498758,2.72867329397162,LVG2
210.83600000002,-0.39697265625,-0.2890625,0.509765625,1.55164027402911,-0.5693604572054671,2.33916688773386,LVG2
210.85600000001998,-0.5380859375,-0.4365234375,0.38623046875,2.0688536987054698,-1.19938174816927,1.92518330296204,LVG2
210.87600000001999,-0.34228515625,-0.61865234375,0.494140625,3.02984901245601,-1.6846684182359901,1.2472718800837501,LVG2
210.89600000002,-0.1611328125,0.419921875,1.04541015625,4.05469783542585,-1.62081490901669,0.45229569030340905,LVG2
210.91500000002,-0.1865234375,0.50830078125,1.1591796875,2.9266191725514705,-1.2813270850007201,0.267120513567425,LVG2
210.93600000002,-0.17041015625,0.06396484375,0.9814453125,2.36045139080697,-1.21428090032045,0.124514342977644,LVG2
210.95600000002,-0.13232421875,-0.09521484375,0.83642578125,2.2242305711391204,-1.3185749653786398,-0.226679957728532,LVG2
210.97600000001998,0.083984375,-0.17041015625,0.705078125,1.7091455967700602,-1.3909422758271899,-0.47783709399113106,LVG2
210.99600000002,0.20068359375,-0.142578125,0.72802734375,1.8549444428208,-1.41541945436126,-0.356515426474451,LVG2
211.01600000002,0.2060546875,0.11865234375,0.92529296875,1.78896248329419,-1.2089597745521699,-0.385249505623139,LVG2
211.03700000002,0.291015625,0.00244140625,1.2724609375,1.3505017199882998,-1.09295923280377,-0.533176801981195,LVG2
211.05700000002,0.24951171875,0.40234375,1.19189453125,0.8354167456192372,-0.9429034861384,-0.8354167456192372,LVG2
211.08100000002,0.259765625,0.26611328125,0.90283203125,-0.842866321694823,-0.742829157251245,-0.949288837060331,LVG2
211.10100000001998,0.69189453125,-0.357421875,1.263671875,-0.857765473845994,-0.756664084248761,-1.02378459781619,LVG2
211.12100000002,1.05126953125,-0.44580078125,1.5986328125,-0.348001625245211,-0.580002708742018,-1.18767527147907,LVG2
211.14200000001998,1.0859375,-0.10888671875,1.49658203125,-1.49097944027077,0.258606712338184,-0.7524071836341409,LVG2
211.16200000002,1.00732421875,0.12109375,1.333984375,-2.06566102324451,0.49380047129595706,-0.5384979277494699,LVG2
211.18200000002,1.04052734375,0.2978515625,1.2099609375,-2.60522317614763,0.8056184413168951,-0.3597081019354171,LVG2
211.20600000002,0.9716796875,0.4765625,0.9306640625,-3.80354069916325,1.22705160216431,-0.078752661370476,LVG2
211.22600000001998,0.7490234375,0.40185546875,0.69091796875,-4.922041335654741,1.5186492942658,0.035119430070618,LVG2
211.24700000002,0.45263671875,0.30615234375,0.4853515625,-6.05118422368278,1.74107235137971,-0.13834926997516,LVG2
211.26700000001998,0.32177734375,-0.115234375,0.21630859375,-7.08880374849648,1.7804486820649499,-0.27457008964301,LVG2
211.28700000002,0.1416015625,-1.10888671875,-0.28759765625,-7.480438605041551,1.8059900857526698,-0.28308389087225105,LVG2
211.30700000002,-0.19189453125,-2.0322265625,-0.66064453125,-5.089124684778589,1.56547520102662,-0.36609345285734707,LVG2
211.32700000001998,-0.18212890625,-1.78466796875,-0.4560546875,-0.889692228455646,0.825838719236341,-0.547011728978711,LVG2
211.34700000002,-0.0322265625,-1.18115234375,0.37646484375,1.7900267084478403,0.44803878968878796,-0.8194533683144108,LVG2
211.36700000002,0.04052734375,-1.1162109375,0.8154296875,2.6967465393619703,0.2788269902576311,-0.865215049921579,LVG2
211.38700000001998,0.23291015625,-1.052734375,1.0498046875,2.84786651118099,0.015963377304826,-0.7492145081731759,LVG2
211.40700000002,0.1767578125,-0.9169921875,0.64306640625,2.0986520030078197,-0.152184196972676,-0.547011728978711,LVG2
211.42700000002,0.22705078125,-0.92822265625,0.31884765625,2.3945065957239304,-0.27031318902839,-0.43313963753761703,LVG2
211.44800000002,0.56103515625,-0.482421875,0.8876953125,4.19304710540101,-0.32778134732576397,-0.60341566212243,LVG2
211.46800000002,0.72265625,-0.1298828125,1.3349609375,3.71521001140988,-0.157505322740952,-0.645984668268633,LVG2
211.48800000001998,0.71923828125,-0.34228515625,1.00830078125,1.6963748949261999,-0.084073787138751,-0.527855676212919,LVG2
211.50800000002,0.626953125,-0.4130859375,0.4501953125,0.46932329276189,-0.20965235527005102,-0.5991587615078101,LVG2
211.52800000002,0.7734375,-0.24072265625,0.70361328125,0.616186363966291,-0.36396500255003705,-0.329909797633074,LVG2
211.54800000001998,0.59228515625,-0.0712890625,0.7822265625,0.557653980515261,-0.243707560187013,-0.141541945436126,LVG2
211.56800000002,0.427734375,0.0556640625,0.74560546875,0.08939491290702699,-0.487415120374026,-0.34480894978424603,LVG2
211.58800000002,0.40185546875,-0.27294921875,0.5888671875,-0.7939119646266891,-0.900334479992197,-0.409726684157205,LVG2
211.60800000001998,0.62744140625,-0.02880859375,0.52099609375,-0.910976731528748,-1.4377681825880102,-0.39695598231334395,LVG2
211.62800000002,0.6962890625,0.271484375,0.87890625,-3.0075002842292498,-1.2887766610763,-0.19901010373349998,LVG2
211.64800000001998,0.74560546875,-0.91650390625,0.34716796875,-4.68471912638966,-1.0280414984308102,0.20539545465543,LVG2
211.66900000002,0.7060546875,-0.73486328125,0.3896484375,-2.57968177245991,-0.581066933895673,0.14047772028247002,LVG2
211.69300000002,0.677734375,-0.61083984375,0.46923828125,-1.72830164953585,-0.529984126520229,0.5108280737544381,LVG2
211.71300000002,0.662109375,-0.2236328125,0.71630859375,-1.7910909336015002,-0.30649684425266305,0.47783709399113106,LVG2
211.73300000001998,0.60302734375,-0.3896484375,0.71142578125,-2.8510591866419603,-0.133028144206885,0.401212882927965,LVG2
211.75400000002,0.625,-1.0244140625,0.435546875,-3.0766749192168303,-0.20433122950177499,0.34268049947693496,LVG2
211.77400000001998,0.58251953125,-1.248046875,0.19970703125,-1.75384305322357,-0.188367852196949,0.250092911108944,LVG2
211.79400000002,0.56396484375,-1.10693359375,0.23486328125,-0.21390925588467102,-0.015963377304826,0.26605628841377,LVG2
211.81400000002,0.4609375,-0.65185546875,0.45458984375,0.6555626946515289,0.29904726817707694,0.116000541748404,LVG2
211.83400000001998,0.4814453125,-0.6640625,0.58740234375,0.308625294559973,0.316074870635558,0.050018582221788996,LVG2
211.85400000002,0.46923828125,-0.6650390625,0.666015625,-0.075559985909511,0.310753744867283,-0.009578026382896,LVG2
211.87400000001998,0.46630859375,-0.7138671875,0.56982421875,-0.455488365764374,0.351194300706176,-0.07130308529489,LVG2
211.89400000002,0.49951171875,-0.837890625,0.43212890625,-0.38844218108410405,0.322460221557489,-0.10748674051916302,LVG2
211.91400000002,0.4990234375,-0.87109375,0.46484375,-0.08194533683144099,0.27457008964301,-0.10642251536550801,LVG2
211.93400000001998,0.50634765625,-0.77685546875,0.52685546875,0.045761681607168,0.256478262030874,-0.10322983990454301,LVG2
211.95500000002,0.49560546875,-0.6220703125,0.57861328125,0.04895435706813401,0.295854592716112,-0.114936316594749,LVG2
211.97500000002,0.45849609375,-0.63671875,0.521484375,-0.079816886524131,0.33310247309403995,-0.21603770619198104,LVG2
211.99400000001998,0.44091796875,-0.7265625,0.5009765625,-0.04789013191447901,0.28946924179418104,-0.31820332094286896,LVG2
212.01900000002,0.42529296875,-0.708984375,0.4853515625,0.18730362704329398,0.250092911108944,-0.41611203507913597,LVG2
212.03900000002,0.4150390625,-0.58056640625,0.548828125,0.309689519713628,0.354386976167141,-0.578938483588363,LVG2
212.06000000001998,0.48583984375,-0.63818359375,0.55810546875,-0.135156594514195,0.36609345285734707,-0.7438933824049,LVG2
212.08000000002,0.55712890625,-0.810546875,0.4482421875,-0.241579109879703,0.428882736922997,-0.736443806329315,LVG2
212.10000000002,0.3642578125,-0.77197265625,0.43505859375,0.097908714136267,0.349065850398866,-0.74176493209759,LVG2
212.12000000001999,0.43115234375,-0.740234375,0.4638671875,0.403341333235275,0.11067941598012801,-0.7864623885511031,LVG2
212.14000000002,0.6171875,-0.79638671875,0.361328125,0.6885536744148361,0.005321125768275,-0.799233090394964,LVG2
212.16100000001998,0.58447265625,-0.416015625,0.47998046875,0.6257643903491871,0.10322983990454301,-0.904591380606817,LVG2
212.18100000002,0.443359375,-0.3173828125,0.6494140625,-0.120257442363024,0.010642251536551002,-1.13127133833535,LVG2
212.20500000002,0.8486328125,-0.97509765625,0.4501953125,-0.326717122172109,-0.019156052765792,-1.11850063649149,LVG2
212.22500000002,0.74609375,-1.0341796875,0.373046875,0.08194533683144099,0.119193217209369,-0.632149741271117,LVG2
212.24500000001999,0.67919921875,-0.6064453125,0.50634765625,0.7853981633974481,0.005321125768275,-0.170276024584813,LVG2
212.26600000002,0.6591796875,-0.232421875,0.595703125,0.9354539100628141,-0.121321667516679,-0.020220277919447,LVG2
212.28600000001998,0.55322265625,-0.21923828125,0.57080078125,0.28840501664052604,-0.13196391905323,-0.09045913806068198,LVG2
212.30600000002,0.55615234375,-0.52294921875,0.61376953125,-0.284148116025906,-0.10003716444357699,-0.25541403687721903,LVG2
212.32600000002,0.6650390625,-0.74267578125,0.6689453125,-0.28095544056494104,-0.074495760755856,-0.390570631391414,LVG2
212.34600000001998,0.712890625,-0.80859375,0.6123046875,-0.10748674051916302,-0.031926754609652,-0.29904726817707694,LVG2
212.36600000002,0.56982421875,-0.6494140625,0.5322265625,0.150055746665366,0.0,-0.17666137550674302,LVG2
212.38600000001998,0.4970703125,-0.556640625,0.677734375,0.701324376258697,0.017027602458481002,-0.27457008964301,LVG2
212.40600000002,0.66162109375,-0.5009765625,0.80419921875,1.1259502125670702,0.037247880377928,-0.48422244491306105,LVG2
212.42600000002,0.71044921875,-0.49951171875,0.7900390625,0.796040414933999,0.20965235527005102,-0.521470325290989,LVG2
212.44600000001998,0.58984375,-0.4296875,0.77978515625,0.36290077739638205,0.284148116025906,-0.47251596822285497,LVG2
212.46700000002,0.6845703125,-0.455078125,0.8525390625,0.558718205668917,0.21816615649929103,-0.47677286883747494,LVG2
212.48700000001998,0.76806640625,-0.3837890625,0.80419921875,0.543819053517745,0.254349811723564,-0.457616816071684,LVG2
212.50700000001999,0.5654296875,-0.4130859375,0.5517578125,-0.007449576075585999,0.338423598862315,-0.451231465149754,LVG2
212.52700000002,0.56884765625,-0.45263671875,0.59033203125,0.120257442363024,0.247964460801633,-0.49592892160326707,LVG2
212.54700000001998,0.76806640625,-0.52099609375,0.6865234375,0.36183655224272704,0.17240447489212302,-0.474644418530165,LVG2
212.56700000002,0.78076171875,-0.6083984375,0.49658203125,-0.030862529455997004,0.119193217209369,-0.322460221557489,LVG2
212.58700000002,0.62841796875,-0.5654296875,0.2734375,-0.42249738600106607,-0.013834926997516001,-0.14686307120440098,LVG2
212.60700000001998,0.560546875,-0.66796875,0.232421875,-0.10961519082647302,-0.139413495128815,-0.023412953380412004,LVG2
212.62700000002,0.6748046875,-0.6396484375,0.4404296875,0.8322240701582719,-0.195817428272535,-0.148991521511711,LVG2
212.64700000002,0.8876953125,-0.43798828125,0.55615234375,0.717287753563523,-0.18517517673598397,-0.29904726817707694,LVG2
212.66700000001998,0.89111328125,-0.4755859375,0.40625,-0.20007432888715498,-0.097908714136267,-0.33735937370866,LVG2
212.68700000002,1.01416015625,-0.62548828125,0.4833984375,-0.06811040983392501,-0.009578026382896,-0.445910339381478,LVG2
212.70700000002,0.9892578125,-0.6083984375,0.63623046875,0.67471874741732,0.122385892670334,-0.28946924179418104,LVG2
212.72700000001998,1.017578125,-0.51806640625,0.74658203125,1.2345011782398898,0.135156594514195,0.057468158297374,LVG2
212.74700000002,1.05029296875,-0.34814453125,0.7353515625,1.6346498360141999,0.17666137550674302,0.450167239996098,LVG2
212.76800000001998,1.05126953125,-0.17431640625,0.81982421875,1.7389439010724,0.355451201320796,0.860958149306959,LVG2
212.78800000002,1.06591796875,0.00830078125,0.9599609375,1.2579141316203002,0.730058455407384,1.28451976046168,LVG2
212.80800000002,1.16943359375,0.115234375,1.26025390625,-0.38844218108410405,1.1770330199425199,1.67296194154578,LVG2
212.82800000001998,1.12890625,-0.04541015625,0.9697265625,-2.53711276631371,1.5133281684975202,2.2284874717537404,LVG2
212.84800000002,0.9189453125,-0.2119140625,0.490234375,-2.85638031241023,1.36752932244678,2.4445251779457204,LVG2
212.86900000001998,0.8388671875,-0.26171875,0.5009765625,-2.13057875761747,1.11317951072321,2.5041217865504,LVG2
212.88900000002,0.87158203125,-0.43017578125,0.57568359375,-1.19193217209369,1.13020711318169,2.23806549813663,LVG2
212.91300000002,0.853515625,-0.42724609375,0.56494140625,-0.10216561475088799,1.43989663289532,1.73255855015047,LVG2
212.93300000002,0.67919921875,-0.21484375,0.57177734375,0.637470867039392,1.85175176735984,1.1142437358768702,LVG2
212.95300000001998,0.498046875,-0.07763671875,0.5859375,0.41611203507913597,2.00712863979348,0.5033784976788521,LVG2
212.97400000002,0.34130859375,-0.17333984375,0.607421875,-0.6002229866614649,1.9273117532693502,0.055339707990064005,LVG2
212.99400000001998,0.3544921875,-0.4599609375,0.515625,-1.17064766902059,1.7240447489212298,-0.328845572479419,LVG2
213.01400000002,0.3876953125,-0.55908203125,0.45751953125,-0.179854050967708,1.6250718096313101,-0.792847739473034,LVG2
213.03400000002,0.31005859375,-0.29931640625,0.560546875,0.9024629302995071,1.59101660471434,-1.35475862060292,LVG2
213.05400000001998,0.3212890625,-0.30078125,0.57763671875,0.701324376258697,1.43031860651243,-1.82088923790384,LVG2
213.07400000002,0.384765625,-0.47705078125,0.56005859375,0.015963377304826,1.26536370769589,-2.1891111410685,LVG2
213.09400000002,0.41064453125,-0.6953125,0.4892578125,-0.43633231299858205,1.2015101984765801,-2.4615527804042,LVG2
213.11400000001998,0.3203125,-0.62451171875,0.60546875,-0.38099260500851795,1.22598737701065,-2.69568231420832,LVG2
213.13400000002,0.33251953125,-0.60595703125,0.66064453125,-0.5033784976788521,1.16106964263769,-2.8510591866419603,LVG2
213.15400000001998,0.35791015625,-0.958984375,0.53515625,-0.617250589119946,1.09721613341839,-2.82126088233961,LVG2
213.17400000002,0.2734375,-1.2060546875,0.48193359375,-0.11174364113378302,1.0684820542697,-2.7935910283445797,LVG2
213.19400000002,0.1640625,-1.076171875,0.6298828125,0.41079090931086,1.00782122051136,-2.7510220221983794,LVG2
213.21400000001998,0.208984375,-0.658203125,1.06298828125,0.37247880377927794,0.898206029684887,-2.64779218229384,LVG2
213.23400000002,0.25732421875,-0.47607421875,1.12353515625,-1.0280414984308102,0.9120409566824029,-2.57542487184529,LVG2
213.25400000002,0.17919921875,-1.115234375,0.6982421875,-3.0011149333073197,1.0514544518112199,-2.21465254475622,LVG2
213.27400000001998,0.1689453125,-1.23388671875,0.31689453125,-3.01707831061215,0.999307419282119,-1.9294402035766598,LVG2
213.29400000002,0.2041015625,-1.0595703125,0.2177734375,-1.96136695818631,0.6991959259513871,-1.81769656244288,LVG2
213.31400000002,0.20166015625,-1.22705078125,0.3466796875,-1.0855096567281801,0.27244163933570004,-1.49630056603904,LVG2
213.33500000002,0.33642578125,-0.6962890625,0.6669921875,-0.9939862935138442,-0.22135883196025602,-1.1014730340330101,LVG2
213.35500000002,0.46728515625,-0.5166015625,0.521484375,-3.3735937370866003,-0.554461305054296,-0.60341566212243,LVG2
213.37900000002,0.40869140625,-1.107421875,-0.0234375,-5.09870271116149,-0.788590838858414,0.179854050967708,LVG2
213.40000000002,0.32861328125,-1.611328125,-0.24365234375,-2.91916959647588,-1.05251867696487,0.351194300706176,LVG2
213.42000000002,0.43994140625,-1.47412109375,0.158203125,0.2969188178697669,-1.1536200665621101,0.34055204916962495,LVG2
213.44000000001998,0.58447265625,-0.96240234375,0.7578125,1.63039293539958,-0.8322240701582719,0.352258525859831,LVG2
213.46000000002,0.55029296875,-0.5234375,1.00048828125,0.622571714888221,-0.49060779583499203,0.39802020746699995,LVG2
213.48000000002,0.453125,-0.5927734375,0.61376953125,-0.658755370112494,-0.481029769452096,0.449103014842443,LVG2
213.50000000002103,0.4345703125,-0.70654296875,0.3203125,-0.5661677817445021,-0.683232548646561,0.40866245900354997,LVG2
213.520000000021,0.4462890625,-0.84423828125,0.3017578125,0.28734079148687103,-0.872664625997165,0.40866245900354997,LVG2
213.54000000002102,0.46044921875,-0.81640625,0.4189453125,0.8864995529946809,-1.0216561475088801,0.373543028932933,LVG2
213.560000000021,0.52099609375,-0.69189453125,0.5419921875,1.01846347204791,-1.1004088088793502,0.27669853995032107,LVG2
213.58000000002102,0.50341796875,-0.45703125,0.60986328125,0.884371102687371,-0.914169406989713,0.042569006146202994,LVG2
213.60000000002103,0.3837890625,-0.388671875,0.5126953125,0.5746815829737429,-0.889692228455646,-0.13622081966785002,LVG2
213.620000000021,0.48681640625,-0.4541015625,0.47314453125,0.6651407210344239,-1.07061050457701,-0.412919359618171,LVG2
213.64100000002102,0.64697265625,-0.4208984375,0.5693359375,0.640663542500358,-0.9897293928992241,-0.6002229866614649,LVG2
213.661000000021,0.68017578125,-0.42626953125,0.6015625,0.267120513567425,-0.7651778854780021,-0.715159303256213,LVG2
213.685000000021,0.7626953125,-0.623046875,0.59765625,-0.13196391905323,-0.511892298908093,-0.898206029684887,LVG2
213.70600000002102,0.73876953125,-0.6943359375,0.56884765625,-0.3682219031646571,-0.26605628841377,-1.03016994873812,LVG2
213.72600000002103,0.73583984375,-0.68701171875,0.51025390625,-0.42569006146203203,-0.17240447489212302,-1.0780600806526,LVG2
213.746000000021,0.75146484375,-0.578125,0.4716796875,-0.32778134732576397,-0.21390925588467102,-1.0589040278868,LVG2
213.76600000002102,0.763671875,-0.5771484375,0.41015625,-0.428882736922997,-0.28201966571859605,-1.00888544566502,LVG2
213.786000000021,0.716796875,-0.66796875,0.361328125,-0.313946420328248,-0.33310247309403995,-1.02378459781619,LVG2
213.80600000002102,0.69384765625,-0.6474609375,0.38623046875,0.286276566333216,-0.405469783542585,-1.1036014843403201,LVG2
213.82600000002103,0.72265625,-0.646484375,0.42578125,0.690682124722146,-0.492736246142302,-1.13872091441093,LVG2
213.846000000021,0.72607421875,-0.67919921875,0.42138671875,0.818389143160756,-0.5746815829737429,-1.1780972450961698,LVG2
213.86600000002102,0.66015625,-0.57861328125,0.447265625,0.857765473845994,-0.634278191578427,-1.1844825960181,LVG2
213.88600000002103,0.63623046875,-0.595703125,0.46240234375,0.44058921361320297,-0.7119666277952479,-1.11317951072321,LVG2
213.90700000002101,0.64013671875,-0.681640625,0.43359375,0.042569006146202994,-0.7651778854780021,-1.09189500765011,LVG2
213.92700000002102,0.666015625,-0.6328125,0.396484375,0.139413495128815,-0.80455421616324,-1.1866110463254098,LVG2
213.947000000021,0.64794921875,-0.47802734375,0.37646484375,0.37247880377927794,-0.8641508247679242,-1.3196391905323,LVG2
213.96700000002102,0.65576171875,-0.54638671875,0.3466796875,0.516149199522713,-0.9673806646724671,-1.32283186599326,LVG2
213.98700000002103,0.66357421875,-0.52685546875,0.39111328125,0.7343153560220049,-1.05251867696487,-1.3217676408396102,LVG2
214.007000000021,0.71875,-0.47509765625,0.44189453125,0.680039873185596,-1.14510626533287,-1.3845569249052598,LVG2
214.02700000002102,0.80712890625,-0.47314453125,0.48828125,0.35013007555252096,-1.23130850277893,-1.4260617058978102,LVG2
214.04700000002103,0.869140625,-0.4951171875,0.49658203125,0.019156052765792,-1.27068483346416,-1.47714451327325,LVG2
214.067000000021,0.91064453125,-0.49951171875,0.4755859375,-0.174532925199433,-1.28771243592265,-1.5197135194194498,LVG2
214.08700000002102,0.9580078125,-0.4716796875,0.41552734375,-0.252221361416254,-1.25897835677396,-1.55696139979738,LVG2
214.10700000002103,0.99462890625,-0.43310546875,0.359375,-0.30117571848438696,-1.17064766902059,-1.5271630954950401,LVG2
214.127000000021,0.9892578125,-0.38525390625,0.2705078125,-0.389506406237759,-1.0322983990454302,-1.4537315598928402,LVG2
214.14800000002103,0.9638671875,-0.31787109375,0.2041015625,-0.506571173139818,-0.862022374460614,-1.3632724218321601,LVG2
214.17200000002103,1.0185546875,-0.2626953125,0.16650390625,-0.6736545222636651,-0.756664084248761,-1.27707018438609,LVG2
214.192000000021,1.11767578125,-0.23046875,0.134765625,-0.8162606928534458,-0.6779114228782851,-1.1514916162548001,LVG2
214.21300000002103,1.10693359375,-0.181640625,0.10400390625,-0.8907564536093009,-0.5108280737544381,-0.985472492284603,LVG2
214.233000000021,1.0244140625,-0.19189453125,0.099609375,-0.9652522143651571,-0.349065850398866,-0.830095619850962,LVG2
214.25300000002102,1.10302734375,-0.29541015625,0.09765625,-0.9652522143651571,-0.36928612831831203,-0.683232548646561,LVG2
214.27300000002103,1.20263671875,-0.32275390625,0.12548828125,-0.775820137014553,-0.329909797633074,-0.5257272259056089,LVG2
214.293000000021,1.107421875,-0.287109375,0.15771484375,-0.623635940041876,-0.114936316594749,-0.3682219031646571,LVG2
214.31300000002102,1.03369140625,-0.27197265625,0.17138671875,-0.558718205668917,-0.031926754609652,-0.223487282267567,LVG2
214.33300000002103,1.04541015625,-0.24560546875,0.18701171875,-0.431011187230307,-0.06491773437296,-0.08939491290702699,Null
214.353000000021,1.0546875,-0.18994140625,0.205078125,-0.34161627432328,-0.06385350921930501,0.003192675460965,Null
214.37300000002102,1.0107421875,-0.16064453125,0.2001953125,-0.42036893569375605,-0.00638535092193,0.079816886524131,Null
214.39300000002103,0.98974609375,-0.13916015625,0.18408203125,-0.554461305054296,0.007449576075585999,0.11174364113378302,Null
214.41300000002101,1.0322265625,-0.18359375,0.16357421875,-0.6278928406564971,-0.009578026382896,0.114936316594749,Null
214.43400000002103,1.0361328125,-0.17236328125,0.15185546875,-0.553397079900641,0.043633231299858,0.122385892670334,Null
214.453000000021,0.99365234375,-0.134765625,0.1328125,-0.45868104122533904,0.10855096567281801,0.128771243592265,Null
214.478000000021,1.0078125,-0.11767578125,0.11767578125,-0.257542487184529,0.09152336321433699,0.11387209144109299,Null
214.49800000002102,1.0322265625,-0.1533203125,0.12744140625,-0.052147032529099004,0.09578026382895699,0.09471603867530198,Null
214.51800000002103,1.03173828125,-0.15966796875,0.1328125,0.10322983990454301,0.13409236936053998,0.07343153560220099,Null
214.53900000002102,1.0048828125,-0.1494140625,0.125,0.179854050967708,0.137285044821505,0.078752661370476,Null
214.55900000002103,1.02001953125,-0.13720703125,0.13037109375,0.223487282267567,0.10216561475088799,0.09897293928992199,Null
214.58300000002103,1.06640625,-0.1259765625,0.14306640625,0.21390925588467102,0.10003716444357699,0.13834926997516,Null
214.603000000021,1.02197265625,-0.1435546875,0.1396484375,0.15111997181902098,0.13622081966785002,0.20007432888715498,Null
214.62300000002102,0.99169921875,-0.15283203125,0.14306640625,0.127707018438609,0.128771243592265,0.250092911108944,Null
214.644000000021,0.99560546875,-0.12939453125,0.15185546875,0.133028144206885,0.10748674051916302,0.27669853995032107,Null
214.66400000002102,1.0322265625,-0.12939453125,0.14990234375,0.101101389597233,0.080881111677786,0.27989121541128603,Null
214.68400000002103,1.0244140625,-0.1572265625,0.140625,0.065981959526615,0.10003716444357699,0.26286361295280397,Null
214.70800000002103,0.99609375,-0.1767578125,0.14453125,0.097908714136267,0.119193217209369,0.20220277919446497,Null
214.72900000002102,0.98486328125,-0.16796875,0.15625,0.160697998201917,0.09578026382895699,0.157505322740952,Null
214.74900000002103,1.00439453125,-0.16455078125,0.1640625,0.20752390496273998,0.05959660860468499,0.12557856813129903,Null
214.769000000021,1.01611328125,-0.1767578125,0.16552734375,0.227744182882187,0.04895435706813401,0.10642251536550801,Null
214.78900000002102,0.99609375,-0.1787109375,0.1572265625,0.228808408035842,0.039376330685238,0.097908714136267,Null
214.80900000002103,0.9892578125,-0.1923828125,0.1494140625,0.225615732574877,0.029798304302342003,0.10003716444357699,Null
214.829000000021,1.01806640625,-0.18310546875,0.154296875,0.267120513567425,0.010642251536551002,0.116000541748404,Null
214.84900000002102,1.02734375,-0.17236328125,0.15673828125,0.244771785340668,0.026605628841377002,0.13409236936053998,Null
214.870000000021,1.00439453125,-0.1806640625,0.16015625,0.222423057113912,0.035119430070618,0.14473462089709102,Null
214.89000000002102,0.98828125,-0.18310546875,0.1630859375,0.20965235527005102,0.032990979763308,0.145798846050746,Null
214.91400000002102,0.9814453125,-0.185546875,0.17041015625,0.18730362704329398,0.029798304302342003,0.150055746665366,Null
214.935000000021,0.97119140625,-0.19482421875,0.17431640625,0.164954898816537,0.027669853995032002,0.161762223355572,Null
214.95500000002102,0.9697265625,-0.1904296875,0.16552734375,0.148991521511711,0.019156052765792,0.16601912397019197,Null
214.97500000002103,0.98193359375,-0.201171875,0.15576171875,0.12557856813129903,0.008513801229241,0.157505322740952,Null
214.995000000021,0.9814453125,-0.2109375,0.154296875,0.11280786628743801,0.013834926997516001,0.14686307120440098,Null
215.01500000002102,0.97900390625,-0.22021484375,0.1513671875,0.10216561475088799,0.024477178534067005,0.130899693899575,Null
215.03500000002103,0.9697265625,-0.21533203125,0.1513671875,0.12557856813129903,0.044697456453513,0.10535829021185301,Null
215.055000000021,0.96044921875,-0.2197265625,0.16455078125,0.16708334912384698,0.057468158297374,0.079816886524131,Null
215.07500000002102,0.96630859375,-0.2021484375,0.1806640625,0.18411095158232899,0.052147032529099004,0.058532383451029006,Null
215.09500000002103,0.9619140625,-0.20361328125,0.1796875,0.10535829021185301,0.04789013191447901,0.056403933143719005,Null
215.115000000021,0.962890625,-0.2158203125,0.17578125,0.022348728226757004,0.032990979763308,0.05959660860468499,Null
215.13600000002103,0.96923828125,-0.21875,0.173828125,-0.013834926997516001,0.022348728226757004,0.06278928406565,Null
215.156000000021,0.974609375,-0.22216796875,0.1728515625,-0.022348728226757004,0.021284503073102003,0.06704618468026999,Null
215.17600000002102,0.97607421875,-0.21875,0.17529296875,-0.014899152151171002,0.023412953380412004,0.058532383451029006,Null
215.19600000002103,0.98193359375,-0.21240234375,0.1767578125,-0.019156052765792,0.023412953380412004,0.042569006146202994,Null
215.22000000002103,0.97509765625,-0.216796875,0.1806640625,-0.037247880377928,0.028734079148687,0.024477178534067005,Null
215.24100000002102,0.96484375,-0.2177734375,0.18310546875,-0.044697456453513,0.021284503073102003,0.008513801229241,Null
215.26100000002103,0.96435546875,-0.22412109375,0.181640625,-0.043633231299858,0.003192675460965,-0.001064225153655,Null
215.281000000021,0.9697265625,-0.23095703125,0.181640625,-0.018091827612136003,-0.013834926997516001,-0.010642251536551002,Null
215.30100000002102,0.98486328125,-0.228515625,0.18017578125,0.014899152151171002,-0.025541403687721998,-0.025541403687721998,Null
215.32100000002103,0.994140625,-0.22998046875,0.17626953125,0.029798304302342003,-0.024477178534067005,-0.036183655224273,Null
215.341000000021,0.986328125,-0.23388671875,0.1796875,0.040440555838893,-0.018091827612136003,-0.039376330685238,Null
215.36100000002102,0.97705078125,-0.23486328125,0.18212890625,0.039376330685238,-0.022348728226757004,-0.032990979763308,Null
215.38100000002103,0.9833984375,-0.2333984375,0.17919921875,0.038312105531583,-0.037247880377928,-0.021284503073102003,Null
215.401000000021,0.98583984375,-0.236328125,0.17822265625,0.034055204916963,-0.04150478099254799,-0.011706476690206002,Null
215.42100000002102,0.9765625,-0.2373046875,0.18017578125,0.038312105531583,-0.037247880377928,-0.005321125768275,Null
215.441000000021,0.96923828125,-0.23681640625,0.1787109375,0.04895435706813401,-0.032990979763308,-0.00425690061462,Null
215.46200000002102,0.9775390625,-0.24853515625,0.1806640625,0.055339707990064005,-0.038312105531583,0.0,Null
215.48600000002102,0.97314453125,-0.25927734375,0.1845703125,0.101101389597233,-0.032990979763308,0.00425690061462,Null
215.50600000002103,0.9736328125,-0.26220703125,0.181640625,0.13834926997516,-0.034055204916963,0.007449576075585999,Null
215.526000000021,0.97412109375,-0.2470703125,0.1806640625,0.152184196972676,-0.026605628841377002,0.001064225153655,Null
215.54700000002103,0.9970703125,-0.236328125,0.19482421875,0.120257442363024,-0.023412953380412004,-0.001064225153655,Null
215.567000000021,0.98193359375,-0.23193359375,0.19677734375,0.076624211063166,0.00425690061462,0.008513801229241,Null
215.58700000002102,0.97265625,-0.22802734375,0.1923828125,0.0,0.015963377304826,0.021284503073102003,Null
215.60700000002103,0.97265625,-0.2333984375,0.17919921875,-0.058532383451029006,0.009578026382896,0.039376330685238,Null
215.627000000021,0.98193359375,-0.24462890625,0.1728515625,-0.030862529455997004,0.009578026382896,0.053211257682754004,Null
215.64700000002102,0.986328125,-0.24609375,0.177734375,0.024477178534067005,0.010642251536551002,0.057468158297374,Null
215.667000000021,0.99169921875,-0.2412109375,0.18310546875,0.08300956198509599,0.00638535092193,0.056403933143719005,Null
215.68700000002102,0.99072265625,-0.220703125,0.18701171875,0.08513801229240599,0.007449576075585999,0.057468158297374,Null
215.70700000002103,0.98486328125,-0.21728515625,0.1845703125,0.05959660860468499,0.001064225153655,0.056403933143719005,Null
215.727000000021,0.97705078125,-0.224609375,0.181640625,0.06066083375833999,-0.001064225153655,0.056403933143719005,Null
215.74800000002102,0.9736328125,-0.220703125,0.17919921875,0.07023886014123501,-0.005321125768275,0.04895435706813401,Null
215.76800000002103,0.9794921875,-0.21728515625,0.17626953125,0.072367310448545,-0.005321125768275,0.036183655224273,Null
215.78800000002101,0.9892578125,-0.21728515625,0.177734375,0.06811040983392501,0.0,0.025541403687721998,Null
215.81200000002102,0.97900390625,-0.2177734375,0.17822265625,0.04682590676082401,0.00425690061462,0.013834926997516001,Null
215.83200000002103,0.978515625,-0.2255859375,0.17578125,0.031926754609652,-0.00425690061462,0.0,Null
215.853000000021,0.98291015625,-0.2236328125,0.1689453125,0.043633231299858,-0.014899152151171002,-0.007449576075585999,Null
215.87300000002102,0.99072265625,-0.21923828125,0.16455078125,0.055339707990064005,-0.021284503073102003,-0.022348728226757004,Null
215.89300000002103,0.9853515625,-0.21728515625,0.17138671875,0.052147032529099004,-0.011706476690206002,-0.035119430070618,Null
215.91300000002101,0.97509765625,-0.21923828125,0.17578125,0.024477178534067005,0.0,-0.039376330685238,Null
215.93300000002102,0.97021484375,-0.216796875,0.173828125,-0.017027602458481002,0.001064225153655,-0.039376330685238,Null
215.953000000021,0.978515625,-0.2265625,0.1669921875,-0.039376330685238,-0.012770701843860999,-0.04150478099254799,Null
215.97400000002102,0.98291015625,-0.22607421875,0.162109375,0.001064225153655,-0.026605628841377002,-0.04895435706813401,Null
215.99800000002102,0.98193359375,-0.232421875,0.162109375,0.052147032529099004,-0.040440555838893,-0.077688436216821,Null
216.01800000002103,0.98681640625,-0.23779296875,0.16943359375,0.09578026382895699,-0.043633231299858,-0.09045913806068198,Null
216.03800000002101,0.9873046875,-0.22509765625,0.17822265625,0.11387209144109299,-0.038312105531583,-0.09045913806068198,Null
216.05900000002103,0.9814453125,-0.2158203125,0.1845703125,0.074495760755856,-0.039376330685238,-0.077688436216821,Null
216.079000000021,0.9775390625,-0.205078125,0.185546875,0.013834926997516001,-0.04895435706813401,-0.052147032529099004,Null
216.09900000002102,0.9833984375,-0.20751953125,0.17578125,-0.051082807375443996,-0.053211257682754004,-0.027669853995032002,Null
216.11900000002103,0.99072265625,-0.22802734375,0.16357421875,-0.08726646259971699,-0.034055204916963,-0.007449576075585999,Null
216.139000000021,0.98681640625,-0.23828125,0.1591796875,-0.06066083375833999,-0.014899152151171002,0.007449576075585999,Null
216.15900000002102,0.98779296875,-0.2353515625,0.17431640625,-0.017027602458481002,-0.008513801229241,0.014899152151171002,Null
216.180000000021,0.98974609375,-0.22119140625,0.1826171875,-0.026605628841377002,-0.015963377304826,0.018091827612136003,Null
216.204000000021,0.98583984375,-0.23193359375,0.15771484375,-0.054275482836409004,-0.030862529455997004,0.019156052765792,Null
216.22400000002102,0.990234375,-0.23095703125,0.1669921875,-0.019156052765792,-0.04895435706813401,0.019156052765792,Null
216.24400000002103,0.98681640625,-0.21337890625,0.1708984375,-0.001064225153655,-0.04150478099254799,0.022348728226757004,Null
216.26500000002102,0.98095703125,-0.21044921875,0.1650390625,-0.051082807375443996,-0.020220277919447,0.023412953380412004,Null
216.28500000002103,0.9853515625,-0.22412109375,0.17041015625,-0.09365181352164699,-0.012770701843860999,0.015963377304826,Null
216.305000000021,0.98193359375,-0.22998046875,0.16845703125,-0.08833068775337198,-0.013834926997516001,0.009578026382896,Null
216.32500000002102,0.98291015625,-0.236328125,0.16650390625,-0.053211257682754004,-0.029798304302342003,-0.005321125768275,Null
216.34500000002103,0.99365234375,-0.234375,0.16845703125,-0.013834926997516001,-0.04682590676082401,-0.013834926997516001,Null
216.365000000021,0.99609375,-0.2333984375,0.1669921875,-0.003192675460965,-0.050018582221788996,-0.011706476690206002,Null
216.38500000002102,0.99462890625,-0.2314453125,0.16455078125,-0.00212845030731,-0.045761681607168,-0.00425690061462,Null
216.405000000021,0.99365234375,-0.2265625,0.1689453125,0.007449576075585999,-0.037247880377928,0.00212845030731,Null
216.42500000002102,0.99072265625,-0.22314453125,0.171875,-0.003192675460965,-0.029798304302342003,0.005321125768275,Null
216.44500000002103,0.98486328125,-0.22412109375,0.16943359375,-0.024477178534067005,-0.027669853995032002,0.005321125768275,Null
216.466000000021,0.9892578125,-0.224609375,0.166015625,-0.029798304302342003,-0.034055204916963,0.00212845030731,Null
216.48600000002102,0.99951171875,-0.23291015625,0.162109375,-0.020220277919447,-0.036183655224273,-0.005321125768275,Null
216.50600000002103,0.99853515625,-0.23193359375,0.16552734375,0.022348728226757004,-0.023412953380412004,-0.017027602458481002,Null
216.526000000021,0.99072265625,-0.2236328125,0.17041015625,0.05959660860468499,-0.013834926997516001,-0.027669853995032002,Null
216.54600000002102,0.98583984375,-0.22412109375,0.17724609375,0.06704618468026999,-0.013834926997516001,-0.032990979763308,Null
216.566000000021,0.9853515625,-0.2236328125,0.1845703125,0.061725058911995,-0.017027602458481002,-0.035119430070618,Null
216.58700000002102,0.9873046875,-0.2255859375,0.1884765625,0.042569006146202994,-0.015963377304826,-0.032990979763308,Null
216.60700000002103,0.98779296875,-0.23291015625,0.18310546875,0.026605628841377002,-0.008513801229241,-0.024477178534067005,Null
216.63100000002103,0.9833984375,-0.23193359375,0.17626953125,0.032990979763308,0.00425690061462,-0.011706476690206002,Null
216.651000000021,0.98779296875,-0.2265625,0.16845703125,0.036183655224273,0.012770701843860999,0.0,Null
216.67200000002103,0.99267578125,-0.22705078125,0.16650390625,0.027669853995032002,0.017027602458481002,0.00638535092193,Null
216.692000000021,0.9873046875,-0.2294921875,0.16650390625,0.022348728226757004,0.026605628841377002,0.007449576075585999,Null
216.71200000002102,0.986328125,-0.22998046875,0.16845703125,0.021284503073102003,0.029798304302342003,0.003192675460965,Null
216.73200000002103,0.986328125,-0.22509765625,0.16650390625,0.021284503073102003,0.032990979763308,0.0,Null
216.75600000002103,0.9814453125,-0.22021484375,0.16357421875,0.017027602458481002,0.036183655224273,-0.003192675460965,Null
216.77700000002102,0.978515625,-0.2255859375,0.1591796875,0.00638535092193,0.035119430070618,-0.00212845030731,Null
216.79700000002103,0.97509765625,-0.23291015625,0.15869140625,0.029798304302342003,0.026605628841377002,-0.003192675460965,Null
216.817000000021,0.98876953125,-0.22216796875,0.17236328125,0.075559985909511,0.008513801229241,-0.00212845030731,Null
216.83700000002102,0.98486328125,-0.2138671875,0.16357421875,0.06278928406565,0.014899152151171002,0.003192675460965,Null
216.85700000002103,0.98291015625,-0.2158203125,0.15771484375,0.019156052765792,0.017027602458481002,0.003192675460965,Null
216.877000000021,0.9873046875,-0.21923828125,0.16064453125,-0.017027602458481002,0.014899152151171002,-0.00212845030731,Null
216.90200000002102,0.9873046875,-0.2265625,0.16064453125,-0.034055204916963,0.014899152151171002,0.0,Null
216.92200000002103,0.98291015625,-0.23291015625,0.158203125,-0.012770701843860999,0.014899152151171002,0.003192675460965,Null
216.942000000021,0.97900390625,-0.22802734375,0.15869140625,0.023412953380412004,0.011706476690206002,0.00638535092193,Null
216.96200000002202,0.9775390625,-0.22021484375,0.16015625,0.045761681607168,0.009578026382896,0.014899152151171002,Null
216.983000000021,0.986328125,-0.21728515625,0.16357421875,0.043633231299858,0.00425690061462,0.021284503073102003,Null
217.003000000022,0.9921875,-0.2177734375,0.16796875,0.031926754609652,0.00212845030731,0.015963377304826,Null
217.02300000002202,0.99267578125,-0.21875,0.16748046875,0.023412953380412004,0.003192675460965,0.00425690061462,Null
217.042000000022,0.98681640625,-0.21923828125,0.16943359375,0.023412953380412004,0.007449576075585999,-0.00425690061462,Null
217.062000000022,0.982421875,-0.2197265625,0.1689453125,0.025541403687721998,0.003192675460965,-0.00638535092193,Null
217.083000000022,0.986328125,-0.21630859375,0.1708984375,0.035119430070618,-0.003192675460965,-0.007449576075585999,Null
217.103000000022,0.9853515625,-0.22119140625,0.16943359375,0.042569006146202994,-0.00425690061462,-0.007449576075585999,Null
217.12300000002202,0.97802734375,-0.232421875,0.17236328125,0.072367310448545,-0.008513801229241,-0.011706476690206002,Null
217.143000000022,0.98974609375,-0.21533203125,0.18505859375,0.114936316594749,-0.018091827612136003,-0.011706476690206002,Null
217.163000000022,0.990234375,-0.19677734375,0.17919921875,0.078752661370476,-0.00638535092193,-0.001064225153655,Null
217.18300000002202,0.99267578125,-0.2080078125,0.17333984375,-0.005321125768275,0.008513801229241,0.001064225153655,Null
217.204000000022,0.98681640625,-0.2197265625,0.17578125,-0.043633231299858,0.023412953380412004,-0.009578026382896,Null
217.228000000022,0.98193359375,-0.2265625,0.17236328125,-0.009578026382896,0.025541403687721998,-0.017027602458481002,Null
217.24800000002202,0.97998046875,-0.22412109375,0.17236328125,0.031926754609652,0.020220277919447,-0.019156052765792,Null
217.268000000022,0.98193359375,-0.21923828125,0.1748046875,0.04682590676082401,0.015963377304826,-0.019156052765792,Null
217.289000000022,0.97900390625,-0.21435546875,0.173828125,0.032990979763308,0.017027602458481002,-0.017027602458481002,Null
217.30900000002202,0.97705078125,-0.2138671875,0.1708984375,0.019156052765792,0.021284503073102003,-0.017027602458481002,Null
217.329000000022,0.97802734375,-0.21728515625,0.169921875,0.009578026382896,0.022348728226757004,-0.018091827612136003,Null
217.34900000002202,0.98046875,-0.21923828125,0.166015625,0.008513801229241,0.024477178534067005,-0.017027602458481002,Null
217.369000000022,0.98095703125,-0.216796875,0.162109375,0.00425690061462,0.021284503073102003,-0.013834926997516001,Null
217.389000000022,0.9775390625,-0.21923828125,0.16259765625,0.00212845030731,0.010642251536551002,-0.007449576075585999,Null
217.40900000002202,0.982421875,-0.2197265625,0.16162109375,0.008513801229241,-0.003192675460965,-0.00425690061462,Null
217.429000000022,0.9814453125,-0.21923828125,0.158203125,0.015963377304826,-0.010642251536551002,0.001064225153655,Null
217.449000000022,0.9765625,-0.2119140625,0.15576171875,0.025541403687721998,-0.014899152151171002,0.00212845030731,Null
217.46900000002202,0.9775390625,-0.2060546875,0.15478515625,0.025541403687721998,-0.028734079148687,-0.00212845030731,Null
217.489000000022,0.98828125,-0.208984375,0.158203125,0.023412953380412004,-0.038312105531583,-0.013834926997516001,Null
217.509000000022,0.9853515625,-0.21142578125,0.16357421875,0.032990979763308,-0.04789013191447901,-0.030862529455997004,Null
217.52900000002202,0.982421875,-0.21533203125,0.16455078125,0.045761681607168,-0.053211257682754004,-0.039376330685238,Null
217.549000000022,0.974609375,-0.21435546875,0.16455078125,0.053211257682754004,-0.057468158297374,-0.036183655224273,Null
217.56900000002202,0.9794921875,-0.21240234375,0.16650390625,0.04789013191447901,-0.06066083375833999,-0.024477178534067005,Null
217.590000000022,0.98779296875,-0.21435546875,0.169921875,0.039376330685238,-0.057468158297374,-0.015963377304826,Null
217.610000000022,0.9921875,-0.21630859375,0.171875,0.031926754609652,-0.054275482836409004,-0.013834926997516001,Null
217.63000000002202,0.99072265625,-0.22216796875,0.17578125,0.040440555838893,-0.054275482836409004,-0.017027602458481002,Null
217.650000000022,0.99072265625,-0.22216796875,0.173828125,0.045761681607168,-0.05959660860468499,-0.014899152151171002,Null
217.67000000002201,0.99755859375,-0.22216796875,0.173828125,0.045761681607168,-0.058532383451029006,-0.010642251536551002,Null
217.69000000002202,0.9990234375,-0.21435546875,0.17724609375,0.021284503073102003,-0.043633231299858,0.008513801229241,Null
217.710000000022,0.99267578125,-0.21728515625,0.17529296875,-0.00212845030731,-0.028734079148687,0.019156052765792,Null
217.73000000002202,0.9833984375,-0.21826171875,0.17529296875,-0.003192675460965,-0.024477178534067005,0.021284503073102003,Null
217.750000000022,0.98388671875,-0.2177734375,0.173828125,0.003192675460965,-0.021284503073102003,0.027669853995032002,Null
217.770000000022,0.99169921875,-0.216796875,0.169921875,0.013834926997516001,-0.023412953380412004,0.032990979763308,Null
217.79000000002202,0.9970703125,-0.21630859375,0.16845703125,0.024477178534067005,-0.020220277919447,0.032990979763308,Null
217.810000000022,0.994140625,-0.2099609375,0.17236328125,0.035119430070618,-0.012770701843860999,0.023412953380412004,Null
217.830000000022,0.9833984375,-0.20654296875,0.169921875,0.028734079148687,-0.005321125768275,0.013834926997516001,Null
217.85000000002202,0.9814453125,-0.20703125,0.1640625,0.009578026382896,-0.00212845030731,0.00638535092193,Null
217.870000000022,0.9794921875,-0.21142578125,0.162109375,-0.003192675460965,0.001064225153655,0.00212845030731,Null
217.89100000002202,0.9814453125,-0.2177734375,0.16162109375,0.001064225153655,-0.001064225153655,-0.00425690061462,Null
217.911000000022,0.98046875,-0.2197265625,0.15771484375,0.021284503073102003,-0.00638535092193,-0.011706476690206002,Null
217.931000000022,0.98681640625,-0.21630859375,0.15771484375,0.038312105531583,-0.014899152151171002,-0.014899152151171002,Null
217.95100000002202,0.98291015625,-0.21240234375,0.158203125,0.032990979763308,-0.015963377304826,-0.012770701843860999,Null
217.971000000022,0.98095703125,-0.2158203125,0.15087890625,0.011706476690206002,-0.018091827612136003,-0.003192675460965,Null
217.991000000022,0.98388671875,-0.22412109375,0.15185546875,0.007449576075585999,-0.025541403687721998,0.00212845030731,Null
218.01100000002202,0.98681640625,-0.2255859375,0.16015625,0.035119430070618,-0.034055204916963,0.003192675460965,Null
218.031000000022,0.9873046875,-0.21728515625,0.15966796875,0.06704618468026999,-0.04150478099254799,0.001064225153655,Null
218.05100000002201,0.9873046875,-0.21337890625,0.158203125,0.06491773437296,-0.040440555838893,0.0,Null
218.07100000002202,0.990234375,-0.216796875,0.16162109375,0.052147032529099004,-0.036183655224273,-0.00212845030731,Null
218.092000000022,0.98388671875,-0.21533203125,0.16162109375,0.04789013191447901,-0.029798304302342003,-0.001064225153655,Null
218.11200000002202,0.9794921875,-0.21533203125,0.1630859375,0.044697456453513,-0.035119430070618,0.005321125768275,Null
218.132000000022,0.98291015625,-0.216796875,0.162109375,0.04895435706813401,-0.04895435706813401,0.008513801229241,Null
218.152000000022,0.98583984375,-0.212890625,0.16015625,0.065981959526615,-0.053211257682754004,0.005321125768275,Null
218.17600000002201,0.98681640625,-0.20654296875,0.16162109375,0.078752661370476,-0.044697456453513,-0.00425690061462,Null
218.197000000022,0.990234375,-0.208984375,0.15869140625,0.065981959526615,-0.04150478099254799,-0.010642251536551002,Null
218.217000000022,0.99609375,-0.21142578125,0.1572265625,0.06491773437296,-0.04150478099254799,-0.014899152151171002,Null
218.23700000002202,0.9931640625,-0.2109375,0.15625,0.072367310448545,-0.042569006146202994,-0.019156052765792,Null
218.257000000022,0.98486328125,-0.2109375,0.1533203125,0.08194533683144099,-0.042569006146202994,-0.020220277919447,Null
218.277000000022,0.98291015625,-0.21044921875,0.15185546875,0.09365181352164699,-0.04895435706813401,-0.024477178534067005,Null
218.29700000002202,0.98681640625,-0.2109375,0.15234375,0.10216561475088799,-0.051082807375443996,-0.030862529455997004,Null
218.317000000022,0.98779296875,-0.212890625,0.15380859375,0.10216561475088799,-0.04895435706813401,-0.04150478099254799,Null
218.33700000002202,0.9931640625,-0.216796875,0.15185546875,0.09578026382895699,-0.04789013191447901,-0.04789013191447901,Null
218.357000000022,0.99462890625,-0.21630859375,0.1494140625,0.09045913806068198,-0.04682590676082401,-0.044697456453513,Null
218.377000000022,0.99169921875,-0.21533203125,0.146484375,0.076624211063166,-0.04789013191447901,-0.038312105531583,Null
218.39700000002202,0.99560546875,-0.216796875,0.14990234375,0.06704618468026999,-0.052147032529099004,-0.034055204916963,Null
218.417000000022,0.99755859375,-0.21533203125,0.14794921875,0.056403933143719005,-0.056403933143719005,-0.026605628841377002,Null
218.437000000022,1.00048828125,-0.22021484375,0.1455078125,0.06385350921930501,-0.057468158297374,-0.015963377304826,Null
218.45700000002202,0.9990234375,-0.21142578125,0.14599609375,0.076624211063166,-0.053211257682754004,-0.00638535092193,Null
218.477000000022,0.99267578125,-0.20458984375,0.14404296875,0.06066083375833999,-0.050018582221788996,0.00425690061462,Null
218.497000000022,0.99755859375,-0.203125,0.14404296875,0.04682590676082401,-0.051082807375443996,0.00638535092193,Null
218.518000000022,1.00341796875,-0.2060546875,0.14990234375,0.051082807375443996,-0.04682590676082401,0.0,Null
218.538000000022,0.99462890625,-0.20068359375,0.14990234375,0.055339707990064005,-0.038312105531583,-0.008513801229241,Null
218.55800000002202,0.9912109375,-0.193359375,0.142578125,0.039376330685238,-0.034055204916963,-0.011706476690206002,Null
218.58200000002202,0.99609375,-0.19482421875,0.146484375,0.026605628841377002,-0.027669853995032002,-0.009578026382896,Null
218.603000000022,0.98974609375,-0.193359375,0.1455078125,0.021284503073102003,-0.022348728226757004,-0.00638535092193,Null
218.62300000002202,0.98681640625,-0.1962890625,0.1396484375,0.025541403687721998,-0.026605628841377002,-0.007449576075585999,Null
218.643000000022,0.99267578125,-0.197265625,0.1396484375,0.04682590676082401,-0.038312105531583,-0.013834926997516001,Null
218.663000000022,0.99658203125,-0.1953125,0.1396484375,0.07130308529489,-0.043633231299858,-0.025541403687721998,Null
218.68300000002202,0.9990234375,-0.1953125,0.13720703125,0.074495760755856,-0.043633231299858,-0.04150478099254799,Null
218.703000000022,1.0087890625,-0.201171875,0.13916015625,0.07023886014123501,-0.04682590676082401,-0.054275482836409004,Null
218.723000000022,1.005859375,-0.20263671875,0.140625,0.07130308529489,-0.04789013191447901,-0.058532383451029006,Null
218.74300000002202,0.99267578125,-0.20556640625,0.13671875,0.077688436216821,-0.054275482836409004,-0.053211257682754004,Null
218.763000000022,0.98681640625,-0.2060546875,0.13720703125,0.09578026382895699,-0.06704618468026999,-0.050018582221788996,Null
218.783000000022,0.9873046875,-0.20166015625,0.140625,0.119193217209369,-0.076624211063166,-0.051082807375443996,Null
218.80300000002202,0.986328125,-0.197265625,0.1357421875,0.133028144206885,-0.078752661370476,-0.056403933143719005,Null
218.823000000022,0.98779296875,-0.193359375,0.13330078125,0.13409236936053998,-0.078752661370476,-0.06491773437296,Null
218.848000000022,0.99267578125,-0.1962890625,0.13134765625,0.13409236936053998,-0.08726646259971699,-0.07130308529489,Null
218.86800000002202,1.0009765625,-0.1953125,0.12646484375,0.142606170589781,-0.10216561475088799,-0.079816886524131,Null
218.888000000022,0.9970703125,-0.1962890625,0.12060546875,0.154312647279986,-0.116000541748404,-0.08300956198509599,Null
218.908000000022,1.00390625,-0.19775390625,0.1220703125,0.178789825814053,-0.137285044821505,-0.086202237446062,Null
218.929000000022,1.0087890625,-0.18994140625,0.11865234375,0.227744182882187,-0.154312647279986,-0.09258758836799198,Null
218.949000000022,1.0087890625,-0.1845703125,0.12060546875,0.240514884726048,-0.158569547894607,-0.09258758836799198,Null
218.96900000002202,0.99169921875,-0.181640625,0.125,0.259670937491839,-0.164954898816537,-0.09045913806068198,Null
218.989000000022,0.98876953125,-0.1767578125,0.12548828125,0.28308389087225105,-0.18623940188963897,-0.09578026382895699,Null
219.009000000022,1.0048828125,-0.17431640625,0.1318359375,0.319267546096524,-0.20433122950177499,-0.11067941598012801,Null
219.030000000022,1.0078125,-0.16943359375,0.13916015625,0.365029227703692,-0.20007432888715498,-0.130899693899575,Null
219.050000000022,1.00927734375,-0.15771484375,0.138671875,0.39482753200603404,-0.18411095158232899,-0.15111997181902098,Null
219.074000000022,1.00390625,-0.1513671875,0.140625,0.38312105531582796,-0.142606170589781,-0.16601912397019197,Null
219.09400000002202,1.00537109375,-0.150390625,0.1396484375,0.35757965162810706,-0.122385892670334,-0.159633773048262,Null
219.115000000022,1.01171875,-0.1494140625,0.1376953125,0.329909797633074,-0.10748674051916302,-0.142606170589781,Null
219.13500000002202,1.0087890625,-0.142578125,0.12841796875,0.297983043023422,-0.086202237446062,-0.126642793284954,Null
219.155000000022,1.0009765625,-0.14208984375,0.11865234375,0.256478262030874,-0.065981959526615,-0.11067941598012801,Null
219.175000000022,1.0087890625,-0.14306640625,0.12158203125,0.228808408035842,-0.06491773437296,-0.09258758836799198,Null
219.19500000002202,1.01123046875,-0.1396484375,0.12646484375,0.22135883196025602,-0.05959660860468499,-0.07343153560220099,Null
219.215000000022,1.005859375,-0.12744140625,0.11474609375,0.20220277919446497,-0.04150478099254799,-0.061725058911995,Null
219.235000000022,1.017578125,-0.12109375,0.1123046875,0.148991521511711,-0.017027602458481002,-0.061725058911995,Null
219.25500000002202,1.01123046875,-0.123046875,0.1162109375,0.078752661370476,0.014899152151171002,-0.057468158297374,Null
219.275000000022,1.0048828125,-0.1201171875,0.1083984375,0.015963377304826,0.023412953380412004,-0.042569006146202994,Null
219.29500000002201,1.0087890625,-0.12255859375,0.1005859375,-0.035119430070618,0.022348728226757004,-0.027669853995032002,Null
219.31500000002202,1.0068359375,-0.12744140625,0.095703125,-0.058532383451029006,0.026605628841377002,-0.017027602458481002,Null
219.335000000022,1.00537109375,-0.12890625,0.08642578125,-0.055339707990064005,0.026605628841377002,-0.008513801229241,Null
219.35500000002202,1.0185546875,-0.1318359375,0.0849609375,-0.021284503073102003,0.017027602458481002,-0.008513801229241,Null
219.376000000022,1.0234375,-0.12744140625,0.083984375,0.010642251536551002,0.018091827612136003,-0.014899152151171002,Null
219.396000000022,1.0087890625,-0.126953125,0.083984375,0.021284503073102003,0.025541403687721998,-0.018091827612136003,Null
219.41600000002202,1.01025390625,-0.1201171875,0.0830078125,0.018091827612136003,0.014899152151171002,-0.020220277919447,Null
219.436000000022,1.02294921875,-0.11865234375,0.08349609375,-0.014899152151171002,0.00425690061462,-0.012770701843860999,Null
219.45600000002202,1.0166015625,-0.12109375,0.08740234375,-0.040440555838893,0.005321125768275,-0.003192675460965,Null
219.476000000022,1.00048828125,-0.12451171875,0.0849609375,-0.045761681607168,0.00425690061462,0.003192675460965,Null
219.496000000022,1.0087890625,-0.12646484375,0.0859375,-0.036183655224273,-0.009578026382896,0.005321125768275,Null
219.51600000002202,1.01953125,-0.12841796875,0.0966796875,-0.012770701843860999,-0.014899152151171002,0.001064225153655,Null
219.537000000022,1.0166015625,-0.12646484375,0.10302734375,0.00212845030731,-0.008513801229241,-0.008513801229241,Null
219.55700000002201,0.99853515625,-0.12451171875,0.10546875,0.001064225153655,0.00212845030731,-0.014899152151171002,Null
219.57700000002203,1.00390625,-0.1240234375,0.11083984375,-0.014899152151171002,0.0,-0.014899152151171002,Null
219.597000000022,1.01318359375,-0.12109375,0.11376953125,-0.039376330685238,0.007449576075585999,-0.005321125768275,Null
219.61700000002202,1.009765625,-0.12060546875,0.1123046875,-0.075559985909511,0.023412953380412004,0.00638535092193,Null
219.637000000022,1.001953125,-0.12841796875,0.11181640625,-0.09471603867530198,0.030862529455997004,0.017027602458481002,Null
219.657000000022,1.0009765625,-0.1298828125,0.11474609375,-0.08300956198509599,0.028734079148687,0.017027602458481002,Null
219.67700000002202,1.01416015625,-0.130859375,0.1142578125,-0.07130308529489,0.025541403687721998,0.008513801229241,Null
219.697000000022,1.01708984375,-0.12890625,0.11474609375,-0.074495760755856,0.037247880377928,0.00212845030731,Null
219.717000000023,1.0126953125,-0.126953125,0.11474609375,-0.09578026382895699,0.054275482836409004,0.00212845030731,Null
219.73700000002302,0.994140625,-0.12890625,0.1123046875,-0.13834926997516,0.06385350921930501,0.010642251536551002,Null
219.757000000023,0.99853515625,-0.13671875,0.1162109375,-0.157505322740952,0.05959660860468499,0.015963377304826,Null
219.777000000023,0.99658203125,-0.13671875,0.11865234375,-0.157505322740952,0.06917463498758,0.018091827612136003,Null
219.797000000023,0.99267578125,-0.1318359375,0.10986328125,-0.175597150353088,0.072367310448545,0.027669853995032002,Null
219.817000000023,1.00048828125,-0.134765625,0.1044921875,-0.19901010373349998,0.072367310448545,0.040440555838893,Null
219.83800000002302,1.01220703125,-0.13232421875,0.10595703125,-0.21284503073101602,0.07343153560220099,0.04150478099254799,Null
219.858000000023,1.01171875,-0.13330078125,0.10205078125,-0.223487282267567,0.074495760755856,0.032990979763308,Null
219.878000000023,1.0048828125,-0.14111328125,0.1005859375,-0.21284503073101602,0.06385350921930501,0.021284503073102003,Null
219.898000000023,1.0009765625,-0.14208984375,0.1015625,-0.20433122950177499,0.050018582221788996,0.019156052765792,Null
219.918000000023,1.00146484375,-0.14306640625,0.1025390625,-0.20220277919446497,0.038312105531583,0.024477178534067005,Null
219.938000000023,1.00390625,-0.1455078125,0.107421875,-0.20433122950177499,0.032990979763308,0.028734079148687,Null
219.958000000023,1.005859375,-0.146484375,0.111328125,-0.21497348103832603,0.037247880377928,0.035119430070618,Null
219.978000000023,0.9990234375,-0.14111328125,0.1103515625,-0.233065308650462,0.040440555838893,0.042569006146202994,Null
219.998000000023,0.99951171875,-0.14013671875,0.10791015625,-0.256478262030874,0.034055204916963,0.042569006146202994,Null
220.018000000023,1.0087890625,-0.14990234375,0.1171875,-0.25541403687721903,0.027669853995032002,0.032990979763308,Null
220.038000000023,1.0107421875,-0.15283203125,0.12158203125,-0.227744182882187,0.029798304302342003,0.020220277919447,Null
220.05800000002301,0.99951171875,-0.1513671875,0.1201171875,-0.20539545465543,0.036183655224273,0.012770701843860999,Null
220.078000000023,0.99755859375,-0.14990234375,0.12158203125,-0.21071658042370603,0.039376330685238,0.021284503073102003,Null
220.098000000023,0.9990234375,-0.14794921875,0.12744140625,-0.222423057113912,0.038312105531583,0.031926754609652,Null
220.11800000002302,1.005859375,-0.15478515625,0.130859375,-0.22455150742122199,0.037247880377928,0.030862529455997004,Null
220.138000000023,1.00439453125,-0.16162109375,0.12939453125,-0.21603770619198104,0.04150478099254799,0.024477178534067005,Null
220.159000000023,1.0048828125,-0.1650390625,0.123046875,-0.20220277919446497,0.04150478099254799,0.025541403687721998,Null
220.179000000023,1.01171875,-0.17236328125,0.1298828125,-0.18623940188963897,0.039376330685238,0.032990979763308,Null
220.199000000023,1.01171875,-0.17236328125,0.1337890625,-0.177725600660398,0.051082807375443996,0.043633231299858,Null
220.223000000023,1.00439453125,-0.17724609375,0.1318359375,-0.174532925199433,0.053211257682754004,0.054275482836409004,Null
220.244000000023,1.01171875,-0.17529296875,0.13232421875,-0.17666137550674302,0.058532383451029006,0.06811040983392501,Null
220.264000000023,1.0126953125,-0.1826171875,0.13671875,-0.18198250127501897,0.06491773437296,0.077688436216821,Null
220.284000000023,0.99755859375,-0.1806640625,0.13427734375,-0.17666137550674302,0.080881111677786,0.07130308529489,Null
220.304000000023,1.0,-0.17822265625,0.12890625,-0.18304672642867398,0.08300956198509599,0.06704618468026999,Null
220.324000000023,1.01611328125,-0.18408203125,0.1298828125,-0.19901010373349998,0.079816886524131,0.06811040983392501,Null
220.34400000002302,1.02001953125,-0.19287109375,0.13671875,-0.20007432888715498,0.076624211063166,0.065981959526615,Null
220.364000000023,1.02392578125,-0.2041015625,0.14306640625,-0.169211799431158,0.07023886014123501,0.04895435706813401,Null
220.384000000023,1.01513671875,-0.2080078125,0.14306640625,-0.117064766902059,0.078752661370476,0.032990979763308,Null
220.404000000023,1.01416015625,-0.203125,0.15185546875,-0.08513801229240599,0.09471603867530198,0.04895435706813401,Null
220.424000000023,1.0224609375,-0.1884765625,0.158203125,-0.08939491290702699,0.114936316594749,0.09471603867530198,Null
220.444000000023,1.02001953125,-0.17822265625,0.1630859375,-0.164954898816537,0.143670395743436,0.14473462089709102,Null
220.465000000023,1.0234375,-0.1865234375,0.171875,-0.250092911108944,0.16282644850922698,0.177725600660398,Null
220.485000000023,1.02197265625,-0.18701171875,0.1689453125,-0.275634314796665,0.18517517673598397,0.19049630250425897,Null
220.505000000023,1.01123046875,-0.18115234375,0.16064453125,-0.27244163933570004,0.21923038165294603,0.192624752811569,Null
220.529000000023,0.9951171875,-0.16748046875,0.154296875,-0.28840501664052604,0.257542487184529,0.19049630250425897,Null
220.550000000023,0.98583984375,-0.16748046875,0.14501953125,-0.351194300706176,0.285212341179561,0.192624752811569,Null
220.57000000002301,0.97705078125,-0.181640625,0.13427734375,-0.407598233849895,0.292661917255147,0.18623940188963897,Null
220.590000000023,0.958984375,-0.19482421875,0.119140625,-0.41079090931086,0.27669853995032107,0.171340249738468,Null
220.610000000023,0.94384765625,-0.20361328125,0.10302734375,-0.351194300706176,0.228808408035842,0.13834926997516,Null
220.630000000023,0.95654296875,-0.21875,0.10595703125,-0.241579109879703,0.152184196972676,0.086202237446062,Null
220.649000000023,0.95947265625,-0.220703125,0.11181640625,-0.10429406505819801,0.09258758836799198,0.021284503073102003,Null
220.670000000023,0.9638671875,-0.21728515625,0.11669921875,0.011706476690206002,0.044697456453513,-0.044697456453513,Null
220.690000000023,0.9462890625,-0.21142578125,0.119140625,0.072367310448545,0.014899152151171002,-0.08833068775337198,Null
220.710000000023,0.94970703125,-0.2119140625,0.119140625,0.07130308529489,-0.027669853995032002,-0.10322983990454301,Null
220.730000000023,0.96142578125,-0.232421875,0.12744140625,0.061725058911995,-0.06917463498758,-0.10322983990454301,Null
220.750000000023,0.96533203125,-0.2509765625,0.13818359375,0.116000541748404,-0.10535829021185301,-0.11174364113378302,Null
220.770000000023,0.9619140625,-0.255859375,0.14453125,0.22135883196025602,-0.13409236936053998,-0.122385892670334,Null
220.790000000023,0.95556640625,-0.24169921875,0.14892578125,0.302239943638043,-0.142606170589781,-0.11387209144109299,Null
220.810000000023,0.9716796875,-0.22607421875,0.1591796875,0.303304168791697,-0.135156594514195,-0.08300956198509599,Null
220.830000000023,0.9892578125,-0.216796875,0.1669921875,0.21497348103832603,-0.10535829021185301,-0.029798304302342003,Null
220.85000000002302,0.9951171875,-0.21826171875,0.16357421875,0.08833068775337198,-0.065981959526615,0.034055204916963,Null
220.871000000023,1.01220703125,-0.2255859375,0.16064453125,-0.022348728226757004,-0.044697456453513,0.09045913806068198,Null
220.891000000023,1.017578125,-0.22705078125,0.15185546875,-0.08513801229240599,-0.021284503073102003,0.14047772028247002,Null
220.911000000023,1.00927734375,-0.2177734375,0.1455078125,-0.126642793284954,0.00425690061462,0.18623940188963897,Null
220.930000000023,1.0068359375,-0.20458984375,0.1435546875,-0.18091827612136302,0.019156052765792,0.236257984111428,Null
220.955000000023,1.01220703125,-0.19384765625,0.138671875,-0.28201966571859605,0.031926754609652,0.30649684425266305,Null
220.976000000023,1.01025390625,-0.1826171875,0.130859375,-0.35332275101348604,0.044697456453513,0.32565289701845396,Null
220.996000000023,1.00830078125,-0.18017578125,0.1240234375,-0.39802020746699995,0.040440555838893,0.317139095789214,Null
221.016000000023,1.00048828125,-0.18115234375,0.125,-0.389506406237759,0.024477178534067005,0.28734079148687103,Null
221.036000000023,0.9931640625,-0.18408203125,0.126953125,-0.34268049947693496,-0.00212845030731,0.233065308650462,Null
221.056000000023,0.986328125,-0.18994140625,0.1318359375,-0.27031318902839,-0.027669853995032002,0.16708334912384698,Null
221.07600000002301,0.9833984375,-0.18701171875,0.14306640625,-0.20433122950177499,-0.04150478099254799,0.10535829021185301,Null
221.096000000023,0.97900390625,-0.1826171875,0.14697265625,-0.18730362704329398,-0.052147032529099004,0.051082807375443996,Null
221.116000000023,0.99072265625,-0.193359375,0.15625,-0.18943207735060397,-0.058532383451029006,0.0,Null
221.136000000023,1.00244140625,-0.20703125,0.1669921875,-0.18943207735060397,-0.04150478099254799,-0.044697456453513,Null
221.156000000023,0.9892578125,-0.2197265625,0.1669921875,-0.19049630250425897,-0.021284503073102003,-0.075559985909511,Null
221.176000000023,0.9765625,-0.232421875,0.16357421875,-0.178789825814053,-0.025541403687721998,-0.09578026382895699,Null
221.197000000023,1.00048828125,-0.2470703125,0.1748046875,-0.157505322740952,-0.023412953380412004,-0.116000541748404,Null
221.216000000023,1.00927734375,-0.26611328125,0.17822265625,-0.097908714136267,-0.003192675460965,-0.14047772028247002,Null
221.241000000023,1.00830078125,-0.27392578125,0.1748046875,-0.012770701843860999,0.019156052765792,-0.161762223355572,Null
221.261000000023,1.005859375,-0.27294921875,0.1796875,0.037247880377928,0.044697456453513,-0.164954898816537,Null
221.282000000023,1.00341796875,-0.27001953125,0.1845703125,0.035119430070618,0.061725058911995,-0.157505322740952,Null
221.302000000023,0.99609375,-0.275390625,0.18115234375,-0.005321125768275,0.076624211063166,-0.145798846050746,Null
221.322000000023,0.98779296875,-0.2822265625,0.173828125,-0.031926754609652,0.08939491290702699,-0.128771243592265,Null
221.342000000023,0.99755859375,-0.29296875,0.17041015625,-0.021284503073102003,0.08726646259971699,-0.10961519082647302,Null
221.366000000023,1.0,-0.29345703125,0.16845703125,0.026605628841377002,0.09258758836799198,-0.09045913806068198,Null
221.387000000023,0.98974609375,-0.29150390625,0.16259765625,0.09897293928992199,0.10748674051916302,-0.076624211063166,Null
221.407000000023,0.9765625,-0.29150390625,0.162109375,0.13622081966785002,0.10429406505819801,-0.06278928406565,Null
221.427000000023,0.974609375,-0.2890625,0.162109375,0.148991521511711,0.09897293928992199,-0.052147032529099004,Null
221.447000000023,0.97998046875,-0.28857421875,0.1572265625,0.161762223355572,0.09045913806068198,-0.029798304302342003,Null
221.467000000023,0.98388671875,-0.2919921875,0.15771484375,0.174532925199433,0.086202237446062,-0.005321125768275,Null
221.488000000023,0.9833984375,-0.2919921875,0.158203125,0.21923038165294603,0.08194533683144099,0.034055204916963,Null
221.508000000023,0.97900390625,-0.2841796875,0.1552734375,0.234129533804117,0.08300956198509599,0.057468158297374,Null
221.528000000023,0.978515625,-0.2822265625,0.1611328125,0.234129533804117,0.08194533683144099,0.07130308529489,Null
221.548000000023,0.98095703125,-0.27783203125,0.16796875,0.235193758957772,0.08194533683144099,0.10429406505819801,Null
221.568000000023,0.98681640625,-0.28173828125,0.171875,0.229872633189497,0.08300956198509599,0.150055746665366,Null
221.58800000002302,0.9931640625,-0.27734375,0.17578125,0.235193758957772,0.09045913806068198,0.19901010373349998,Null
221.608000000023,0.9921875,-0.275390625,0.1728515625,0.23200108349680698,0.10216561475088799,0.243707560187013,Null
221.629000000023,0.99072265625,-0.275390625,0.17138671875,0.240514884726048,0.10535829021185301,0.27989121541128603,Null
221.653000000023,0.998046875,-0.28076171875,0.17041015625,0.273505864489355,0.08833068775337198,0.311817970020938,Null
221.673000000023,0.9990234375,-0.28271484375,0.1728515625,0.31820332094286896,0.07343153560220099,0.33097402278673,Null
221.694000000023,0.98193359375,-0.283203125,0.17138671875,0.365029227703692,0.065981959526615,0.354386976167141,Null
221.714000000023,0.984375,-0.28564453125,0.16650390625,0.41079090931086,0.04150478099254799,0.373543028932933,Null
221.734000000023,1.01806640625,-0.31201171875,0.150390625,0.456552590918029,0.003192675460965,0.390570631391414,LVG1
221.754000000023,1.02685546875,-0.3720703125,0.162109375,0.591709185432224,-0.04150478099254799,0.4320754123839621,LVG1
221.773000000023,1.021484375,-0.4453125,0.18994140625,0.918426307604333,-0.116000541748404,0.526791451059264,LVG1
221.794000000023,1.06103515625,-0.53662109375,0.20849609375,1.40052030221008,-0.19901010373349998,0.685360998953871,LVG1
221.81400000002301,1.13134765625,-0.5810546875,0.26904296875,1.86984359497197,-0.21497348103832603,0.854572798385028,LVG1
221.834000000023,1.1865234375,-0.66796875,0.24951171875,2.33916688773386,-0.159633773048262,0.9939862935138442,LVG1
221.854000000023,1.2353515625,-0.71240234375,0.24658203125,3.0798675946778,-0.06278928406565,1.17384034448155,LVG1
221.87400000002302,1.248046875,-0.6552734375,0.318359375,3.80566914947056,0.126642793284954,1.36752932244678,LVG1
221.894000000023,1.22314453125,-0.60107421875,0.3681640625,3.97381672374807,0.37460725408658796,1.58569547894607,LVG1
221.915000000023,1.16162109375,-0.5625,0.34716796875,3.66625565434175,0.567232006898157,1.7155309476919902,LVG1
221.93900000002301,1.1162109375,-0.59619140625,0.328125,3.28632727448688,0.67259029711001,1.8315314894403898,LVG1
221.959000000023,1.095703125,-0.63037109375,0.408203125,3.02984901245601,0.896077579377577,1.99861483856424,LVG1
221.979000000023,1.0,-0.66796875,0.47900390625,2.82338933264692,1.2472718800837501,2.1795331146856003,LVG1
222.000000000023,0.88134765625,-0.5966796875,0.4736328125,2.69248963874735,1.49097944027077,2.29021253066573,LVG1
222.020000000023,0.78759765625,-0.65771484375,0.4267578125,2.2497719748268397,1.61975068386303,2.47006658163344,LVG1
222.040000000023,0.72900390625,-0.80029296875,0.36376953125,2.03373426863486,1.62932871024593,2.70845301605218,LVG1
222.060000000023,0.66259765625,-0.60400390625,0.4091796875,2.1369641085394,1.72510897407488,2.79891215411286,LVG1
222.079000000023,0.4912109375,-0.40087890625,0.42236328125,1.71340249738468,1.74532925199433,3.06816111798759,LVG1
222.10000000002302,0.365234375,-0.25830078125,0.427734375,0.9939862935138442,1.5771816777168302,3.28951994994785,LVG1
222.120000000023,0.20556640625,-0.2373046875,0.388671875,0.11174364113378302,1.32496031630057,3.4448968223814904,LVG1
222.140000000023,0.13720703125,-0.28076171875,0.35400390625,-0.658755370112494,0.870536175689855,3.53642018559583,LVG1
222.160000000023,0.09619140625,-0.3662109375,0.30859375,-1.2834555353080301,0.365029227703692,3.57047539051279,LVG1
222.180000000023,0.05712890625,-0.4462890625,0.24609375,-1.6804115176213703,-0.148991521511711,3.5066218812934906,LVG1
222.200000000023,0.01708984375,-0.48193359375,0.17919921875,-1.89219232319873,-0.667269171341735,3.33953853216964,LVG1
222.220000000023,0.10107421875,-0.787109375,0.16552734375,-1.80173318513805,-1.26110680708127,3.12456505113131,LVG1
222.240000000023,0.345703125,-1.2509765625,0.1904296875,-1.0354910745063899,-1.78576980783322,2.9138484707076096,LVG1
222.260000000023,0.47021484375,-1.22607421875,0.291015625,0.16389067366288199,-1.9102841508108703,2.5679752957697097,LVG1
222.280000000023,0.47607421875,-0.90673828125,0.3515625,1.23130850277893,-1.85281599251349,2.1273860821565,LVG1
222.301000000023,0.42431640625,-0.4990234375,0.3642578125,1.6346498360141999,-1.86877936981832,1.8166323372892201,LVG1
222.321000000023,0.34228515625,-0.32861328125,0.34375,1.1397851395645902,-1.97520188518383,1.5016216918073202,LVG1
222.341000000023,0.32177734375,-0.33740234375,0.3134765625,0.722608879331799,-2.15292748584422,1.1014730340330101,LVG1
222.361000000023,0.4248046875,-0.7392578125,0.2412109375,0.459745266378994,-2.4306902509482002,0.702388601412352,LVG1
222.381000000023,0.61376953125,-1.14501953125,0.18212890625,0.9311970094481941,-2.5637183951550897,0.257542487184529,LVG1
222.401000000023,0.69482421875,-0.7412109375,0.33251953125,2.64566373198653,-2.36470829142159,-0.16282644850922698,LVG1
222.421000000023,0.64794921875,-0.42236328125,0.4921875,3.41190584261818,-2.14654213492229,-0.179854050967708,LVG1
222.441000000023,0.61474609375,-0.28076171875,0.56787109375,3.2959053008697796,-1.9517889318034198,-0.21284503073101602,LVG1
222.461000000023,0.70068359375,-0.2451171875,0.63671875,3.0543261909900803,-1.82727458882577,-0.36290077739638205,LVG1
222.48100000002302,0.8037109375,-0.32080078125,0.7158203125,2.56052571969412,-1.65699856424096,-0.38099260500851795,LVG1
222.501000000023,0.83203125,-0.3310546875,0.78369140625,2.00925709010079,-1.37391467336871,-0.36077232708907203,LVG1
222.521000000023,0.85205078125,-0.36083984375,0.890625,1.49842901634635,-1.1514916162548001,-0.273505864489355,LVG1
222.546000000023,1.0498046875,-0.5380859375,1.02783203125,0.457616816071684,-0.8492516726167529,-0.21603770619198104,LVG1
222.566000000023,1.13330078125,-0.59423828125,0.99365234375,0.321395996403834,-0.389506406237759,-0.133028144206885,LVG1
222.586000000023,1.06591796875,-0.49462890625,1.0224609375,0.160697998201917,0.039376330685238,0.06278928406565,LVG1
222.607000000023,1.0634765625,-0.427734375,1.1015625,-0.49805737191057703,0.356515426474451,0.311817970020938,LVG1
222.627000000023,0.98779296875,-0.4228515625,1.05126953125,-1.63890673662882,0.722608879331799,0.41824048538644604,LVG1
222.647000000023,0.7529296875,-0.521484375,0.82958984375,-2.05608299686161,0.93864658552378,0.246900235647978,LVG1
222.667000000023,0.71875,-0.728515625,0.6982421875,-1.13659246410362,1.1004088088793502,0.21923038165294603,LVG1
222.691000000023,0.69189453125,-0.80224609375,0.91552734375,-0.284148116025906,1.5346126715706203,0.34161627432328,LVG1
222.712000000023,0.80517578125,-0.93408203125,1.208984375,0.421433160847411,2.0230920170983,0.33735937370866,LVG1
222.732000000023,0.93212890625,-0.71484375,1.38037109375,1.0950876831110798,2.43494715156282,0.446974564535133,LVG1
222.752000000023,0.642578125,-0.54833984375,1.19384765625,0.37886415470120793,2.8063617301884403,0.715159303256213,LVG1
222.772000000023,0.44921875,-0.55126953125,0.99462890625,-0.887563778148336,3.02984901245601,0.7066455020269731,LVG1
222.792000000023,0.43603515625,-0.8212890625,0.8759765625,-1.37285044821505,3.1671340572775097,0.638535092193047,LVG1
222.812000000023,0.3251953125,-0.79296875,0.81640625,-0.684296773800216,3.34485965793791,0.573617357820088,LVG1
222.83200000002302,0.12939453125,-0.564453125,0.6669921875,-0.30117571848438696,3.45021794814977,0.46293794183995896,LVG1
222.852000000023,-0.0244140625,-0.58642578125,0.5029296875,-0.258606712338184,3.4491537229961096,0.346937400091556,LVG1
222.872000000024,-0.1943359375,-0.712890625,0.37939453125,0.10429406505819801,3.33953853216964,0.264992063260115,LVG1
222.89200000002398,-0.16552734375,-0.73876953125,0.61572265625,0.807746891624205,3.0990236474435897,0.20539545465543,LVG1
222.913000000023,-0.14990234375,-0.58935546875,0.71484375,0.8343525204655821,2.8755363651760204,0.324588671864799,LVG1
222.93300000002398,-0.240234375,-0.48583984375,0.59765625,0.10855096567281801,2.6967465393619703,0.47783709399113106,LVG1
222.953000000024,-0.18115234375,-0.5205078125,0.57421875,-0.5108280737544381,2.41259842333606,0.568296232051812,LVG1
222.972000000024,-0.18212890625,-0.52197265625,0.57568359375,-1.09189500765011,2.11248693000533,0.690682124722146,LVG1
222.997000000024,-0.19091796875,-0.42333984375,0.62353515625,-1.8166323372892201,1.7559715035308798,0.807746891624205,LVG1
223.018000000024,-0.1650390625,-0.54296875,0.5869140625,-2.5881955736891498,1.3473090445273301,1.0056927702040501,LVG1
223.038000000024,-0.12060546875,-0.67822265625,0.4609375,-2.48709418409192,1.01846347204791,1.15468429171576,LVG1
223.05800000002398,-0.22119140625,-0.5830078125,0.34765625,-1.46756648689035,0.8269029443899959,1.1727761193279,LVG1
223.078000000024,-0.31005859375,-0.38232421875,0.23828125,-0.6864252241075259,0.635342416732082,1.03974797512101,LVG1
223.098000000024,-0.384765625,-0.7138671875,0.1708984375,-0.474644418530165,0.47358019337651,0.8364809707728921,LVG1
223.11800000002398,-0.3408203125,-1.03759765625,0.279296875,1.09721613341839,0.36928612831831203,0.615122138812636,LVG1
223.139000000024,-0.4228515625,-0.68798828125,0.48193359375,3.11711547505573,0.39269908169872403,0.5746815829737429,LVG1
223.163000000024,-0.63525390625,-0.01611328125,0.53369140625,3.0330416879169797,0.28308389087225105,0.489543570681336,LVG1
223.18300000002398,-0.65576171875,0.00146484375,0.52587890625,1.2472718800837501,0.057468158297374,0.29904726817707694,LVG1
223.203000000024,-0.5439453125,-0.32568359375,0.4501953125,-0.07343153560220099,-0.11280786628743801,0.043633231299858,LVG1
223.223000000024,-0.55224609375,-0.40185546875,0.50537109375,0.38312105531582796,-0.153248422126331,-0.038312105531583,LVG1
223.244000000024,-0.671875,-0.39306640625,0.595703125,1.00888544566502,-0.27244163933570004,-0.029798304302342003,LVG1
223.264000000024,-0.6474609375,-0.529296875,0.53125,0.7343153560220049,-0.60341566212243,-0.101101389597233,LVG1
223.288000000024,-0.56494140625,-0.66357421875,0.4775390625,0.42249738600106607,-0.7587925345560709,-0.235193758957772,LVG1
223.30800000002398,-0.4931640625,-0.68310546875,0.537109375,0.818389143160756,-0.8269029443899959,-0.142606170589781,LVG1
223.329000000024,-0.50390625,-0.5517578125,0.67626953125,1.3207034156859498,-0.742829157251245,-0.027669853995032002,LVG1
223.349000000024,-0.572265625,-0.47607421875,0.8271484375,1.23237272793258,-0.67471874741732,0.08939491290702699,LVG1
223.369000000024,-0.451171875,-0.54150390625,0.95849609375,0.7258015547927641,-0.7247373296391091,0.188367852196949,LVG1
223.389000000024,-0.35302734375,-0.68359375,1.037109375,0.582131159049328,-0.580002708742018,0.349065850398866,LVG1
223.413000000024,-0.376953125,-0.5498046875,1.05078125,1.0099496708186702,-0.22135883196025602,0.46400216699361496,LVG1
223.43400000002399,-0.390625,-0.30419921875,1.06005859375,0.67897564803194,-0.122385892670334,0.43420386269127204,LVG1
223.454000000024,-0.2734375,-0.2001953125,1.07568359375,0.156441097587297,-0.147927296358056,0.256478262030874,LVG1
223.474000000024,-0.1533203125,-0.11474609375,1.04541015625,-0.32778134732576397,-0.258606712338184,0.10003716444357699,LVG1
223.494000000024,-0.1865234375,-0.4677734375,0.91796875,-0.43633231299858205,-0.355451201320796,0.141541945436126,LVG1
223.513000000024,-0.1474609375,-0.46142578125,0.96875,-0.18517517673598397,-0.37460725408658796,0.145798846050746,LVG1
223.534000000024,-0.115234375,-0.35595703125,1.0517578125,-0.26605628841377,-0.230936858343152,0.192624752811569,LVG1
223.554000000024,-0.21728515625,-0.30615234375,1.05517578125,0.04682590676082401,0.00212845030731,-0.045761681607168,LVG1
223.574000000024,-0.15234375,-0.17431640625,1.22021484375,0.34268049947693496,0.26818473872107995,-0.38099260500851795,LVG1
223.59400000002398,-0.146484375,-0.1982421875,1.18896484375,0.153248422126331,0.537433702595815,-0.512956524061748,LVG1
223.614000000024,-0.2548828125,-0.255859375,1.00390625,0.173468700045778,0.6002229866614649,-0.6864252241075259,LVG1
223.635000000024,-0.25341796875,-0.24072265625,0.85986328125,0.492736246142302,0.5693604572054671,-1.01207812112598,LVG1
223.655000000024,-0.2158203125,-0.04150390625,0.890625,1.53141999610966,0.763049435170692,-1.57292477710221,LVG1
223.679000000024,-0.42138671875,0.35498046875,0.97216796875,1.7804486820649499,0.8567012486923391,-2.0209635667909898,LVG1
223.699000000024,-0.65771484375,0.06591796875,0.78076171875,0.8311598450046171,0.736443806329315,-2.1859184656075303,LVG1
223.71900000002398,-0.888671875,-0.09521484375,0.55908203125,0.792847739473034,0.47783709399113106,-2.29234098097304,LVG1
223.740000000024,-0.84912109375,0.1123046875,0.55078125,1.7495861526089498,0.133028144206885,-2.5637183951550897,LVG1
223.760000000024,-0.7841796875,0.380859375,0.64453125,2.23380859752201,-0.10855096567281801,-2.8936281927881606,LVG1
223.780000000024,-0.6279296875,0.5048828125,0.92041015625,2.01777089133003,-0.28734079148687103,-3.2277948910358503,LVG1
223.800000000024,-0.55615234375,0.16748046875,1.0146484375,0.49592892160326707,-0.35013007555252096,-3.34379543278426,LVG1
223.819000000024,-0.1318359375,-0.39697265625,0.9892578125,-1.21960202608872,-0.488479345527681,-2.92236227193685,LVG1
223.840000000024,-0.40673828125,-2.4228515625,0.13818359375,-3.91315588998973,-0.704517051719662,-0.5012500473715421,LVG1
223.860000000024,-0.4375,-2.55810546875,0.02783203125,-2.93513297378071,-1.20789554939851,-0.5416906032104349,LVG1
223.88000000002398,0.1513671875,-1.7333984375,0.33154296875,-0.401212882927965,-1.57186055194855,-1.75916417899185,LVG1
223.900000000024,0.296875,-1.20556640625,0.81591796875,1.6878610936969598,-1.1419135898719,-1.4430893083562901,LVG1
223.920000000024,0.6513671875,-1.13134765625,1.14599609375,1.40584142797836,-0.858829698999649,-1.0780600806526,LVG1
223.94000000002399,0.7802734375,-1.13232421875,1.1220703125,0.883306877533716,-0.150055746665366,-0.7162235284098679,LVG1
223.961000000024,0.62744140625,-1.0810546875,0.9755859375,1.5282273206486898,0.619379039427256,-0.487415120374026,LVG1
223.985000000024,0.63037109375,-0.89794921875,0.7939453125,2.48390150863095,0.9578026382895709,-0.4427176639205129,LVG1
224.00500000002398,0.552734375,-0.26318359375,0.8525390625,3.16074870635558,1.3781715739833302,-0.389506406237759,LVG1
224.025000000024,0.4912109375,-0.27294921875,0.876953125,2.67014091052059,1.4601169108147702,0.19794587857984502,LVG1
224.046000000024,0.4560546875,-0.04052734375,0.94189453125,1.35475862060292,1.6261360347849598,0.635342416732082,LVG1
224.066000000024,0.2509765625,-0.134765625,1.02099609375,-0.49060779583499203,2.0081928649471297,0.95141728736764,LVG1
224.086000000024,-0.04443359375,-0.37158203125,0.9794921875,-1.8070543109063202,2.14122100915402,1.4441535335099398,LVG1
224.110000000024,-0.2431640625,-0.388671875,0.7265625,-2.6967465393619703,1.5644109758729698,1.9219906275010703,LVG1
224.13000000002398,-0.3876953125,-0.7138671875,0.41650390625,-2.8340315841834802,1.26110680708127,2.31256125889249,LVG1
224.151000000024,-0.50439453125,-0.392578125,0.70068359375,-1.41648367951491,0.919490532757988,2.21465254475622,LVG1
224.171000000024,-0.58203125,-0.2177734375,0.82275390625,-0.9833440419772929,0.539562152903125,2.11248693000533,LVG1
224.191000000024,-0.68701171875,-0.0322265625,0.732421875,-1.39413495128815,0.21284503073101602,2.01032131525444,LVG1
224.215000000024,-0.73583984375,-0.23681640625,0.5654296875,-2.0113855404081002,-0.123450117823989,1.9858441367203798,LVG1
224.236000000024,-0.68701171875,-0.17919921875,0.61181640625,-1.5016216918073202,-0.40653400869623996,1.7176593979993,LVG1
224.256000000024,-0.77099609375,-0.09228515625,0.78076171875,-0.841802096541167,-0.5427548283640901,1.46543803658304,LVG1
224.276000000024,-0.79150390625,-0.0537109375,0.95751953125,-0.6864252241075259,-0.6779114228782851,1.19193217209369,LVG1
224.296000000024,-0.70556640625,-0.25732421875,1.04052734375,-0.5746815829737429,-0.669397621649045,0.8992702548385421,LVG1
224.316000000024,-0.6513671875,-0.03466796875,1.16162109375,0.11387209144109299,-0.4969931467569221,0.645984668268633,LVG1
224.336000000024,-0.6630859375,0.13037109375,1.11669921875,-0.04789013191447901,-0.308625294559973,0.548075954132366,LVG1
224.357000000024,-0.6435546875,-0.1923828125,0.904296875,-0.478901319144786,-0.267120513567425,0.5661677817445021,LVG1
224.381000000024,-0.5673828125,-0.58251953125,0.98974609375,0.949288837060331,-0.27244163933570004,0.5874522848176039,LVG1
224.401000000024,-0.505859375,-0.35107421875,1.22412109375,1.37710734882967,-0.12983546874592,0.508699623447128,LVG1
224.421000000024,-0.4267578125,-0.02392578125,1.1494140625,0.517213424676368,0.11067941598012801,0.403341333235275,LVG1
224.442000000024,-0.46044921875,0.0458984375,0.88671875,-0.39802020746699995,0.21071658042370603,0.33735937370866,LVG1
224.462000000024,-0.53125,-0.32275390625,0.63916015625,0.42036893569375605,0.09365181352164699,0.246900235647978,LVG1
224.482000000024,-0.53076171875,-0.27734375,0.69384765625,1.5825028034850999,-0.17666137550674302,0.06811040983392501,LVG1
224.506000000024,-0.38623046875,-0.07080078125,0.84716796875,1.68998954400427,-0.223487282267567,0.003192675460965,LVG1
224.526000000024,-0.46484375,-0.33056640625,0.90234375,1.1536200665621101,-0.14686307120440098,0.14686307120440098,LVG1
224.54700000002398,-0.50390625,-0.443359375,0.75,1.1121152855695602,-0.21390925588467102,0.23200108349680698,LVG1
224.567000000024,-0.4404296875,-0.1826171875,0.779296875,1.29196933653727,-0.393763306852379,0.300111493330732,LVG1
224.587000000024,-0.365234375,-0.28515625,0.771484375,0.639599317346702,-0.5512686295933311,0.41611203507913597,LVG1
224.607000000024,-0.36865234375,-0.51318359375,0.666015625,-0.005321125768275,-0.6736545222636651,0.28734079148687103,LVG1
224.627000000024,-0.25,-0.53369140625,0.79833984375,-0.267120513567425,-0.788590838858414,0.09897293928992199,LVG1
224.647000000024,-0.1787109375,-0.443359375,0.88427734375,-0.320331771250179,-0.620443264580911,0.018091827612136003,LVG1
224.667000000024,-0.205078125,-0.2939453125,0.9677734375,-0.300111493330732,-0.243707560187013,-0.028734079148687,LVG1
224.687000000024,-0.28564453125,-0.30322265625,0.79248046875,-0.7577283094024159,-0.039376330685238,-0.042569006146202994,LVG1
224.70700000002398,-0.35107421875,-0.2626953125,0.65869140625,-0.770499011246277,0.018091827612136003,-0.21603770619198104,LVG1
224.727000000024,-0.498046875,-0.10400390625,0.67626953125,-0.451231465149754,0.04150478099254799,-0.324588671864799,LVG1
224.748000000024,-0.7314453125,-0.083984375,0.81787109375,-0.41079090931086,0.032990979763308,-0.323524446711144,LVG1
224.768000000024,-0.59423828125,-0.18359375,1.2275390625,-0.572553132666432,-0.035119430070618,-0.38099260500851795,LVG1
224.788000000024,-0.5478515625,-0.38623046875,0.984375,-0.60980101304436,-0.222423057113912,-0.307561069406318,LVG1
224.812000000024,-0.5595703125,-0.52001953125,0.63427734375,0.13196391905323,-0.43952498845954796,0.09152336321433699,LVG1
224.83200000002398,-0.45947265625,-0.544921875,0.6669921875,0.47358019337651,-0.46825906760823494,0.173468700045778,LVG1
224.853000000024,-0.38671875,-0.10791015625,1.0546875,0.847123222309443,-0.554461305054296,0.09152336321433699,LVG1
224.873000000024,-0.24609375,0.01611328125,1.06396484375,0.7736916867072429,-0.581066933895673,-0.037247880377928,LVG1
224.893000000024,-0.193359375,-0.0537109375,1.08447265625,1.1631980929449999,-0.43633231299858205,0.032990979763308,LVG1
224.913000000024,-0.1787109375,0.1005859375,1.29833984375,1.08125275611356,-0.379928379854863,0.188367852196949,LVG1
224.93300000002398,-0.1826171875,0.07275390625,1.3974609375,0.862022374460614,-0.33948782401597,0.43313963753761703,LVG1
224.953000000024,-0.05712890625,0.09912109375,1.27392578125,0.843930546848478,-0.22455150742122199,0.446974564535133,LVG1
224.973000000024,-0.0888671875,-0.1025390625,1.15625,-0.491672020988646,-0.053211257682754004,0.7651778854780021,LVG1
224.99300000002398,-0.041015625,-0.380859375,1.33837890625,-0.7066455020269731,-0.027669853995032002,0.67471874741732,LVG1
225.013000000024,-0.05126953125,-0.30078125,1.20361328125,0.27669853995032107,-0.08726646259971699,0.4427176639205129,LVG1
225.033000000024,-0.1083984375,-0.0693359375,1.10205078125,0.907784056067782,-0.06278928406565,0.445910339381478,LVG1
225.05300000002399,-0.18212890625,0.17578125,1.10205078125,0.7896550640120691,-0.08726646259971699,0.428882736922997,LVG1
225.074000000024,-0.2314453125,0.1826171875,1.0322265625,0.147927296358056,-0.141541945436126,0.356515426474451,LVG1
225.09400000002398,-0.1416015625,0.02001953125,0.853515625,-0.791783514319379,-0.27457008964301,0.247964460801633,LVG1
225.11800000002398,-0.0478515625,-0.50830078125,0.583984375,-1.91241260111818,-0.41611203507913597,0.257542487184529,LVG1
225.138000000024,0.06591796875,-0.7822265625,0.44970703125,-1.16639076840597,-0.6821683234929059,0.242643335033358,LVG1
225.159000000024,0.16552734375,-0.49072265625,0.71533203125,0.13409236936053998,-0.893949129070266,0.04150478099254799,LVG1
225.179000000024,-0.03564453125,-0.09326171875,0.51025390625,-0.101101389597233,-0.9173620824506781,-0.277762765103976,LVG1
225.199000000024,-0.4560546875,-0.00537109375,0.17822265625,-1.28771243592265,-0.915233632143368,-0.377799929547553,LVG1
225.21900000002398,-0.7138671875,-0.1923828125,0.38330078125,-1.8336599397477,-1.06316092850142,-0.553397079900641,LVG1
225.239000000024,-0.79296875,-0.43896484375,0.9169921875,-1.35156594514195,-1.0354910745063899,-0.9482246119066758,LVG1
225.259000000024,-0.75927734375,-0.50732421875,1.42822265625,-1.01527079658695,-0.554461305054296,-1.0322983990454302,LVG1
225.280000000024,-0.57373046875,-0.390625,1.62353515625,-0.8194533683144108,0.178789825814053,-1.0514544518112199,LVG1
225.304000000024,-0.5439453125,-0.64599609375,1.5537109375,-0.850315897770408,0.9673806646724671,-1.05251867696487,LVG1
225.324000000024,-0.5625,-0.912109375,1.44482421875,-0.5906449602785689,1.54631914826083,-0.830095619850962,LVG1
225.34400000002398,-0.5498046875,-0.6689453125,1.248046875,0.034055204916963,1.6601912397019198,-0.431011187230307,LVG1
225.364000000024,-0.58544921875,-0.42236328125,0.95947265625,0.27137741418204503,1.48352986419518,0.10216561475088799,LVG1
225.385000000024,-0.54931640625,-0.28076171875,0.83203125,0.533176801981195,1.224923151857,0.504442722832507,LVG1
225.409000000024,-0.40869140625,0.048828125,0.87548828125,0.36183655224272704,1.08018853095991,0.658755370112494,LVG1
225.429000000024,-0.3662109375,0.00537109375,0.7529296875,-0.595966086046844,1.26642793284954,0.623635940041876,LVG1
225.449000000024,-0.37890625,-0.1240234375,0.72265625,-1.14510626533287,1.44202508320263,0.42675428661568704,LVG1
225.470000000024,-0.43603515625,-0.6025390625,0.89990234375,0.13622081966785002,1.5548329494900701,0.19794587857984502,LVG1
225.490000000024,-0.5830078125,-0.48779296875,0.1484375,2.74676512158376,1.3473090445273301,-0.34480894978424603,LVG1
225.510000000024,-0.66748046875,0.369140625,0.19482421875,4.0323491071991,0.9876009425919129,-1.19938174816927,LVG1
225.530000000024,-0.55126953125,0.33544921875,0.353515625,2.2753133785145603,0.30436839394535303,-0.8237102689290309,LVG1
225.550000000024,-0.537109375,-0.5322265625,0.24609375,1.07380318003797,-0.5619108811298821,-0.338423598862315,LVG1
225.57000000002398,-0.40234375,-0.458984375,0.50048828125,1.19938174816927,-1.39200650098084,-0.11067941598012801,LVG1
225.590000000024,-0.279296875,-0.400390625,0.85791015625,0.384185280469484,-1.7602284041455,0.40014865777430997,LVG1
225.610000000024,-0.20458984375,-0.5048828125,1.03369140625,0.097908714136267,-1.64742053785806,0.7587925345560709,LVG1
225.63000000002398,-0.16357421875,-0.4873046875,1.42431640625,0.887563778148336,-1.12807866287438,0.87160040084351,LVG1
225.650000000024,-0.3056640625,-0.19091796875,1.60986328125,0.7438933824049,-0.5874522848176039,0.8950133542239208,LVG1
225.670000000024,-0.4365234375,-0.2626953125,1.3212890625,0.26179938779914896,-0.253285586569909,0.8928849039166109,LVG1
225.691000000024,-0.4462890625,-0.12744140625,1.0732421875,0.7055812768733171,-0.223487282267567,1.05783980273315,LVG1
225.715000000024,-0.10302734375,0.1767578125,1.25244140625,1.10572993464763,-0.36290077739638205,1.29196933653727,LVG1
225.735000000024,0.01025390625,0.41357421875,1.44970703125,1.26536370769589,-0.33310247309403995,1.3270887666078799,LVG1
225.75500000002398,-0.005859375,0.39306640625,1.4423828125,0.803489991009585,-0.09578026382895699,1.17384034448155,LVG1
225.776000000024,0.025390625,0.2431640625,1.20849609375,0.08513801229240599,0.18730362704329398,0.770499011246277,LVG1
225.796000000024,0.07568359375,-0.041015625,0.9443359375,0.126642793284954,0.352258525859831,0.322460221557489,LVG1
225.816000000024,0.0537109375,-0.2939453125,0.69921875,0.8194533683144108,0.459745266378994,-0.164954898816537,LVG1
225.836000000024,-0.15283203125,-0.2783203125,0.47802734375,1.73255855015047,0.571488907512777,-0.7321869057146941,LVG1
225.85600000002398,-0.47998046875,0.03271484375,0.43505859375,2.31256125889249,0.428882736922997,-1.0684820542697,LVG1
225.876000000024,-0.712890625,0.02685546875,0.4189453125,1.5356768967242802,0.027669853995032002,-1.11317951072321,LVG1
225.897000000024,-0.890625,0.009765625,0.50341796875,0.5927734105858791,-0.43846076330589295,-0.8598939241533041,LVG1
225.917000000024,-0.8974609375,-0.01513671875,0.53125,0.030862529455997004,-0.9727017904407421,-0.319267546096524,LVG1
225.937000000024,-0.78955078125,0.0732421875,0.73828125,-0.177725600660398,-1.2834555353080301,0.008513801229241,LVG1
225.95700000002398,-0.44189453125,0.083984375,1.20751953125,-0.384185280469484,-1.43031860651243,0.21497348103832603,LVG1
225.977000000024,-0.3076171875,-0.2998046875,1.2998046875,-1.46330958627573,-1.14510626533287,0.47251596822285497,LVG1
225.997000000024,-0.2470703125,-0.486328125,1.30615234375,-1.63890673662882,-0.7077097271806279,0.6119294633516701,LVG1
226.01700000002398,-0.0771484375,-0.51171875,1.240234375,-0.962059538904192,-0.38631373077679404,0.792847739473034,LVG1
226.037000000024,0.1328125,-0.24853515625,1.20849609375,-0.41824048538644604,-0.22135883196025602,0.9343896849091591,LVG1
226.057000000024,0.26416015625,-0.0146484375,1.1513671875,-0.41824048538644604,-0.045761681607168,0.881178427226405,LVG1
226.077000000024,0.3125,0.48388671875,1.166015625,-0.148991521511711,0.078752661370476,0.5363694774421599,LVG1
226.098000000024,0.43017578125,0.486328125,1.04345703125,-0.7034528265660072,0.126642793284954,0.170276024584813,LVG1
226.122000000024,0.484375,0.2646484375,0.974609375,-0.800297315548619,0.09578026382895699,-0.43952498845954796,LVG1
226.14200000002398,0.4541015625,0.1005859375,1.01611328125,-0.937582360370125,0.017027602458481002,-0.667269171341735,LVG1
226.162000000024,0.27978515625,-0.068359375,0.794921875,-0.8162606928534458,-0.119193217209369,-0.7204804290244878,LVG1
226.18300000002398,-0.021484375,-0.15869140625,0.7451171875,-0.6534342443442189,-0.602351436968775,-0.7502787333268308,LVG1
226.203000000024,-0.0859375,-0.4248046875,0.91845703125,-0.615122138812636,-1.10253725918666,-0.581066933895673,LVG1
226.223000000024,-0.31103515625,-0.42919921875,0.9931640625,-0.128771243592265,-1.11956486164514,-0.19901010373349998,LVG1
226.24300000002398,-0.90869140625,0.27978515625,0.7646484375,-0.4714517430692,-1.13127133833535,0.00212845030731,LVG1
226.263000000024,-1.05224609375,0.15771484375,0.79833984375,-0.779012812475518,-1.27068483346416,-0.001064225153655,LVG1
226.283000000024,-0.90966796875,0.26123046875,1.27001953125,-0.6949390253367671,-1.05996825304046,0.08300956198509599,LVG1
226.30300000002399,-0.82275390625,0.00146484375,1.40771484375,-0.5746815829737429,-0.597030311200499,0.38631373077679404,LVG1
226.323000000024,-0.61376953125,0.24658203125,1.37060546875,-0.10748674051916302,-0.39482753200603404,0.409726684157205,LVG1
226.343000000024,-0.18359375,0.64404296875,1.3525390625,0.812003792238825,-0.150055746665366,0.18623940188963897,LVG1
226.363000000024,0.099609375,0.537109375,1.19287109375,1.3717862230613997,-0.008513801229241,-0.11174364113378302,LVG1
226.383000000024,0.30419921875,0.33349609375,1.345703125,1.8219534630575,-0.04895435706813401,-0.076624211063166,LVG1
226.40400000002398,0.44921875,0.10205078125,1.53466796875,2.03160581832755,0.043633231299858,-0.06811040983392501,LVG1
226.424000000024,0.0869140625,-0.32861328125,1.18310546875,1.91773372688645,0.10322983990454301,-0.009578026382896,LVG1
226.444000000024,-0.046875,-0.380859375,0.8154296875,1.7804486820649499,-0.20433122950177499,-0.244771785340668,LVG1
226.464000000024,0.07763671875,-0.14453125,0.8076171875,2.23700127298298,-0.5991587615078101,-0.236257984111428,LVG1
226.484000000024,-0.03564453125,-0.06201171875,0.60693359375,2.37641476811179,-0.884371102687371,0.175597150353088,LVG1
226.504000000024,-0.05224609375,0.0478515625,0.5380859375,2.35513026503869,-1.2494003303910601,0.245836010494323,LVG1
226.525000000024,-0.1123046875,-0.0068359375,0.4716796875,2.2476435245195296,-1.65380588877999,0.29372614240880196,LVG1
226.545000000024,-0.24462890625,-0.07275390625,0.20166015625,3.03091323760966,-2.1795331146856003,0.34268049947693496,LVG1
226.569000000024,-0.3603515625,0.8525390625,0.96533203125,3.12030815051669,-2.36045139080697,0.161762223355572,LVG1
226.590000000024,-0.37158203125,0.5390625,1.20556640625,1.03016994873812,-1.7964120593697699,-0.09152336321433699,LVG1
226.610000000024,-0.3515625,0.51416015625,1.48779296875,0.5608466559762271,-1.07486740519163,-0.20007432888715498,LVG1
226.63000000002398,-0.330078125,0.310546875,1.62451171875,0.38844218108410405,-0.291597692101492,-0.08939491290702699,LVG1
226.650000000024,-0.111328125,0.19873046875,1.599609375,0.522534550444644,0.38099260500851795,-0.141541945436126,LVG1
226.670000000024,-0.00634765625,0.52587890625,1.3232421875,0.9971789689748091,0.9652522143651571,-0.235193758957772,LVG1
226.69000000002399,-0.0048828125,0.728515625,0.88427734375,0.8992702548385421,1.25046455554472,-0.192624752811569,LVG1
226.710000000025,0.009765625,0.595703125,0.5927734375,0.21816615649929103,1.1142437358768702,-0.123450117823989,LVG1
226.73000000002497,0.02197265625,0.43310546875,0.599609375,-0.485286670066716,0.6779114228782851,-0.078752661370476,LVG1
226.751000000024,0.02587890625,0.5244140625,0.6240234375,-1.01527079658695,0.21923038165294603,-0.222423057113912,LVG1
226.770000000025,0.06396484375,0.6201171875,0.564453125,-1.94008245511321,-0.156441097587297,-0.19368897796522402,LVG1
226.79000000002497,0.1025390625,0.17822265625,0.52734375,-3.13627152782152,-0.34480894978424603,-0.021284503073102003,LVG1
226.811000000025,0.1220703125,0.02001953125,0.7861328125,-3.3672083861646698,-0.39695598231334395,-0.116000541748404,LVG1
226.831000000025,0.15966796875,-0.03564453125,0.974609375,-2.8766005903296805,-0.431011187230307,-0.022348728226757004,LVG1
226.85100000002498,0.140625,0.04541015625,0.97021484375,-3.18203320942869,-0.5384979277494699,0.20220277919446497,LVG1
226.871000000025,0.25048828125,0.009765625,0.85986328125,-4.16750570171329,-0.657691144958839,0.26818473872107995,LVG1
226.89100000002497,0.3037109375,-0.20751953125,0.79345703125,-4.29946962076652,-0.7055812768733171,0.47783709399113106,LVG1
226.91100000002498,0.4287109375,-0.31591796875,1.13330078125,-4.0344775575064,-0.8237102689290309,0.628957065810152,LVG1
226.932000000025,0.51416015625,-0.46728515625,1.1845703125,-4.264350190695899,-0.7055812768733171,0.5363694774421599,LVG1
226.956000000025,0.44580078125,-0.74658203125,1.2255859375,-4.10897331826226,-0.30117571848438696,0.713030852948903,LVG1
226.97600000002498,0.482421875,-0.70166015625,1.337890625,-3.80034802370229,0.001064225153655,0.8950133542239208,LVG1
226.996000000025,0.3671875,-0.8662109375,1.0244140625,-3.7577790175560803,0.421433160847411,0.9673806646724671,LVG1
227.01700000002498,0.32177734375,-0.767578125,0.95361328125,-2.7169668172814196,0.7396364817902801,1.1174364113378301,LVG1
227.037000000025,0.41015625,-0.50244140625,1.1513671875,-2.26573535213166,0.916297857297023,1.2153451254741001,LVG1
227.057000000025,0.34814453125,-0.43115234375,1.13818359375,-2.67652626144252,1.29516201199823,1.14936316594749,LVG1
227.07700000002498,0.310546875,-0.4541015625,0.931640625,-2.6403426062182502,1.5771816777168302,1.0163350217406,LVG1
227.096000000025,0.2607421875,-0.53466796875,0.8115234375,-2.6211865534524597,1.83685261520867,0.9258758836799191,LVG1
227.11700000002497,0.1806640625,-0.61181640625,0.9814453125,-2.4690023564797796,1.9975506134105803,0.800297315548619,LVG1
227.13700000002498,0.15185546875,-0.6279296875,0.86865234375,-2.10184467846878,1.8560086679744598,0.658755370112494,LVG1
227.157000000025,0.07275390625,-0.64501953125,0.46142578125,-1.7634210796064698,1.7006317955408201,0.5895807351249139,LVG1
227.17700000002498,0.00439453125,-0.7587890625,0.41650390625,-1.47395183781228,1.5750532274095201,0.5640393314371921,LVG1
227.19700000002499,-0.06005859375,-0.853515625,0.5703125,-1.2089597745521699,1.34837326968099,0.502314272525197,LVG1
227.218000000025,-0.0537109375,-0.8125,0.5234375,-0.657691144958839,1.06209670334777,0.373543028932933,LVG1
227.23800000002498,-0.08349609375,-0.66357421875,0.2998046875,-0.29479036756245697,0.969509114979777,0.35332275101348604,LVG1
227.258000000025,-0.18017578125,-0.689453125,0.279296875,-0.267120513567425,1.0354910745063899,0.349065850398866,LVG1
227.27800000002497,-0.2421875,-0.60693359375,0.4697265625,-0.045761681607168,1.05358290211853,0.19794587857984502,LVG1
227.29800000002498,-0.3125,-0.1875,0.6240234375,-0.708773952334283,1.12169331195245,0.178789825814053,LVG1
227.318000000025,-0.2890625,-0.70263671875,0.44970703125,-2.43920405217744,1.2355654033935501,0.36290077739638205,LVG1
227.33800000002498,-0.29833984375,-0.96044921875,0.46435546875,-2.44665362825303,1.35795129606388,0.6002229866614649,LVG1
227.358000000025,-0.37548828125,-0.88916015625,0.4150390625,-2.36151561596062,1.43989663289532,0.814132242546135,LVG1
227.378000000025,-0.51611328125,-0.8837890625,0.26171875,-2.44239672763841,1.48565831450249,1.06316092850142,LVG1
227.39800000002498,-0.6630859375,-0.89453125,0.126953125,-2.29766210674132,1.40796987828567,1.2355654033935501,LVG1
227.419000000025,-0.64453125,-0.91357421875,0.1640625,-2.01032131525444,1.26110680708127,1.19938174816927,LVG1
227.43900000002498,-0.63330078125,-0.6787109375,0.4287109375,-1.61975068386303,1.13659246410362,1.03336262419908,LVG1
227.459000000025,-0.552734375,-0.72265625,0.41357421875,-1.6931822194652302,0.908848281221438,0.865215049921579,LVG1
227.478000000025,-0.58544921875,-0.97314453125,0.1123046875,-1.4090341034393201,0.7949761897803441,0.7492145081731759,LVG1
227.503000000025,-0.59814453125,-0.8271484375,0.1376953125,0.10003716444357699,0.713030852948903,0.26924896387473496,LVG1
227.52400000002498,-0.56103515625,-1.04052734375,0.126953125,0.7619852100170369,0.645984668268633,-0.159633773048262,LVG1
227.544000000025,-0.5673828125,-1.48193359375,-0.0068359375,2.38918546995565,0.539562152903125,-0.6513057940369079,LVG1
227.56400000002498,-0.515625,-1.04443359375,0.2587890625,3.6151728469663,0.528919901366574,-0.7321869057146941,LVG1
227.584000000025,-0.53759765625,-0.78125,0.20458984375,3.3299605057867403,0.634278191578427,-0.297983043023422,LVG1
227.604000000025,-0.6904296875,-1.076171875,0.06787109375,4.08449613972819,0.395891757159689,-0.250092911108944,LVG1
227.62400000002498,-0.74609375,-0.72412109375,0.39404296875,4.58361773679243,0.045761681607168,-0.28201966571859605,LVG1
227.644000000025,-0.81396484375,-0.0478515625,0.4072265625,2.34342378834848,-0.19049630250425897,-0.121321667516679,LVG1
227.664000000025,-0.77294921875,-0.197265625,0.359375,-0.67471874741732,-0.49486469644961206,-0.013834926997516001,LVG1
227.68400000002498,-0.6240234375,-0.5234375,0.2939453125,-1.6601912397019198,-0.949288837060331,0.042569006146202994,LVG1
227.704000000025,-0.3974609375,-0.89013671875,0.421875,-2.0624683477835397,-1.4292543813587701,0.316074870635558,LVG1
227.72400000002497,-0.3330078125,-1.201171875,0.0908203125,-2.5360485411600497,-1.7964120593697699,0.621507489734566,LVG1
227.74400000002498,-0.34912109375,-1.39208984375,0.07568359375,-2.4924153098601898,-2.19017536622215,0.756664084248761,LVG1
227.764000000025,-0.42041015625,-1.36962890625,0.201171875,-2.23593704782932,-2.48496573378461,0.803489991009585,LVG1
227.78400000002497,-0.41943359375,-1.34814453125,0.1171875,-1.4313828316660802,-2.6605628841377,0.8279671695436519,LVG1
227.80400000002498,-0.43310546875,-1.20556640625,0.17578125,-0.5448832786714001,-2.6967465393619703,0.9120409566824029,LVG1
227.825000000025,-0.37255859375,-0.8759765625,0.556640625,-0.303304168791697,-2.62757190437439,1.0684820542697,LVG1
227.84500000002498,-0.02880859375,-0.740234375,0.9697265625,-0.747086057865866,-2.29234098097304,1.1749045696352098,LVG1
227.865000000025,0.2236328125,-0.9794921875,1.03466796875,-0.334166698247695,-1.50587859242194,1.05783980273315,LVG1
227.88500000002497,0.08544921875,-0.9013671875,1.1904296875,0.235193758957772,-1.0855096567281801,0.919490532757988,LVG1
227.90500000002498,-0.04150390625,-0.521484375,1.166015625,0.988665167745568,-0.47251596822285497,0.6119294633516701,LVG1
227.925000000025,-0.2998046875,-0.60400390625,0.5224609375,1.0312341738917699,-0.10003716444357699,0.26392783810646,LVG1
227.94500000002498,-0.69921875,-0.7763671875,0.13671875,1.08870233218915,-0.321395996403834,0.264992063260115,LVG1
227.965000000025,-0.77392578125,-0.5224609375,0.29736328125,0.8322240701582719,-0.5746815829737429,0.28308389087225105,LVG1
227.985000000025,-0.41943359375,-0.6044921875,0.45703125,0.003192675460965,-1.04081220027467,0.26179938779914896,LVG1
228.00500000002498,-0.3330078125,-0.73095703125,0.63720703125,-0.286276566333216,-0.9439677112920551,0.246900235647978,LVG1
228.025000000025,-0.55078125,-0.73779296875,0.7236328125,-0.821581818621721,-0.5033784976788521,0.329909797633074,LVG1
228.045000000025,-0.3583984375,-0.798828125,0.79931640625,-1.8325957145940501,-0.19901010373349998,0.377799929547553,LVG1
228.06500000002498,0.0,-1.32958984375,0.55029296875,-1.5420622476462098,-0.08833068775337198,0.33523092340134997,LVG1
228.085000000025,-0.1337890625,-0.88916015625,0.30615234375,0.6598195952661489,0.009578026382896,0.10003716444357699,LVG1
228.10500000002497,-0.44189453125,-0.06298828125,0.18505859375,0.53424102713485,0.040440555838893,-0.18517517673598397,LVG1
228.12500000002498,-0.4365234375,-0.8173828125,0.46630859375,-1.05464712727218,-0.27457008964301,-0.456552590918029,LVG1
228.146000000025,-0.2392578125,-1.2900390625,0.9072265625,0.28840501664052604,-0.39482753200603404,-0.7258015547927641,LVG1
228.16600000002498,-0.1884765625,-1.0205078125,0.70703125,1.6804115176213703,-0.179854050967708,-0.7215446541781441,LVG1
228.186000000025,0.02001953125,-1.14208984375,0.73681640625,1.41329100405395,-0.10322983990454301,-0.6513057940369079,LVG1
228.206000000025,0.1171875,-0.5947265625,0.66357421875,2.3679009668825497,0.04895435706813401,-0.9652522143651571,LVG1
228.22500000002498,-0.25732421875,0.185546875,0.45849609375,2.89149974248085,0.8886280033019909,-1.3558228457565702,LVG1
228.246000000025,-0.65283203125,-0.35693359375,0.16552734375,0.910976731528748,1.2579141316203002,-1.40158452736374,LVG1
228.26600000002497,-0.712890625,-1.265625,0.32763671875,0.188367852196949,0.8492516726167529,-1.2887766610763,LVG1
228.28600000002498,-0.5341796875,-0.8720703125,0.41650390625,1.05464712727218,0.660883820419804,-1.0046285450504,LVG1
228.306000000025,-0.3935546875,-0.43603515625,0.5615234375,0.675782972570975,0.6247001651955311,-0.550204404439676,LVG1
228.32600000002498,-0.38427734375,-0.40869140625,0.6025390625,0.291597692101492,0.46080949153264894,-0.6002229866614649,LVG1
228.346000000025,-0.4052734375,-1.03466796875,0.517578125,-0.317139095789214,0.584259609356638,-0.616186363966291,LVG1
228.366000000025,-0.4072265625,-1.201171875,0.552734375,-0.097908714136267,0.94716038675302,-0.384185280469484,LVG1
228.38600000002498,-0.1767578125,-0.37841796875,0.72802734375,1.05464712727218,0.7843339382437929,-0.548075954132366,LVG1
228.406000000025,-0.2119140625,-0.4794921875,0.6513671875,0.884371102687371,0.6864252241075259,-0.8237102689290309,LVG1
228.426000000025,-0.701171875,-1.09033203125,0.61669921875,0.20220277919446497,1.07486740519163,-0.704517051719662,LVG1
228.44600000002498,-0.8408203125,-0.98876953125,0.51611328125,0.461873716686304,0.821581818621721,-0.445910339381478,LVG1
228.467000000025,-0.31005859375,-0.32568359375,0.966796875,1.1887394966327198,0.017027602458481002,-0.5927734105858791,LVG1
228.48700000002498,-0.21044921875,-0.439453125,0.92041015625,0.854572798385028,0.188367852196949,-0.7204804290244878,LVG1
228.507000000025,-0.72705078125,-1.029296875,0.46826171875,0.273505864489355,0.801361540702275,-0.37567147924024297,LVG1
228.527000000025,-0.443359375,-0.939453125,0.5224609375,0.8205175934680659,0.28095544056494104,-0.399084432620655,LVG1
228.54700000002498,0.0419921875,-0.26904296875,0.939453125,1.0493260015039099,0.005321125768275,-0.632149741271117,LVG1
228.567000000025,-0.380859375,-0.45263671875,0.7197265625,0.195817428272535,0.489543570681336,-0.38844218108410405,LVG1
228.587000000025,-0.474609375,-1.1572265625,0.5673828125,0.295854592716112,0.28095544056494104,-0.4991215970642321,LVG1
228.60700000002498,-0.00439453125,-0.78466796875,0.744140625,0.872664625997165,0.031926754609652,-0.803489991009585,LVG1
228.627000000025,-0.38916015625,-0.6435546875,0.72509765625,0.42994696207665206,0.5863880596639489,-0.387377955930449,LVG1
228.64700000002497,-0.447265625,-0.9306640625,0.537109375,0.42675428661568704,0.478901319144786,-0.242643335033358,LVG1
228.66700000002498,-0.044921875,-0.6591796875,0.650390625,0.920554757911643,0.244771785340668,-0.40440555838892994,LVG1
228.687000000025,-0.1552734375,-0.33837890625,0.775390625,0.481029769452096,0.578938483588363,-0.305432619099008,LVG1
228.70700000002498,-0.43896484375,-0.6376953125,0.5615234375,0.120257442363024,0.842866321694823,-0.34268049947693496,LVG1
228.727000000025,-0.07666015625,-0.36279296875,0.802734375,0.783269713090138,0.7875266137047591,-0.7034528265660072,LVG1
228.74800000002497,-0.12939453125,-0.23779296875,0.81201171875,0.155376872433642,1.26855638315685,-0.506571173139818,LVG1
228.76800000002498,-0.4619140625,-0.7490234375,0.61767578125,-0.188367852196949,1.57824590287048,-0.37247880377927794,LVG1
228.79200000002498,-0.18017578125,-0.7822265625,0.67333984375,0.39482753200603404,1.5644109758729698,-0.666204946188079,LVG1
228.812000000025,-0.203125,-0.4033203125,0.787109375,-0.352258525859831,1.7495861526089498,-0.391634856545069,LVG1
228.83200000002498,-0.48876953125,-0.81982421875,0.5,-0.037247880377928,1.53248422126331,-0.576810033281053,LVG1
228.853000000025,-0.3154296875,-0.8994140625,0.6630859375,0.235193758957772,1.4888509899634599,-0.8088111167778599,LVG1
228.87300000002497,-0.51171875,-0.767578125,0.7275390625,-0.050018582221788996,1.58675970409972,-0.528919901366574,LVG1
228.89300000002498,-0.54833984375,-0.865234375,0.82666015625,0.41398358477182595,1.26004258192761,-0.6715260719563549,LVG1
228.913000000025,-0.2021484375,-0.70703125,0.8408203125,0.5459475038250561,1.6931822194652302,-0.740700706943935,LVG1
228.93300000002498,-0.69189453125,-0.7568359375,0.7373046875,-0.257542487184529,1.99648638825693,-0.101101389597233,LVG1
228.95300000002499,-0.552734375,-1.25146484375,0.6904296875,0.479965544298441,1.4686307120440099,-0.09365181352164699,LVG1
228.973000000025,-0.18408203125,-0.482421875,0.6181640625,1.08657388188184,1.7836413575259098,-0.326717122172109,LVG1
228.99300000002498,-0.58154296875,-0.181640625,0.421875,-0.13409236936053998,2.14654213492229,-0.07343153560220099,LVG1
229.013000000025,-0.3623046875,-0.9580078125,0.81005859375,0.284148116025906,1.88687119743046,-0.34374472463059,LVG1
229.033000000025,-0.00146484375,-0.37841796875,0.83837890625,0.377799929547553,2.43175447610186,-0.533176801981195,LVG1
229.05400000002498,-0.49169921875,-0.33447265625,0.28955078125,-0.332038247940385,2.9085273449393303,-0.365029227703692,LVG1
229.074000000025,-0.634765625,-0.9482421875,0.4716796875,0.08833068775337198,2.54136966692833,-0.44058921361320297,LVG1
229.09400000002498,-0.0849609375,-0.826171875,1.06640625,0.521470325290989,2.81168285595672,-0.6044798872760849,LVG1
229.114000000025,-0.205078125,-0.48779296875,0.80712890625,0.444846114227823,3.2586574204918506,-0.514020749215403,LVG1
229.138000000025,-0.60107421875,-0.60205078125,0.04736328125,-0.358643876781762,4.0227710808162005,-0.07130308529489,LVG1
229.15900000002497,-0.0634765625,-0.4248046875,1.32373046875,0.040440555838893,3.9589175715968903,-0.555525530207951,LVG1
229.17900000002498,0.42724609375,0.0087890625,1.4345703125,0.519341874983679,4.75495798653089,-1.47395183781228,LVG1
229.199000000025,-0.169921875,-0.8603515625,-1.48486328125,-0.508699623447128,5.96923888685134,-1.60697998201917,LVG1
229.21900000002498,-0.8701171875,-2.412109375,-3.39697265625,-0.681104098339251,5.39030040326298,-0.962059538904192,LVG1
229.239000000025,-0.857421875,-1.75634765625,-1.2548828125,0.0,3.11285857444111,-0.00425690061462,LVG1
229.259000000025,-0.1513671875,-1.5654296875,0.26513671875,-0.883306877533716,0.814132242546135,0.610865238198015,LVG1
229.27900000002498,-0.48779296875,-1.1396484375,-0.126953125,0.409726684157205,1.04400487573563,0.667269171341735,LVG1
229.299000000025,-0.85986328125,-0.58984375,-1.17822265625,1.08444543157453,0.850315897770408,0.865215049921579,LVG1
229.319000000025,-1.04248046875,-0.74462890625,-1.30810546875,0.124514342977644,-0.31820332094286896,0.8524443480777181,LVG1
229.33900000002498,-1.07421875,-0.845703125,-1.18798828125,0.10855096567281801,-1.86239401889639,0.74602183271221,LVG1
229.359000000025,-0.90869140625,-0.55908203125,-1.0546875,0.783269713090138,-3.05645464129739,0.88011420207275,LVG1
229.38000000002498,-0.81201171875,-0.01513671875,-0.734375,0.9982431941284642,-3.5055576561398305,0.915233632143368,LVG1
229.400000000025,-0.771484375,0.037109375,-0.27490234375,0.47570864368382,-3.69924663410506,0.6247001651955311,LVG1
229.420000000025,-0.75244140625,-0.3740234375,0.54296875,0.076624211063166,-3.7066962101806404,0.376735704393898,LVG1
229.444000000025,-0.64404296875,-0.4921875,0.79931640625,0.249028685955288,-3.8429170298484903,0.31501064548190305,LVG1
229.465000000025,-0.62890625,-0.3076171875,0.57861328125,0.42249738600106607,-3.7364945144829798,0.43633231299858205,LVG1
229.485000000025,-0.51416015625,-0.25439453125,0.595703125,0.415047809925481,-3.40126359108163,0.26392783810646,LVG1
229.50500000002498,-0.45068359375,-0.90380859375,0.88671875,0.27457008964301,-2.8436096105663697,0.079816886524131,LVG1
229.525000000025,-0.4462890625,-0.54345703125,1.0302734375,1.11956486164514,-2.32320351042904,0.19156052765791398,LVG1
229.545000000025,-0.4482421875,-0.25,0.8857421875,1.55376872433642,-1.8123754366746003,0.18730362704329398,LVG1
229.56500000002498,-0.486328125,-0.52197265625,0.841796875,1.2632352573885801,-1.4196763549758797,0.10322983990454301,LVG1
229.585000000025,-0.52197265625,-0.51708984375,0.92822265625,1.4792729635805602,-1.22918005247162,0.031926754609652,LVG1
229.60500000002497,-0.50732421875,-0.46826171875,0.73779296875,1.2089597745521699,-1.1227575371061103,0.050018582221788996,LVG1
229.626000000025,-0.5146484375,-0.6455078125,0.57373046875,0.854572798385028,-0.9939862935138442,-0.04789013191447901,LVG1
229.650000000025,-0.63720703125,-0.57373046875,0.40380859375,1.9624311833399701,-0.799233090394964,-0.06066083375833999,LVG1
229.67100000002497,-0.6123046875,-0.11083984375,0.60302734375,1.97520188518383,-0.9322612346018492,-0.086202237446062,LVG1
229.69100000002499,-0.4677734375,-0.4267578125,0.57275390625,0.6821683234929059,-1.25046455554472,-0.20645967980908497,LVG1
229.711000000025,-0.447265625,-0.85009765625,0.50830078125,0.7055812768733171,-1.30367581322747,-0.11387209144109299,LVG1
229.73100000002498,-0.5146484375,-0.8134765625,0.53857421875,2.25615732574877,-1.31751074022499,0.233065308650462,LVG1
229.751000000025,-0.52294921875,-0.494140625,0.65380859375,3.2618500959528194,-1.42499748074415,0.371414578625623,LVG1
229.77100000002602,-0.33642578125,-0.11083984375,0.88330078125,2.1369641085394,-1.48991521511711,0.393763306852379,LVG1
229.791000000026,-0.3359375,-0.5322265625,0.80712890625,1.20470287393755,-1.29303356169092,0.658755370112494,LVG1
229.811000000026,-0.35888671875,-0.64013671875,0.9365234375,1.9187979520401102,-1.1333997886426599,0.8524443480777181,LVG1
229.83100000002602,-0.34326171875,-0.43603515625,1.08056640625,2.5658468454624,-0.9226832082189541,0.863086599614269,LVG1
229.851000000026,-0.189453125,-0.140625,1.1669921875,1.81450388698191,-0.641727767654013,0.8694719505362,LVG1
229.87200000002602,-0.2060546875,-0.42529296875,0.97705078125,1.7293658746895,-0.29372614240880196,0.9407750358310899,LVG1
229.89200000002603,-0.23779296875,-0.4248046875,1.11865234375,2.41046997302875,-0.19368897796522402,1.06635360396239,LVG1
229.912000000026,0.00732421875,-0.15234375,1.3662109375,2.48922263439923,-0.158569547894607,1.01101389597233,LVG1
229.93200000002602,0.0693359375,-0.03515625,1.3046875,1.4313828316660802,0.20113855404081,0.9067198309141271,LVG1
229.952000000026,-0.07275390625,-0.2607421875,0.8857421875,0.8779857517654399,0.449103014842443,1.0950876831110798,LVG1
229.97200000002601,-0.17041015625,-0.2724609375,0.77978515625,1.29090511138361,0.20220277919446497,1.29303356169092,LVG1
229.99200000002602,-0.1142578125,0.03173828125,0.94287109375,1.0684820542697,0.00212845030731,1.32921721691519,LVG1
230.012000000026,-0.095703125,0.04296875,0.822265625,0.747086057865866,-0.226679957728532,1.11850063649149,LVG1
230.03200000002602,-0.1962890625,-0.04150390625,0.3359375,1.25578568131299,-0.454424140610719,1.0142065714332902,LVG1
230.05200000002603,-0.21337890625,-0.07861328125,0.33984375,2.2167809950635298,-0.770499011246277,1.02697727327715,LVG1
230.073000000026,-0.1201171875,0.35205078125,0.61865234375,1.7985405096770801,-0.923747433372609,1.1227575371061103,LVG1
230.09300000002602,-0.17822265625,0.35400390625,0.4677734375,0.6310855161174621,-1.132335563489,1.2004459733229298,LVG1
230.113000000026,-0.1748046875,0.33203125,0.3291015625,-0.19901010373349998,-1.4569242353538001,1.37391467336871,LVG1
230.13300000002602,0.0009765625,0.33349609375,0.47509765625,-0.8269029443899959,-1.7900267084478403,1.33666679299078,LVG1
230.15300000002603,0.01123046875,0.251953125,0.67822265625,-1.8432379661306,-2.3732220926508303,1.1248859874134198,LVG1
230.173000000026,-0.05517578125,0.052734375,0.48779296875,-2.02947736802024,-2.9074631197856804,1.07912430580625,LVG1
230.19400000002602,0.056640625,0.115234375,0.43017578125,-1.44841043412456,-3.2735565726430202,1.1014730340330101,LVG1
230.214000000026,0.1689453125,0.32861328125,0.7216796875,-1.80492586059901,-3.7322376138683597,0.9641879892115021,LVG1
230.238000000026,0.19677734375,0.0068359375,0.93115234375,-1.8400452906696299,-4.3377817262981,0.35332275101348604,LVG1
230.25800000002602,0.21435546875,0.0263671875,1.04931640625,-1.10466570949397,-4.36970848090775,-0.023412953380412004,LVG1
230.279000000026,0.26171875,0.14892578125,0.98486328125,-1.01527079658695,-3.9887158758992403,-0.158569547894607,LVG1
230.299000000026,0.3896484375,0.20654296875,1.033203125,-1.57398900225586,-3.58324609235665,-0.21710193134563602,LVG1
230.31900000002602,0.53271484375,-0.28076171875,1.16943359375,-2.14334945946133,-3.18735433519696,-0.354386976167141,LVG1
230.339000000026,0.68896484375,-0.4873046875,1.1923828125,-1.6580627893946103,-2.7031318902839,-0.444846114227823,LVG1
230.363000000026,0.74169921875,-0.48486328125,1.02392578125,-1.34837326968099,-2.4977364356284704,-0.277762765103976,LVG1
230.38400000002602,0.86474609375,-0.5712890625,0.77783203125,-1.17384034448155,-2.56478262030874,-0.130899693899575,LVG1
230.404000000026,0.904296875,-0.43896484375,0.927734375,-0.450167239996098,-2.31043280858518,0.003192675460965,LVG1
230.424000000026,0.96923828125,0.0478515625,1.63232421875,-1.08231698126722,-1.7091455967700602,-0.118128992055714,LVG1
230.44400000002602,0.94189453125,0.2158203125,1.94921875,-1.5920808298679998,-0.966316439518812,-0.323524446711144,LVG1
230.464000000026,0.8115234375,0.1025390625,1.62890625,-1.8166323372892201,-0.39802020746699995,-0.5597824308225721,LVG1
230.48400000002601,0.7900390625,0.005859375,1.31689453125,-1.6601912397019198,0.024477178534067005,-0.7545356339414508,LVG1
230.50400000002602,0.74169921875,0.01708984375,1.0908203125,-1.52184196972676,0.292661917255147,-0.7822054879364829,LVG1
230.524000000026,0.63671875,0.07080078125,0.82470703125,-1.3334741175298102,0.249028685955288,-0.759856759709726,LVG1
230.549000000026,0.62841796875,0.00732421875,0.638671875,-0.9673806646724671,-0.010642251536551002,-0.683232548646561,LVG1
230.56900000002602,0.71337890625,-0.04443359375,0.63916015625,-0.41079090931086,-0.31501064548190305,-0.630021290963807,LVG1
230.590000000026,0.70947265625,0.0458984375,0.60791015625,-0.21710193134563602,-0.527855676212919,-0.597030311200499,LVG1
230.61000000002602,0.74365234375,-0.1103515625,0.6474609375,-0.424625836308377,-0.7715632363999321,-0.623635940041876,LVG1
230.63000000002603,0.8759765625,-0.42138671875,0.80615234375,-0.6002229866614649,-0.9833440419772929,-0.742829157251245,LVG1
230.650000000026,1.048828125,-0.54833984375,0.96533203125,-0.48422244491306105,-0.9429034861384,-0.680039873185596,LVG1
230.67000000002602,1.1064453125,-0.47216796875,0.97265625,-0.334166698247695,-0.553397079900641,-0.393763306852379,LVG1
230.690000000026,1.05322265625,-0.2802734375,0.8447265625,-0.37247880377927794,-0.20433122950177499,-0.130899693899575,LVG1
230.710000000026,1.06591796875,-0.2490234375,0.85986328125,-0.519341874983679,-0.159633773048262,-0.035119430070618,LVG1
230.73000000002602,1.130859375,-0.26318359375,0.884765625,-0.6821683234929059,-0.08833068775337198,-0.09578026382895699,LVG1
230.750000000026,1.1650390625,-0.18896484375,0.80419921875,-0.9524815125212959,0.154312647279986,-0.076624211063166,LVG1
230.77000000002602,1.19677734375,-0.1181640625,0.73828125,-1.26004258192761,0.41611203507913597,0.118128992055714,LVG1
230.791000000026,1.2607421875,-0.23876953125,0.71630859375,-1.36433664698581,0.47570864368382,0.407598233849895,LVG1
230.811000000026,1.20751953125,-0.2431640625,0.6376953125,-1.1248859874134198,0.5257272259056089,0.617250589119946,LVG1
230.83100000002602,1.1689453125,-0.12744140625,0.69677734375,-1.3441163690663702,0.570424682359122,0.8460589971557879,LVG1
230.851000000026,1.18408203125,-0.2314453125,0.64306640625,-1.8400452906696299,0.667269171341735,0.8662792750752341,LVG1
230.875000000026,1.091796875,-0.27001953125,0.54296875,-2.0209635667909898,0.847123222309443,0.6736545222636651,LVG1
230.89600000002602,0.955078125,-0.1474609375,0.53271484375,-2.3498091392704197,1.02484882296984,0.562975106283537,LVG1
230.916000000026,0.86767578125,-0.07958984375,0.4150390625,-3.05326196583642,1.18341837086445,0.512956524061748,LVG1
230.936000000026,0.72314453125,-0.498046875,0.322265625,-3.49810808006425,1.42180480528319,0.508699623447128,LVG1
230.95600000002602,0.4951171875,-0.67919921875,0.28076171875,-2.4211122245652996,1.5825028034850999,0.12983546874592,LVG1
230.976000000026,0.39453125,-0.28076171875,0.421875,-0.94716038675302,1.53141999610966,-0.412919359618171,LVG1
230.99600000002602,0.34228515625,-0.19482421875,0.41943359375,-0.8641508247679242,1.41648367951491,-0.775820137014553,LVG1
231.01700000002603,0.181640625,-0.22607421875,0.365234375,-1.33453834268347,1.30048313776651,-1.1259502125670702,LVG1
231.037000000026,0.14697265625,-0.21533203125,0.36572265625,-1.7964120593697699,1.01314234627964,-1.57398900225586,LVG1
231.061000000026,0.2255859375,-0.31884765625,0.35107421875,-2.07204637416644,0.6257643903491871,-2.04650497047872,LVG1
231.08100000002602,0.1982421875,-0.44482421875,0.31787109375,-1.99542216310327,0.4991215970642321,-2.22955169690739,LVG1
231.102000000026,0.2021484375,-0.42138671875,0.31201171875,-1.96136695818631,0.324588671864799,-2.42643335033358,LVG1
231.12200000002602,0.232421875,-0.513671875,0.3427734375,-2.1742119889173304,0.13834926997516,-2.5349843160064,LVG1
231.14200000002603,0.3349609375,-0.5185546875,0.3896484375,-2.22529479629277,-0.123450117823989,-2.64247105652556,LVG1
231.162000000026,0.36474609375,-0.4775390625,0.3095703125,-2.38386434418738,-0.303304168791697,-2.72548061851066,LVG1
231.18200000002602,0.478515625,-0.625,0.2021484375,-2.5615899448477797,-0.46825906760823494,-2.70206766513025,LVG1
231.202000000026,0.556640625,-0.732421875,0.208984375,-2.26573535213166,-0.456552590918029,-2.67865471174983,LVG1
231.22200000002601,0.71875,-0.6826171875,0.2275390625,-1.6133653329411,-0.504442722832507,-2.7648569491959,LVG1
231.24700000002602,0.84375,-0.5830078125,0.22802734375,-1.1014730340330101,-0.488479345527681,-2.84148116025906,LVG1
231.26700000002603,0.87060546875,-0.5322265625,0.21923828125,-0.909912506375093,-0.43313963753761703,-2.82232510749327,LVG1
231.287000000026,0.8994140625,-0.54052734375,0.24365234375,-0.858829698999649,-0.4427176639205129,-2.7350586448935497,LVG1
231.30700000002602,1.08447265625,-0.5419921875,0.28955078125,-0.7896550640120691,-0.576810033281053,-2.60628740130129,LVG1
231.328000000026,1.2080078125,-0.51171875,0.20849609375,-0.803489991009585,-0.548075954132366,-2.48390150863095,LVG1
231.352000000026,1.20361328125,-0.44091796875,0.1953125,-1.1036014843403201,-0.46932329276189,-2.3029832325095896,LVG1
231.37200000002602,1.275390625,-0.4677734375,0.27978515625,-1.4026487525173899,-0.584259609356638,-2.0816244005493303,LVG1
231.39200000002603,1.41357421875,-0.5244140625,0.32080078125,-1.4931078905780801,-0.584259609356638,-1.82408191336481,LVG1
231.41300000002602,1.37158203125,-0.52734375,0.27783203125,-1.45479578504649,-0.373543028932933,-1.5165208439584899,LVG1
231.43300000002603,1.1591796875,-0.419921875,0.18115234375,-1.3888138255198799,-0.273505864489355,-1.11637218618418,LVG1
231.453000000026,1.14013671875,-0.35595703125,0.1806640625,-1.19086794694003,-0.33097402278673,-0.689617899568491,LVG1
231.47300000002602,1.1259765625,-0.255859375,0.2548828125,-0.974830240748052,-0.356515426474451,-0.324588671864799,LVG1
231.49300000002603,1.06982421875,-0.19482421875,0.31396484375,-1.0610324781941098,-0.34480894978424603,-0.022348728226757004,LVG1
231.513000000026,1.01904296875,-0.251953125,0.275390625,-1.12169331195245,-0.37035035347196704,0.178789825814053,LVG1
231.53300000002602,1.03369140625,-0.3408203125,0.248046875,-0.8354167456192372,-0.37247880377927794,0.328845572479419,LVG1
231.55800000002603,1.01318359375,-0.23095703125,0.23583984375,-0.36928612831831203,-0.354386976167141,0.42036893569375605,LVG1
231.578000000026,1.033203125,-0.224609375,0.2451171875,0.171340249738468,-0.428882736922997,0.479965544298441,LVG1
231.59800000002602,1.06591796875,-0.236328125,0.2646484375,0.799233090394964,-0.46293794183995896,0.49592892160326707,LVG1
231.61800000002603,1.064453125,-0.1806640625,0.24267578125,1.09828035857204,-0.37035035347196704,0.519341874983679,LVG1
231.63900000002602,1.056640625,-0.048828125,0.234375,1.11850063649149,-0.264992063260115,0.573617357820088,LVG1
231.65900000002603,1.05029296875,0.037109375,0.25244140625,0.863086599614269,-0.20326700434811998,0.614057913658981,LVG1
231.679000000026,1.052734375,-0.0146484375,0.23828125,0.457616816071684,-0.173468700045778,0.6055441124297399,LVG1
231.703000000026,1.0185546875,-0.08935546875,0.20751953125,0.18304672642867398,-0.130899693899575,0.48209399460575103,LVG1
231.72400000002602,0.98681640625,-0.1708984375,0.162109375,0.242643335033358,-0.13622081966785002,0.384185280469484,LVG1
231.744000000026,0.994140625,-0.20068359375,0.16357421875,0.584259609356638,-0.152184196972676,0.295854592716112,LVG1
231.76400000002602,1.009765625,-0.166015625,0.19189453125,0.847123222309443,-0.10855096567281801,0.241579109879703,LVG1
231.78400000002603,0.97314453125,-0.138671875,0.20703125,0.8992702548385421,-0.079816886524131,0.21178080557736104,LVG1
231.804000000026,0.95703125,-0.1015625,0.2158203125,0.792847739473034,-0.057468158297374,0.17666137550674302,LVG1
231.82400000002602,0.9580078125,-0.10498046875,0.22265625,0.570424682359122,-0.031926754609652,0.13834926997516,LVG1
231.84400000002603,1.00244140625,-0.111328125,0.2109375,0.332038247940385,0.028734079148687,0.118128992055714,LVG1
231.869000000026,1.0283203125,-0.12841796875,0.169921875,0.065981959526615,0.14047772028247002,0.13409236936053998,LVG1
231.88900000002602,1.01806640625,-0.14501953125,0.158203125,-0.13834926997516,0.21071658042370603,0.150055746665366,LVG1
231.90900000002603,1.0029296875,-0.162109375,0.150390625,-0.26605628841377,0.22135883196025602,0.158569547894607,LVG1
231.930000000026,0.9970703125,-0.1728515625,0.1474609375,-0.313946420328248,0.18304672642867398,0.160697998201917,LVG1
231.95000000002602,0.98828125,-0.18115234375,0.1435546875,-0.32565289701845396,0.143670395743436,0.13622081966785002,LVG1
231.970000000026,0.9697265625,-0.19873046875,0.12646484375,-0.29904726817707694,0.118128992055714,0.080881111677786,LVG1
231.99000000002601,0.96875,-0.23095703125,0.12060546875,-0.17240447489212302,0.08833068775337198,0.022348728226757004,LVG1
232.01000000002603,0.96923828125,-0.2177734375,0.14501953125,0.050018582221788996,0.08513801229240599,-0.028734079148687,LVG1
232.030000000026,0.96435546875,-0.17578125,0.1591796875,0.177725600660398,0.078752661370476,-0.051082807375443996,LVG1
232.05000000002602,0.966796875,-0.1650390625,0.16845703125,0.145798846050746,0.053211257682754004,-0.06385350921930501,LVG1
232.07000000002603,0.984375,-0.18701171875,0.16357421875,0.0,0.019156052765792,-0.075559985909511,LVG1
232.090000000026,1.0009765625,-0.22119140625,0.15673828125,-0.09471603867530198,0.003192675460965,-0.084073787138751,LVG1
232.11000000002602,0.98779296875,-0.23974609375,0.142578125,-0.10855096567281801,0.017027602458481002,-0.077688436216821,Null
232.131000000026,0.98291015625,-0.2255859375,0.1337890625,-0.074495760755856,0.012770701843860999,-0.06811040983392501,Null
232.15100000002602,0.986328125,-0.21728515625,0.1533203125,-0.026605628841377002,-0.003192675460965,-0.072367310448545,Null
232.17100000002603,0.984375,-0.22998046875,0.17138671875,-0.022348728226757004,-0.024477178534067005,-0.07343153560220099,Null
232.19500000002603,0.96923828125,-0.2373046875,0.1640625,-0.040440555838893,-0.043633231299858,-0.079816886524131,Null
232.215000000026,0.9619140625,-0.2392578125,0.15576171875,-0.045761681607168,-0.065981959526615,-0.074495760755856,Null
232.23600000002602,0.96484375,-0.22607421875,0.15576171875,-0.020220277919447,-0.08513801229240599,-0.06491773437296,Null
232.256000000026,0.97216796875,-0.22314453125,0.16357421875,-0.011706476690206002,-0.09684448898261201,-0.05959660860468499,Null
232.27600000002602,0.99072265625,-0.2294921875,0.16943359375,-0.019156052765792,-0.10322983990454301,-0.06491773437296,Null
232.30000000002602,0.9912109375,-0.2275390625,0.16796875,-0.025541403687721998,-0.09258758836799198,-0.077688436216821,Null
232.32000000002603,0.98388671875,-0.22119140625,0.1689453125,-0.018091827612136003,-0.09578026382895699,-0.084073787138751,Null
232.341000000026,0.990234375,-0.22705078125,0.18115234375,0.003192675460965,-0.10322983990454301,-0.097908714136267,Null
232.36100000002602,0.99609375,-0.23095703125,0.18408203125,0.036183655224273,-0.09578026382895699,-0.10855096567281801,Null
232.381000000026,0.98779296875,-0.21826171875,0.18212890625,0.04895435706813401,-0.079816886524131,-0.10961519082647302,Null
232.40100000002602,0.98583984375,-0.20458984375,0.1875,0.04150478099254799,-0.06917463498758,-0.10429406505819801,Null
232.42000000002602,0.99267578125,-0.21240234375,0.1806640625,0.013834926997516001,-0.061725058911995,-0.09045913806068198,Null
232.441000000026,0.9951171875,-0.21435546875,0.181640625,0.0,-0.051082807375443996,-0.084073787138751,Null
232.46100000002602,0.99462890625,-0.21728515625,0.1884765625,0.011706476690206002,-0.043633231299858,-0.08194533683144099,Null
232.48100000002603,0.9990234375,-0.205078125,0.18603515625,0.025541403687721998,-0.039376330685238,-0.076624211063166,Null
232.501000000026,0.9970703125,-0.20849609375,0.171875,-0.00425690061462,-0.028734079148687,-0.072367310448545,Null
232.52100000002602,0.99609375,-0.2177734375,0.1689453125,-0.008513801229241,-0.020220277919447,-0.06066083375833999,Null
232.541000000026,0.9853515625,-0.22412109375,0.17138671875,0.022348728226757004,-0.007449576075585999,-0.042569006146202994,Null
232.56200000002602,0.9814453125,-0.2177734375,0.169921875,0.04682590676082401,-0.008513801229241,-0.019156052765792,Null
232.58600000002602,0.9892578125,-0.20361328125,0.16943359375,0.07130308529489,-0.019156052765792,-0.003192675460965,Null
232.60600000002603,0.99365234375,-0.19970703125,0.16357421875,0.055339707990064005,-0.013834926997516001,0.00212845030731,Null
232.626000000026,0.9951171875,-0.2001953125,0.162109375,0.013834926997516001,0.00212845030731,-0.001064225153655,Null
232.64700000002603,0.9892578125,-0.19921875,0.16162109375,-0.023412953380412004,0.015963377304826,-0.008513801229241,Null
232.667000000026,0.98681640625,-0.203125,0.15966796875,-0.030862529455997004,0.012770701843860999,-0.015963377304826,Null
232.68700000002602,0.990234375,-0.203125,0.15673828125,-0.005321125768275,-0.00212845030731,-0.019156052765792,Null
232.70600000002602,0.994140625,-0.2001953125,0.15673828125,0.009578026382896,-0.014899152151171002,-0.023412953380412004,Null
232.73100000002603,0.9912109375,-0.20458984375,0.15283203125,0.010642251536551002,-0.018091827612136003,-0.020220277919447,Null
232.75200000002602,0.98974609375,-0.1982421875,0.15283203125,0.015963377304826,-0.020220277919447,-0.011706476690206002,Null
232.77200000002603,0.9912109375,-0.18798828125,0.15380859375,-0.00212845030731,-0.025541403687721998,0.003192675460965,Null
232.792000000026,0.99609375,-0.185546875,0.1533203125,-0.022348728226757004,-0.028734079148687,0.010642251536551002,Null
232.81200000002602,0.9970703125,-0.181640625,0.15087890625,-0.039376330685238,-0.024477178534067005,0.003192675460965,Null
232.83200000002603,0.990234375,-0.1904296875,0.14892578125,-0.029798304302342003,-0.023412953380412004,-0.00425690061462,Null
232.85300000002601,0.98876953125,-0.19580078125,0.15234375,0.011706476690206002,-0.030862529455997004,-0.00638535092193,Null
232.87300000002602,0.99560546875,-0.189453125,0.15869140625,0.039376330685238,-0.04150478099254799,-0.00212845030731,Null
232.893000000026,1.00634765625,-0.1806640625,0.16015625,0.028734079148687,-0.037247880377928,0.005321125768275,Null
232.917000000026,1.0107421875,-0.1826171875,0.1572265625,0.012770701843860999,-0.025541403687721998,0.001064225153655,Null
232.93700000002602,1.0078125,-0.185546875,0.1689453125,0.008513801229241,-0.00638535092193,-0.011706476690206002,Null
232.958000000026,1.00341796875,-0.18115234375,0.17724609375,0.0,0.007449576075585999,-0.013834926997516001,Null
232.97800000002601,0.99267578125,-0.185546875,0.17724609375,-0.024477178534067005,0.021284503073102003,-0.008513801229241,Null
232.99800000002602,0.98388671875,-0.18896484375,0.17138671875,-0.030862529455997004,0.023412953380412004,-0.005321125768275,Null
233.018000000026,0.98388671875,-0.18505859375,0.17138671875,-0.024477178534067005,0.020220277919447,-0.00425690061462,Null
233.03800000002602,0.98779296875,-0.1875,0.171875,-0.022348728226757004,0.022348728226757004,-0.001064225153655,Null
233.05800000002603,0.9912109375,-0.181640625,0.1650390625,-0.026605628841377002,0.034055204916963,-0.003192675460965,Null
233.078000000026,0.994140625,-0.18603515625,0.15966796875,-0.042569006146202994,0.04682590676082401,-0.009578026382896,Null
233.09800000002602,0.9921875,-0.193359375,0.15673828125,-0.04895435706813401,0.055339707990064005,-0.012770701843860999,Null
233.11800000002603,0.99267578125,-0.19384765625,0.15869140625,-0.045761681607168,0.053211257682754004,-0.020220277919447,Null
233.138000000026,0.99609375,-0.19970703125,0.16064453125,-0.040440555838893,0.04150478099254799,-0.026605628841377002,Null
233.15800000002602,0.99169921875,-0.1982421875,0.1611328125,-0.028734079148687,0.030862529455997004,-0.030862529455997004,Null
233.179000000026,0.982421875,-0.1953125,0.1572265625,-0.025541403687721998,0.025541403687721998,-0.031926754609652,Null
233.203000000026,0.98095703125,-0.1953125,0.15673828125,-0.026605628841377002,0.019156052765792,-0.028734079148687,Null
233.223000000027,0.9853515625,-0.20166015625,0.158203125,-0.022348728226757004,0.012770701843860999,-0.026605628841377002,Null
233.243000000027,0.98828125,-0.203125,0.1533203125,-0.014899152151171002,0.012770701843860999,-0.029798304302342003,Null
233.264000000027,0.9892578125,-0.205078125,0.154296875,-0.00212845030731,0.010642251536551002,-0.030862529455997004,Null
233.28400000002702,0.9912109375,-0.19775390625,0.15966796875,0.00638535092193,0.003192675460965,-0.029798304302342003,Null
233.30800000002603,0.9951171875,-0.197265625,0.15771484375,-0.019156052765792,-0.009578026382896,-0.026605628841377002,Null
233.328000000027,0.98876953125,-0.20703125,0.16015625,-0.026605628841377002,-0.009578026382896,-0.024477178534067005,Null
233.34900000002602,0.9814453125,-0.20361328125,0.1630859375,-0.008513801229241,-0.011706476690206002,-0.020220277919447,Null
233.369000000027,0.98291015625,-0.1904296875,0.16015625,-0.00425690061462,-0.013834926997516001,-0.00638535092193,Null
233.389000000027,0.99267578125,-0.19287109375,0.16015625,-0.017027602458481002,-0.014899152151171002,0.003192675460965,Null
233.40900000002702,0.99755859375,-0.1982421875,0.1640625,-0.022348728226757004,-0.009578026382896,0.00212845030731,Null
233.429000000027,0.99951171875,-0.20166015625,0.1728515625,-0.001064225153655,-0.010642251536551002,0.0,Null
233.449000000027,0.99267578125,-0.19921875,0.17333984375,0.012770701843860999,-0.011706476690206002,0.007449576075585999,Null
233.470000000027,0.98388671875,-0.19287109375,0.166015625,0.012770701843860999,-0.011706476690206002,0.013834926997516001,Null
233.494000000027,0.9892578125,-0.18359375,0.166015625,0.005321125768275,-0.012770701843860999,0.018091827612136003,Null
233.514000000027,0.99658203125,-0.18212890625,0.1708984375,-0.020220277919447,-0.00212845030731,0.020220277919447,Null
233.53400000002702,0.9873046875,-0.19091796875,0.16748046875,-0.04150478099254799,0.013834926997516001,0.017027602458481002,Null
233.555000000027,0.982421875,-0.19970703125,0.16845703125,-0.024477178534067005,0.012770701843860999,0.008513801229241,Null
233.57500000002702,0.9892578125,-0.19140625,0.16845703125,0.010642251536551002,-0.00212845030731,0.00425690061462,Null
233.595000000027,1.0,-0.1845703125,0.16552734375,0.018091827612136003,-0.009578026382896,0.001064225153655,Null
233.619000000027,0.99755859375,-0.185546875,0.1640625,-0.00638535092193,0.001064225153655,-0.011706476690206002,Null
233.639000000027,0.99267578125,-0.189453125,0.16259765625,-0.022348728226757004,0.012770701843860999,-0.015963377304826,Null
233.660000000027,0.98095703125,-0.19677734375,0.15966796875,-0.008513801229241,0.00638535092193,-0.014899152151171002,Null
233.680000000027,0.98681640625,-0.1943359375,0.16162109375,0.010642251536551002,-0.00638535092193,-0.013834926997516001,Null
233.70000000002702,0.99169921875,-0.1923828125,0.15966796875,0.015963377304826,-0.00638535092193,-0.018091827612136003,Null
233.720000000027,0.98681640625,-0.18994140625,0.1552734375,0.00212845030731,0.003192675460965,-0.024477178534067005,Null
233.740000000027,0.99072265625,-0.19775390625,0.1572265625,-0.011706476690206002,0.005321125768275,-0.029798304302342003,Null
233.761000000027,0.9912109375,-0.20654296875,0.1572265625,-0.009578026382896,0.003192675460965,-0.023412953380412004,Null
233.781000000027,0.99755859375,-0.20556640625,0.1552734375,-0.00212845030731,-0.00638535092193,-0.013834926997516001,Null
233.80100000002702,0.9970703125,-0.2041015625,0.1533203125,0.0,-0.009578026382896,0.001064225153655,Null
233.821000000027,0.9892578125,-0.20263671875,0.15283203125,-0.00212845030731,-0.007449576075585999,0.017027602458481002,Null
233.841000000027,0.9833984375,-0.1953125,0.15478515625,-0.005321125768275,-0.00212845030731,0.028734079148687,Null
233.862000000027,0.98974609375,-0.193359375,0.154296875,-0.017027602458481002,-0.00425690061462,0.034055204916963,Null
233.882000000027,0.99853515625,-0.19580078125,0.154296875,-0.026605628841377002,-0.00638535092193,0.025541403687721998,Null
233.90200000002702,0.994140625,-0.20068359375,0.15771484375,-0.026605628841377002,-0.00425690061462,0.013834926997516001,Null
233.92100000002702,0.9853515625,-0.20458984375,0.15771484375,-0.00638535092193,-0.010642251536551002,0.011706476690206002,Null
233.946000000027,0.986328125,-0.2021484375,0.1591796875,0.019156052765792,-0.023412953380412004,0.017027602458481002,Null
233.967000000027,0.990234375,-0.19970703125,0.16064453125,0.032990979763308,-0.024477178534067005,0.022348728226757004,Null
233.987000000027,0.9921875,-0.19775390625,0.16455078125,0.023412953380412004,-0.014899152151171002,0.031926754609652,Null
234.007000000027,0.990234375,-0.20556640625,0.16455078125,0.003192675460965,-0.00638535092193,0.043633231299858,Null
234.02700000002702,1.0068359375,-0.21337890625,0.16845703125,0.008513801229241,-0.011706476690206002,0.055339707990064005,Null
234.047000000027,1.02783203125,-0.208984375,0.17041015625,0.031926754609652,-0.011706476690206002,0.061725058911995,Null
234.067000000027,1.01220703125,-0.20556640625,0.1689453125,0.034055204916963,0.017027602458481002,0.065981959526615,Null
234.08700000002702,0.98876953125,-0.1923828125,0.17138671875,0.018091827612136003,0.035119430070618,0.07023886014123501,Null
234.107000000027,0.97998046875,-0.1884765625,0.1708984375,-0.024477178534067005,0.035119430070618,0.077688436216821,Null
234.127000000027,0.98095703125,-0.19775390625,0.16845703125,-0.043633231299858,0.027669853995032002,0.078752661370476,Null
234.14700000002702,0.98046875,-0.20556640625,0.1630859375,-0.027669853995032002,0.029798304302342003,0.065981959526615,Null
234.167000000027,0.97607421875,-0.208984375,0.15673828125,0.008513801229241,0.034055204916963,0.04895435706813401,Null
234.187000000027,0.9736328125,-0.20458984375,0.1533203125,0.044697456453513,0.035119430070618,0.036183655224273,Null
234.207000000027,0.97509765625,-0.2041015625,0.15625,0.055339707990064005,0.025541403687721998,0.027669853995032002,Null
234.227000000027,0.9833984375,-0.20458984375,0.15771484375,0.04150478099254799,0.017027602458481002,0.021284503073102003,Null
234.24700000002701,0.9892578125,-0.2109375,0.1552734375,0.013834926997516001,0.009578026382896,0.017027602458481002,Null
234.267000000027,0.98876953125,-0.22021484375,0.1494140625,-0.00212845030731,0.00638535092193,0.014899152151171002,Null
234.288000000027,0.98974609375,-0.22412109375,0.15087890625,0.0,-0.00425690061462,0.017027602458481002,Null
234.30800000002702,0.99169921875,-0.224609375,0.15283203125,0.008513801229241,-0.018091827612136003,0.028734079148687,Null
234.332000000027,0.9951171875,-0.2216796875,0.15087890625,0.020220277919447,-0.040440555838893,0.052147032529099004,Null
234.352000000027,0.998046875,-0.22412109375,0.1484375,0.023412953380412004,-0.04682590676082401,0.06278928406565,Null
234.37300000002702,0.9912109375,-0.22119140625,0.1533203125,0.032990979763308,-0.055339707990064005,0.06917463498758,Null
234.393000000027,0.994140625,-0.208984375,0.16064453125,0.027669853995032002,-0.06491773437296,0.06811040983392501,Null
234.413000000027,0.99609375,-0.20556640625,0.1650390625,0.017027602458481002,-0.058532383451029006,0.057468158297374,Null
234.43300000002702,0.9833984375,-0.2060546875,0.16259765625,0.015963377304826,-0.054275482836409004,0.052147032529099004,Null
234.457000000027,0.9794921875,-0.2060546875,0.16064453125,0.013834926997516001,-0.055339707990064005,0.037247880377928,Null
234.478000000027,0.98095703125,-0.20751953125,0.1611328125,0.00638535092193,-0.053211257682754004,0.030862529455997004,Null
234.49800000002702,0.98193359375,-0.20654296875,0.15966796875,0.003192675460965,-0.043633231299858,0.024477178534067005,Null
234.518000000027,0.98388671875,-0.205078125,0.16259765625,0.014899152151171002,-0.030862529455997004,0.019156052765792,Null
234.538000000027,0.98828125,-0.201171875,0.1630859375,0.024477178534067005,-0.023412953380412004,0.011706476690206002,Null
234.55800000002702,0.994140625,-0.20166015625,0.162109375,0.015963377304826,-0.018091827612136003,-0.00212845030731,Null
234.578000000027,1.0,-0.20703125,0.162109375,0.003192675460965,-0.014899152151171002,-0.015963377304826,Null
234.598000000027,0.99853515625,-0.21240234375,0.162109375,-0.00638535092193,-0.010642251536551002,-0.024477178534067005,Null
234.618000000027,0.98974609375,-0.2138671875,0.15771484375,-0.007449576075585999,-0.00425690061462,-0.024477178534067005,Null
234.638000000027,0.98388671875,-0.2138671875,0.154296875,-0.00425690061462,-0.00212845030731,-0.017027602458481002,Null
234.65800000002702,0.98876953125,-0.2109375,0.1533203125,-0.010642251536551002,-0.00212845030731,-0.010642251536551002,Null
234.678000000027,0.9951171875,-0.2080078125,0.15234375,-0.028734079148687,0.001064225153655,-0.00638535092193,Null
234.698000000027,0.99755859375,-0.212890625,0.14990234375,-0.042569006146202994,0.008513801229241,-0.007449576075585999,Null
234.71800000002702,0.98828125,-0.21435546875,0.14990234375,-0.042569006146202994,0.019156052765792,-0.017027602458481002,Null
234.738000000027,0.9833984375,-0.2177734375,0.1494140625,-0.042569006146202994,0.017027602458481002,-0.022348728226757004,Null
234.758000000027,0.98876953125,-0.2197265625,0.15087890625,-0.039376330685238,0.008513801229241,-0.020220277919447,Null
234.77800000002702,0.98779296875,-0.21484375,0.150390625,-0.038312105531583,0.007449576075585999,-0.009578026382896,Null
234.799000000027,0.9892578125,-0.21142578125,0.14892578125,-0.053211257682754004,0.007449576075585999,-0.00425690061462,Null
234.823000000027,0.9931640625,-0.2158203125,0.1484375,-0.06811040983392501,0.00638535092193,-0.005321125768275,Null
234.84300000002702,0.9921875,-0.2216796875,0.1513671875,-0.061725058911995,0.00638535092193,-0.012770701843860999,Null
234.863000000027,0.99072265625,-0.22265625,0.1552734375,-0.036183655224273,0.001064225153655,-0.021284503073102003,Null
234.883000000027,0.98876953125,-0.2197265625,0.1552734375,-0.022348728226757004,-0.00212845030731,-0.022348728226757004,Null
234.904000000027,0.98681640625,-0.2197265625,0.158203125,-0.025541403687721998,-0.00425690061462,-0.017027602458481002,Null
234.924000000027,0.99169921875,-0.21728515625,0.16064453125,-0.039376330685238,0.0,-0.011706476690206002,Null
234.94400000002702,0.99462890625,-0.21923828125,0.16064453125,-0.058532383451029006,0.011706476690206002,-0.007449576075585999,Null
234.964000000027,0.98876953125,-0.22412109375,0.15869140625,-0.06811040983392501,0.021284503073102003,-0.003192675460965,Null
234.984000000027,0.99072265625,-0.22021484375,0.15966796875,-0.054275482836409004,0.020220277919447,0.00212845030731,Null
235.005000000027,0.99853515625,-0.21826171875,0.1591796875,-0.043633231299858,0.019156052765792,0.0,Null
235.025000000027,0.99560546875,-0.2197265625,0.15771484375,-0.04150478099254799,0.023412953380412004,-0.007449576075585999,Null
235.049000000027,0.9931640625,-0.22265625,0.16064453125,-0.030862529455997004,0.027669853995032002,-0.014899152151171002,Null
235.06900000002702,0.986328125,-0.22314453125,0.15869140625,-0.014899152151171002,0.026605628841377002,-0.010642251536551002,Null
235.089000000027,0.98583984375,-0.22216796875,0.1552734375,-0.005321125768275,0.020220277919447,-0.00638535092193,Null
235.11000000002701,0.994140625,-0.2265625,0.15673828125,0.010642251536551002,0.018091827612136003,-0.009578026382896,Null
235.130000000027,1.0009765625,-0.2255859375,0.158203125,0.036183655224273,0.021284503073102003,-0.019156052765792,Null
235.150000000027,0.99658203125,-0.228515625,0.16357421875,0.050018582221788996,0.022348728226757004,-0.029798304302342003,Null
235.169000000027,0.9921875,-0.2275390625,0.16357421875,0.058532383451029006,0.020220277919447,-0.037247880377928,Null
235.18900000002702,0.99658203125,-0.22412109375,0.166015625,0.058532383451029006,0.014899152151171002,-0.039376330685238,Null
235.210000000027,1.00537109375,-0.228515625,0.1689453125,0.056403933143719005,0.021284503073102003,-0.035119430070618,Null
235.23000000002702,0.99951171875,-0.22900390625,0.17041015625,0.052147032529099004,0.035119430070618,-0.030862529455997004,Null
235.250000000027,0.99072265625,-0.2255859375,0.1728515625,0.045761681607168,0.04150478099254799,-0.015963377304826,Null
235.270000000027,0.98681640625,-0.21875,0.17041015625,0.027669853995032002,0.052147032529099004,0.008513801229241,Null
235.29000000002702,0.9921875,-0.21337890625,0.16552734375,-0.001064225153655,0.05959660860468499,0.025541403687721998,Null
235.310000000027,0.9951171875,-0.21240234375,0.17041015625,-0.020220277919447,0.07023886014123501,0.029798304302342003,Null
235.330000000027,0.9931640625,-0.20947265625,0.1669921875,-0.018091827612136003,0.075559985909511,0.029798304302342003,Null
235.350000000027,0.99267578125,-0.20849609375,0.1630859375,-0.005321125768275,0.076624211063166,0.023412953380412004,Null
235.370000000027,0.982421875,-0.20654296875,0.166015625,0.010642251536551002,0.077688436216821,0.015963377304826,Null
235.39000000002702,0.97705078125,-0.20068359375,0.16650390625,0.008513801229241,0.07023886014123501,0.011706476690206002,Null
235.410000000027,0.98486328125,-0.2001953125,0.16650390625,-0.001064225153655,0.06385350921930501,0.012770701843860999,Null
235.431000000027,0.9892578125,-0.203125,0.16796875,0.0,0.06385350921930501,0.013834926997516001,Null
235.455000000027,0.98291015625,-0.20166015625,0.1630859375,0.012770701843860999,0.06278928406565,0.009578026382896,Null
235.475000000027,0.982421875,-0.20166015625,0.1669921875,0.027669853995032002,0.057468158297374,-0.00212845030731,Null
235.495000000027,0.98193359375,-0.19970703125,0.16845703125,0.030862529455997004,0.052147032529099004,-0.011706476690206002,Null
235.51600000002702,0.98193359375,-0.205078125,0.16748046875,0.026605628841377002,0.04789013191447901,-0.018091827612136003,Null
235.536000000027,0.9765625,-0.208984375,0.16552734375,0.035119430070618,0.045761681607168,-0.018091827612136003,Null
235.556000000027,0.97705078125,-0.20361328125,0.16552734375,0.050018582221788996,0.038312105531583,-0.020220277919447,Null
235.580000000027,0.982421875,-0.20556640625,0.1669921875,0.053211257682754004,0.028734079148687,-0.025541403687721998,Null
235.600000000027,0.9833984375,-0.2080078125,0.16748046875,0.05959660860468499,0.025541403687721998,-0.037247880377928,Null
235.621000000027,0.9814453125,-0.21044921875,0.16796875,0.07130308529489,0.021284503073102003,-0.050018582221788996,Null
235.64100000002702,0.98486328125,-0.2119140625,0.16943359375,0.079816886524131,0.013834926997516001,-0.057468158297374,Null
235.661000000027,0.98828125,-0.21337890625,0.173828125,0.080881111677786,0.008513801229241,-0.056403933143719005,Null
235.685000000027,0.98583984375,-0.2177734375,0.173828125,0.07343153560220099,0.012770701843860999,-0.051082807375443996,Null
235.70600000002702,0.98291015625,-0.220703125,0.17529296875,0.074495760755856,0.011706476690206002,-0.037247880377928,Null
235.726000000027,0.98583984375,-0.21826171875,0.1826171875,0.079816886524131,0.005321125768275,-0.020220277919447,Null
235.746000000027,0.984375,-0.21240234375,0.18798828125,0.08300956198509599,0.00212845030731,-0.005321125768275,Null
235.76600000002702,0.986328125,-0.2099609375,0.1875,0.084073787138751,-0.00212845030731,-0.00212845030731,Null
235.786000000027,0.98828125,-0.2138671875,0.1845703125,0.077688436216821,0.001064225153655,-0.00212845030731,Null
235.806000000027,0.9931640625,-0.212890625,0.173828125,0.084073787138751,0.012770701843860999,-0.001064225153655,Null
235.827000000027,0.9921875,-0.21484375,0.1796875,0.09365181352164699,0.029798304302342003,0.001064225153655,Null
235.847000000027,0.98193359375,-0.20361328125,0.203125,0.133028144206885,0.04150478099254799,0.001064225153655,Null
235.86700000002702,0.982421875,-0.19482421875,0.21533203125,0.14047772028247002,0.038312105531583,0.001064225153655,Null
235.89100000002702,0.9814453125,-0.19775390625,0.19970703125,0.10535829021185301,0.028734079148687,0.003192675460965,Null
235.912000000027,0.984375,-0.2041015625,0.1953125,0.09897293928992199,0.019156052765792,0.003192675460965,Null
235.93200000002702,0.98779296875,-0.20263671875,0.19970703125,0.13196391905323,0.019156052765792,-0.00638535092193,Null
235.952000000027,0.99365234375,-0.1982421875,0.21728515625,0.171340249738468,0.018091827612136003,-0.018091827612136003,Null
235.972000000027,0.9853515625,-0.19189453125,0.216796875,0.156441097587297,0.027669853995032002,-0.026605628841377002,Null
235.99200000002702,0.97802734375,-0.18896484375,0.2001953125,0.10003716444357699,0.022348728226757004,-0.023412953380412004,Null
236.012000000027,0.97998046875,-0.20556640625,0.18896484375,0.06066083375833999,0.018091827612136003,-0.013834926997516001,Null
236.03300000002702,0.982421875,-0.19921875,0.19873046875,0.09045913806068198,0.020220277919447,-0.007449576075585999,Null
236.053000000027,0.982421875,-0.193359375,0.19921875,0.09258758836799198,0.023412953380412004,-0.003192675460965,Null
236.077000000027,0.98291015625,-0.193359375,0.189453125,0.061725058911995,0.018091827612136003,-0.001064225153655,Null
236.097000000027,0.98583984375,-0.19384765625,0.18798828125,0.05959660860468499,0.013834926997516001,-0.00212845030731,Null
236.118000000027,0.98193359375,-0.19775390625,0.1923828125,0.058532383451029006,0.013834926997516001,-0.00425690061462,Null
236.138000000027,0.98095703125,-0.1943359375,0.1943359375,0.056403933143719005,0.013834926997516001,-0.003192675460965,Null
236.15800000002702,0.978515625,-0.18603515625,0.185546875,0.035119430070618,0.020220277919447,0.00638535092193,Null
236.178000000027,0.9775390625,-0.18603515625,0.18505859375,-0.003192675460965,0.027669853995032002,0.017027602458481002,Null
236.198000000027,0.9755859375,-0.19580078125,0.189453125,-0.017027602458481002,0.031926754609652,0.029798304302342003,Null
236.21800000002702,0.96923828125,-0.1943359375,0.18896484375,-0.013834926997516001,0.025541403687721998,0.037247880377928,Null
236.238000000027,0.97998046875,-0.1953125,0.18310546875,0.001064225153655,0.009578026382896,0.032990979763308,Null
236.258000000027,0.98974609375,-0.19580078125,0.1875,0.018091827612136003,0.005321125768275,0.022348728226757004,Null
236.27800000002702,0.98681640625,-0.19775390625,0.1943359375,0.013834926997516001,0.003192675460965,0.015963377304826,Null
236.298000000027,0.98291015625,-0.197265625,0.19140625,0.0,0.001064225153655,0.014899152151171002,Null
236.31900000002702,0.978515625,-0.19775390625,0.1943359375,-0.008513801229241,-0.00425690061462,0.021284503073102003,Null
236.339000000027,0.974609375,-0.20166015625,0.1904296875,-0.005321125768275,0.0,0.031926754609652,Null
236.359000000027,0.97119140625,-0.19921875,0.18603515625,0.00638535092193,-0.001064225153655,0.038312105531583,Null
236.37900000002702,0.9716796875,-0.20166015625,0.19140625,0.026605628841377002,-0.009578026382896,0.040440555838893,Null
236.40300000002702,0.9736328125,-0.19580078125,0.1953125,0.035119430070618,-0.018091827612136003,0.035119430070618,Null
236.424000000027,0.978515625,-0.197265625,0.1865234375,0.026605628841377002,-0.024477178534067005,0.026605628841377002,Null
236.44500000002702,0.97607421875,-0.20068359375,0.1826171875,0.015963377304826,-0.031926754609652,0.023412953380412004,Null
236.469000000027,0.9775390625,-0.203125,0.18408203125,0.00638535092193,-0.04150478099254799,0.027669853995032002,Null
236.489000000027,0.97314453125,-0.20751953125,0.18505859375,0.012770701843860999,-0.043633231299858,0.034055204916963,Null
236.50900000002702,0.96875,-0.20458984375,0.18310546875,0.009578026382896,-0.04682590676082401,0.045761681607168,Null
236.530000000027,0.96923828125,-0.20263671875,0.1845703125,-0.003192675460965,-0.056403933143719005,0.058532383451029006,Null
236.550000000027,0.97705078125,-0.19775390625,0.1865234375,-0.022348728226757004,-0.06491773437296,0.06811040983392501,Null
236.57000000002702,0.9833984375,-0.197265625,0.18115234375,-0.050018582221788996,-0.06811040983392501,0.06704618468026999,Null
236.590000000027,0.98681640625,-0.2060546875,0.17919921875,-0.038312105531583,-0.07343153560220099,0.056403933143719005,Null
236.614000000027,0.98291015625,-0.20556640625,0.18115234375,-0.003192675460965,-0.08300956198509599,0.040440555838893,Null
236.63500000002702,0.98583984375,-0.2001953125,0.18408203125,0.011706476690206002,-0.09365181352164699,0.026605628841377002,Null
236.655000000027,0.990234375,-0.2021484375,0.1884765625,0.009578026382896,-0.101101389597233,0.017027602458481002,Null
236.675000000027,0.9833984375,-0.20458984375,0.18896484375,0.001064225153655,-0.09365181352164699,0.011706476690206002,Null
236.69500000002702,0.986328125,-0.20361328125,0.18603515625,0.005321125768275,-0.09045913806068198,0.007449576075585999,Null
236.715000000027,0.9931640625,-0.2119140625,0.18994140625,0.005321125768275,-0.086202237446062,0.0,Null
236.73500000002701,0.99462890625,-0.205078125,0.20166015625,0.011706476690206002,-0.080881111677786,-0.007449576075585999,Null
236.756000000027,0.994140625,-0.20751953125,0.19873046875,-0.00212845030731,-0.074495760755856,-0.012770701843860999,Null
236.780000000027,0.98388671875,-0.208984375,0.19091796875,-0.012770701843860999,-0.057468158297374,-0.015963377304826,Null
236.800000000027,0.978515625,-0.21337890625,0.1953125,-0.021284503073102003,-0.04682590676082401,-0.007449576075585999,Null
236.82000000002702,0.9814453125,-0.2060546875,0.185546875,-0.025541403687721998,-0.044697456453513,-0.001064225153655,Null
236.841000000027,0.9873046875,-0.208984375,0.17529296875,-0.039376330685238,-0.036183655224273,0.021284503073102003,Null
236.86100000002702,0.9853515625,-0.20947265625,0.1689453125,-0.034055204916963,-0.031926754609652,0.023412953380412004,Null
236.881000000027,0.98974609375,-0.20947265625,0.16650390625,-0.018091827612136003,-0.036183655224273,0.012770701843860999,Null
236.901000000027,0.99169921875,-0.2109375,0.1669921875,-0.00638535092193,-0.04150478099254799,0.005321125768275,Null
236.92000000002702,0.9873046875,-0.22119140625,0.16650390625,0.021284503073102003,-0.057468158297374,-0.012770701843860999,Null
236.941000000027,0.98046875,-0.2294921875,0.1630859375,0.084073787138751,-0.075559985909511,-0.023412953380412004,Null
236.96200000002702,0.9755859375,-0.234375,0.1650390625,0.120257442363024,-0.08194533683144099,-0.010642251536551002,Null
236.98600000002702,0.98291015625,-0.21826171875,0.1875,0.135156594514195,-0.08726646259971699,0.011706476690206002,Null
237.006000000027,0.994140625,-0.205078125,0.1953125,0.116000541748404,-0.080881111677786,0.030862529455997004,Null
237.026000000027,1.00537109375,-0.1943359375,0.1748046875,0.05959660860468499,-0.057468158297374,0.032990979763308,Null
237.047000000027,1.015625,-0.20166015625,0.16552734375,0.010642251536551002,-0.031926754609652,0.019156052765792,Null
237.067000000027,1.017578125,-0.2099609375,0.1708984375,0.019156052765792,-0.018091827612136003,-0.00425690061462,Null
237.08700000002702,1.01318359375,-0.2138671875,0.16943359375,0.06385350921930501,-0.026605628841377002,-0.04150478099254799,Null
237.107000000027,1.0009765625,-0.2197265625,0.16845703125,0.122385892670334,-0.042569006146202994,-0.08939491290702699,Null
237.131000000027,0.99267578125,-0.21728515625,0.17041015625,0.173468700045778,-0.045761681607168,-0.123450117823989,Null
237.15200000002702,0.98095703125,-0.2021484375,0.171875,0.175597150353088,-0.027669853995032002,-0.130899693899575,Null
237.172000000027,0.982421875,-0.20263671875,0.16796875,0.10003716444357699,-0.005321125768275,-0.10855096567281801,Null
237.192000000027,0.984375,-0.2109375,0.162109375,0.00425690061462,0.019156052765792,-0.07023886014123501,Null
237.21200000002702,0.994140625,-0.21533203125,0.15673828125,-0.04789013191447901,0.030862529455997004,-0.031926754609652,Null
237.232000000027,0.99462890625,-0.21044921875,0.1494140625,-0.05959660860468499,0.037247880377928,-0.00212845030731,Null
237.25300000002701,0.9921875,-0.20947265625,0.14453125,-0.04895435706813401,0.026605628841377002,0.017027602458481002,Null
237.273000000027,0.9990234375,-0.2021484375,0.14453125,-0.013834926997516001,0.007449576075585999,0.024477178534067005,Null
237.293000000027,1.00634765625,-0.1943359375,0.150390625,0.014899152151171002,0.003192675460965,0.025541403687721998,Null
237.31300000002702,1.0009765625,-0.18798828125,0.14892578125,0.021284503073102003,0.008513801229241,0.030862529455997004,Null
237.33700000002702,0.9892578125,-0.19140625,0.14990234375,0.008513801229241,0.00638535092193,0.04895435706813401,Null
237.358000000027,0.9833984375,-0.185546875,0.1533203125,0.020220277919447,-0.005321125768275,0.057468158297374,Null
237.37800000002701,0.98193359375,-0.17919921875,0.15966796875,0.024477178534067005,-0.015963377304826,0.051082807375443996,Null
237.398000000027,0.95947265625,-0.17431640625,0.15673828125,0.014899152151171002,-0.015963377304826,0.028734079148687,Null
237.418000000028,0.9375,-0.166015625,0.15234375,-0.005321125768275,-0.014899152151171002,-0.005321125768275,Null
237.437000000028,0.93505859375,-0.16748046875,0.15283203125,-0.042569006146202994,-0.018091827612136003,-0.036183655224273,Null
237.458000000028,0.9482421875,-0.1787109375,0.15771484375,-0.080881111677786,-0.022348728226757004,-0.05959660860468499,Null
237.478000000028,0.96337890625,-0.1865234375,0.1513671875,-0.11174364113378302,-0.023412953380412004,-0.078752661370476,Null
237.498000000028,1.0048828125,-0.18896484375,0.1376953125,-0.13409236936053998,-0.031926754609652,-0.09152336321433699,Null
237.518000000028,1.04345703125,-0.1943359375,0.13623046875,-0.159633773048262,-0.037247880377928,-0.10322983990454301,Null
237.538000000028,1.046875,-0.19775390625,0.13916015625,-0.188367852196949,-0.037247880377928,-0.11387209144109299,Null
237.558000000028,1.005859375,-0.20703125,0.146484375,-0.19901010373349998,-0.06278928406565,-0.119193217209369,Null
237.578000000028,0.98828125,-0.1630859375,0.17724609375,-0.308625294559973,-0.10642251536550801,-0.10216561475088799,Null
237.598000000028,0.98779296875,-0.17578125,0.1796875,-0.606608337583395,-0.133028144206885,-0.054275482836409004,Null
237.618000000028,0.99658203125,-0.2255859375,0.16162109375,-0.7343153560220049,-0.10642251536550801,-0.00638535092193,Null
237.638000000028,0.99853515625,-0.24658203125,0.142578125,-0.704517051719662,-0.057468158297374,0.027669853995032002,Null
237.659000000028,0.99462890625,-0.23388671875,0.14501953125,-0.6598195952661489,-0.031926754609652,0.043633231299858,Null
237.679000000028,0.9912109375,-0.2294921875,0.15966796875,-0.664076495880769,-0.029798304302342003,0.06278928406565,Null
237.699000000028,0.9921875,-0.23681640625,0.14892578125,-0.649177343729598,-0.030862529455997004,0.075559985909511,Null
237.723000000028,0.99072265625,-0.25830078125,0.12890625,-0.526791451059264,-0.021284503073102003,0.076624211063166,Null
237.743000000028,0.97998046875,-0.24951171875,0.1259765625,-0.367157678011002,-0.010642251536551002,0.072367310448545,Null
237.764000000028,0.9775390625,-0.24072265625,0.12646484375,-0.22455150742122199,-0.010642251536551002,0.07023886014123501,Null
237.784000000028,0.984375,-0.236328125,0.1318359375,-0.10642251536550801,-0.018091827612136003,0.065981959526615,Null
237.804000000028,0.978515625,-0.22509765625,0.13134765625,-0.005321125768275,-0.015963377304826,0.061725058911995,Null
237.824000000028,0.97119140625,-0.20556640625,0.1181640625,0.052147032529099004,-0.014899152151171002,0.054275482836409004,Null
237.844000000028,0.98779296875,-0.208984375,0.11328125,0.077688436216821,-0.028734079148687,0.04150478099254799,Null
237.865000000028,0.99658203125,-0.22314453125,0.1103515625,0.14047772028247002,-0.031926754609652,0.009578026382896,Null
237.885000000028,1.01123046875,-0.24365234375,0.099609375,0.277762765103976,-0.037247880377928,-0.043633231299858,Null
237.905000000028,1.0185546875,-0.24462890625,0.10888671875,0.4969931467569221,-0.044697456453513,-0.086202237446062,Null
237.929000000028,1.0234375,-0.22119140625,0.11865234375,0.73750803148297,-0.058532383451029006,-0.101101389597233,Null
237.949000000028,1.0166015625,-0.1943359375,0.1318359375,0.7492145081731759,-0.06491773437296,-0.076624211063166,Null
237.970000000028,1.01025390625,-0.1728515625,0.14453125,0.649177343729598,-0.07343153560220099,-0.035119430070618,Null
237.990000000028,1.01513671875,-0.1533203125,0.15673828125,0.466130617300925,-0.06811040983392501,0.011706476690206002,Null
238.010000000028,1.01025390625,-0.1396484375,0.15673828125,0.225615732574877,-0.045761681607168,0.051082807375443996,Null
238.030000000028,0.998046875,-0.14599609375,0.14697265625,0.017027602458481002,-0.024477178534067005,0.077688436216821,Null
238.054000000028,0.99853515625,-0.16943359375,0.13623046875,-0.08939491290702699,-0.014899152151171002,0.08726646259971699,Null
238.075000000028,0.9912109375,-0.18017578125,0.13525390625,-0.09045913806068198,-0.009578026382896,0.075559985909511,Null
238.095000000028,0.9892578125,-0.18408203125,0.1318359375,-0.034055204916963,-0.020220277919447,0.040440555838893,Null
238.115000000028,0.99658203125,-0.1875,0.138671875,0.04682590676082401,-0.029798304302342003,-0.012770701843860999,Null
238.135000000028,0.98681640625,-0.18603515625,0.14306640625,0.10429406505819801,-0.018091827612136003,-0.05959660860468499,Null
238.155000000028,0.970703125,-0.18115234375,0.14453125,0.10961519082647302,-0.00212845030731,-0.079816886524131,Null
238.175000000028,0.9765625,-0.1767578125,0.1396484375,0.06704618468026999,0.005321125768275,-0.07343153560220099,Null
238.195000000028,1.0068359375,-0.18408203125,0.1435546875,0.003192675460965,0.012770701843860999,-0.061725058911995,Null
238.215000000028,1.025390625,-0.18994140625,0.14453125,-0.04150478099254799,0.039376330685238,-0.061725058911995,Null
238.235000000028,1.02734375,-0.1953125,0.13427734375,-0.075559985909511,0.06066083375833999,-0.06704618468026999,Null
238.255000000028,1.02734375,-0.20166015625,0.1298828125,-0.080881111677786,0.06491773437296,-0.07343153560220099,Null
238.275000000028,1.0029296875,-0.20361328125,0.1328125,-0.06811040983392501,0.072367310448545,-0.074495760755856,Null
238.296000000028,0.9921875,-0.1953125,0.1298828125,-0.06278928406565,0.06811040983392501,-0.06704618468026999,Null
238.320000000028,0.99560546875,-0.19140625,0.1279296875,-0.07130308529489,0.06385350921930501,-0.043633231299858,Null
238.340000000028,1.0048828125,-0.193359375,0.12841796875,-0.07343153560220099,0.06385350921930501,-0.027669853995032002,Null
238.360000000028,1.0009765625,-0.1962890625,0.13134765625,-0.057468158297374,0.06385350921930501,-0.034055204916963,Null
238.381000000028,0.98291015625,-0.20166015625,0.13525390625,-0.022348728226757004,0.058532383451029006,-0.06066083375833999,Null
238.401000000028,0.97998046875,-0.203125,0.13037109375,-0.00638535092193,0.039376330685238,-0.077688436216821,Null
238.420000000028,0.9931640625,-0.21142578125,0.126953125,-0.00638535092193,0.020220277919447,-0.07023886014123501,Null
238.445000000028,0.994140625,-0.19580078125,0.1259765625,-0.021284503073102003,0.013834926997516001,-0.044697456453513,Null
238.465000000028,0.9912109375,-0.19921875,0.12548828125,-0.06385350921930501,0.007449576075585999,-0.04789013191447901,Null
238.486000000028,0.9970703125,-0.201171875,0.1279296875,-0.077688436216821,-0.00425690061462,-0.07130308529489,Null
238.506000000028,1.0068359375,-0.21484375,0.13330078125,-0.077688436216821,-0.011706476690206002,-0.09471603867530198,Null
238.526000000028,0.99951171875,-0.21484375,0.13623046875,-0.052147032529099004,-0.007449576075585999,-0.09471603867530198,Null
238.546000000028,0.998046875,-0.212890625,0.12939453125,-0.04895435706813401,-0.001064225153655,-0.06704618468026999,Null
238.566000000028,1.00439453125,-0.21142578125,0.13232421875,-0.058532383451029006,0.003192675460965,-0.023412953380412004,Null
238.586000000028,1.00244140625,-0.21142578125,0.13916015625,-0.072367310448545,0.013834926997516001,0.018091827612136003,Null
238.606000000028,0.994140625,-0.21484375,0.140625,-0.072367310448545,0.019156052765792,0.045761681607168,Null
238.626000000028,0.9892578125,-0.208984375,0.138671875,-0.053211257682754004,0.018091827612136003,0.065981959526615,Null
238.646000000028,0.99609375,-0.1962890625,0.13623046875,-0.052147032529099004,0.015963377304826,0.086202237446062,Null
238.666000000028,0.99658203125,-0.19189453125,0.13623046875,-0.07343153560220099,0.024477178534067005,0.10003716444357699,Null
238.687000000028,0.9921875,-0.1923828125,0.13671875,-0.10216561475088799,0.030862529455997004,0.10216561475088799,Null
238.707000000028,0.9931640625,-0.19970703125,0.13232421875,-0.101101389597233,0.026605628841377002,0.097908714136267,Null
238.727000000028,0.9921875,-0.201171875,0.13232421875,-0.06704618468026999,0.021284503073102003,0.09365181352164699,Null
238.747000000028,0.9912109375,-0.2001953125,0.13330078125,-0.029798304302342003,0.011706476690206002,0.08939491290702699,Null
238.767000000028,0.9921875,-0.20068359375,0.13427734375,-0.00212845030731,0.00425690061462,0.08513801229240599,Null
238.787000000028,0.99560546875,-0.197265625,0.13671875,0.005321125768275,0.001064225153655,0.08300956198509599,Null
238.807000000028,0.9990234375,-0.19189453125,0.13671875,-0.001064225153655,0.0,0.076624211063166,Null
238.827000000028,1.0,-0.1953125,0.13671875,-0.021284503073102003,0.00212845030731,0.06491773437296,Null
238.847000000028,1.0,-0.1982421875,0.13818359375,-0.024477178534067005,0.007449576075585999,0.04789013191447901,Null
238.867000000028,0.99853515625,-0.2001953125,0.1396484375,-0.025541403687721998,0.010642251536551002,0.04150478099254799,Null
238.888000000028,0.99462890625,-0.20068359375,0.1376953125,-0.010642251536551002,0.007449576075585999,0.040440555838893,Null
238.908000000028,0.9970703125,-0.1884765625,0.13916015625,-0.011706476690206002,-0.001064225153655,0.037247880377928,Null
238.928000000028,0.99951171875,-0.193359375,0.14599609375,-0.018091827612136003,-0.00638535092193,0.021284503073102003,Null
238.948000000028,1.0009765625,-0.19091796875,0.1552734375,0.017027602458481002,-0.023412953380412004,0.0,Null
238.972000000028,0.990234375,-0.19384765625,0.13671875,0.032990979763308,-0.037247880377928,-0.009578026382896,Null
238.993000000028,0.990234375,-0.2109375,0.13330078125,0.024477178534067005,-0.040440555838893,-0.019156052765792,Null
239.013000000028,0.98681640625,-0.212890625,0.134765625,0.058532383451029006,-0.026605628841377002,-0.019156052765792,Null
239.033000000028,0.986328125,-0.21240234375,0.1376953125,0.10429406505819801,-0.005321125768275,-0.008513801229241,Null
239.053000000028,0.9931640625,-0.20849609375,0.1455078125,0.117064766902059,0.009578026382896,0.00425690061462,Null
239.077000000028,0.99609375,-0.2041015625,0.15087890625,0.08300956198509599,0.024477178534067005,0.014899152151171002,Null
239.098000000028,0.99462890625,-0.20458984375,0.150390625,0.04789013191447901,0.026605628841377002,0.018091827612136003,Null
239.118000000028,0.9892578125,-0.21533203125,0.1484375,0.039376330685238,0.023412953380412004,0.019156052765792,Null
239.138000000028,0.99072265625,-0.2177734375,0.14697265625,0.054275482836409004,0.020220277919447,0.014899152151171002,Null
239.158000000028,0.9921875,-0.20849609375,0.14697265625,0.05959660860468499,0.021284503073102003,0.010642251536551002,Null
239.178000000028,0.99462890625,-0.20556640625,0.1474609375,0.038312105531583,0.030862529455997004,0.011706476690206002,Null
239.198000000028,0.98583984375,-0.208984375,0.14453125,0.027669853995032002,0.035119430070618,0.012770701843860999,Null
239.219000000028,0.9892578125,-0.2109375,0.14404296875,0.032990979763308,0.026605628841377002,0.013834926997516001,Null
239.239000000028,0.9990234375,-0.2099609375,0.14599609375,0.045761681607168,0.022348728226757004,0.010642251536551002,Null
239.263000000028,0.9931640625,-0.20556640625,0.142578125,0.050018582221788996,0.027669853995032002,0.003192675460965,Null
239.283000000028,0.99169921875,-0.20947265625,0.1416015625,0.04682590676082401,0.030862529455997004,-0.003192675460965,Null
239.304000000028,0.986328125,-0.20947265625,0.14013671875,0.053211257682754004,0.034055204916963,0.0,Null
239.324000000028,0.98779296875,-0.2138671875,0.14599609375,0.058532383451029006,0.031926754609652,0.00638535092193,Null
239.344000000028,0.99072265625,-0.20361328125,0.1533203125,0.065981959526615,0.031926754609652,0.012770701843860999,Null
239.363000000028,0.98876953125,-0.2001953125,0.15283203125,0.04682590676082401,0.032990979763308,0.014899152151171002,Null
239.388000000028,0.99169921875,-0.20703125,0.142578125,0.024477178534067005,0.026605628841377002,0.015963377304826,Null
239.409000000028,0.98779296875,-0.22509765625,0.138671875,0.020220277919447,0.024477178534067005,0.019156052765792,Null
239.429000000028,0.994140625,-0.21435546875,0.1513671875,0.074495760755856,0.024477178534067005,0.015963377304826,Null
239.449000000028,0.99267578125,-0.19384765625,0.15478515625,0.09152336321433699,0.026605628841377002,0.013834926997516001,Null
239.469000000028,0.994140625,-0.19482421875,0.15771484375,0.040440555838893,0.017027602458481002,0.017027602458481002,Null
239.488000000028,0.98974609375,-0.20947265625,0.15478515625,-0.013834926997516001,0.022348728226757004,0.026605628841377002,Null
239.509000000028,0.984375,-0.20703125,0.146484375,-0.014899152151171002,0.026605628841377002,0.027669853995032002,Null
239.529000000028,0.9921875,-0.2138671875,0.14453125,0.011706476690206002,0.021284503073102003,0.025541403687721998,Null
239.549000000028,0.99267578125,-0.2001953125,0.1533203125,0.050018582221788996,0.029798304302342003,0.019156052765792,Null
239.569000000028,0.984375,-0.2001953125,0.1591796875,0.05959660860468499,0.035119430070618,0.017027602458481002,Null
239.589000000028,0.98583984375,-0.1904296875,0.166015625,0.037247880377928,0.020220277919447,0.019156052765792,Null
239.610000000028,0.9892578125,-0.2041015625,0.154296875,-0.00212845030731,0.012770701843860999,0.003192675460965,Null
239.630000000028,0.99365234375,-0.20458984375,0.14990234375,0.0,-0.001064225153655,-0.005321125768275,Null
239.650000000028,0.9951171875,-0.22216796875,0.14599609375,-0.005321125768275,-0.001064225153655,0.0,Null
239.670000000028,0.98388671875,-0.21875,0.14892578125,0.036183655224273,0.010642251536551002,0.0,Null
239.694000000028,0.98193359375,-0.20068359375,0.1669921875,0.084073787138751,0.005321125768275,-0.007449576075585999,Null
239.715000000028,0.9970703125,-0.19580078125,0.173828125,0.054275482836409004,-0.008513801229241,-0.009578026382896,Null
239.735000000028,1.01123046875,-0.21533203125,0.16650390625,-0.007449576075585999,-0.017027602458481002,-0.022348728226757004,Null
239.755000000028,1.00732421875,-0.224609375,0.16064453125,-0.007449576075585999,-0.017027602458481002,-0.029798304302342003,Null
239.775000000028,1.0029296875,-0.22607421875,0.16162109375,0.023412953380412004,-0.015963377304826,-0.024477178534067005,Null
239.795000000028,1.01708984375,-0.224609375,0.17138671875,0.053211257682754004,-0.019156052765792,-0.011706476690206002,Null
239.815000000028,1.025390625,-0.22314453125,0.18505859375,0.075559985909511,-0.012770701843860999,0.00212845030731,Null
239.835000000028,1.01171875,-0.21435546875,0.19873046875,0.084073787138751,0.010642251536551002,0.018091827612136003,Null
239.855000000028,1.005859375,-0.19482421875,0.2060546875,0.054275482836409004,0.036183655224273,0.044697456453513,Null
239.875000000028,1.013671875,-0.17578125,0.20166015625,-0.039376330685238,0.06385350921930501,0.08833068775337198,Null
239.895000000028,1.02197265625,-0.16845703125,0.19677734375,-0.16389067366288199,0.10322983990454301,0.126642793284954,Null
239.916000000028,1.02294921875,-0.169921875,0.1748046875,-0.26286361295280397,0.155376872433642,0.14047772028247002,Null
239.936000000028,0.99365234375,-0.17919921875,0.16357421875,-0.275634314796665,0.20433122950177499,0.119193217209369,Null
239.956000000028,0.96044921875,-0.1884765625,0.1552734375,-0.228808408035842,0.22135883196025602,0.07023886014123501,Null
239.976000000028,0.9521484375,-0.1904296875,0.15185546875,-0.10855096567281801,0.19901010373349998,-0.00638535092193,Null
239.996000000028,0.951171875,-0.18798828125,0.1435546875,0.018091827612136003,0.173468700045778,-0.09897293928992199,Null
240.016000000028,0.94384765625,-0.19287109375,0.1337890625,0.08726646259971699,0.150055746665366,-0.194753203118879,Null
240.036000000028,0.94580078125,-0.2060546875,0.1337890625,0.116000541748404,0.119193217209369,-0.26924896387473496,Null
240.056000000028,0.96142578125,-0.21484375,0.13623046875,0.118128992055714,0.08513801229240599,-0.297983043023422,Null
240.076000000028,0.98583984375,-0.236328125,0.13818359375,0.13834926997516,0.058532383451029006,-0.28734079148687103,Null
240.096000000028,1.00439453125,-0.2421875,0.146484375,0.158569547894607,0.045761681607168,-0.250092911108944,Null
240.116000000028,1.0078125,-0.2373046875,0.15478515625,0.133028144206885,0.04789013191447901,-0.179854050967708,Null
240.137000000028,1.0068359375,-0.2275390625,0.16162109375,0.07023886014123501,0.050018582221788996,-0.08513801229240599,Null
240.156000000028,1.0107421875,-0.2099609375,0.1650390625,-0.021284503073102003,0.04789013191447901,0.007449576075585999,Null
240.181000000028,1.0224609375,-0.212890625,0.18017578125,-0.09365181352164699,0.052147032529099004,0.06491773437296,Null
240.201000000028,1.01123046875,-0.2080078125,0.1865234375,-0.10535829021185301,0.06917463498758,0.076624211063166,Null
240.222000000028,1.00634765625,-0.2041015625,0.19384765625,-0.09258758836799198,0.079816886524131,0.06917463498758,Null
240.242000000028,1.00146484375,-0.18798828125,0.2060546875,-0.072367310448545,0.09152336321433699,0.057468158297374,Null
240.262000000028,0.99365234375,-0.16552734375,0.2119140625,-0.09897293928992199,0.117064766902059,0.050018582221788996,Null
240.282000000028,0.9755859375,-0.162109375,0.19677734375,-0.17240447489212302,0.143670395743436,0.04789013191447901,Null
240.302000000028,0.9873046875,-0.16357421875,0.20654296875,-0.236257984111428,0.14047772028247002,0.029798304302342003,Null
240.322000000028,1.00732421875,-0.1669921875,0.22412109375,-0.26605628841377,0.14473462089709102,0.007449576075585999,Null
240.342000000028,1.00537109375,-0.1689453125,0.2216796875,-0.27031318902839,0.16601912397019197,-0.018091827612136003,Null
240.362000000028,0.98974609375,-0.16552734375,0.21728515625,-0.26605628841377,0.18943207735060397,-0.038312105531583,Null
240.382000000028,0.98681640625,-0.15673828125,0.20703125,-0.2788269902576311,0.20645967980908497,-0.029798304302342003,Null
240.402000000028,0.98779296875,-0.15283203125,0.2001953125,-0.323524446711144,0.21923038165294603,0.0,Null
240.422000000028,0.98583984375,-0.1796875,0.20068359375,-0.36928612831831203,0.21390925588467102,0.024477178534067005,Null
240.443000000028,0.99072265625,-0.2080078125,0.21533203125,-0.309689519713628,0.179854050967708,0.037247880377928,Null
240.467000000028,0.97607421875,-0.21728515625,0.21484375,-0.076624211063166,0.137285044821505,0.057468158297374,Null
240.487000000028,0.9638671875,-0.21728515625,0.21826171875,0.00212845030731,0.118128992055714,0.058532383451029006,Null
240.507000000028,0.98388671875,-0.2109375,0.25634765625,0.174532925199433,0.08194533683144099,0.053211257682754004,Null
240.528000000028,0.98876953125,-0.17529296875,0.2900390625,0.291597692101492,0.10748674051916302,0.029798304302342003,Null
240.548000000028,0.9853515625,-0.14453125,0.3125,0.194753203118879,0.152184196972676,0.00638535092193,Null
240.568000000028,0.966796875,-0.134765625,0.31640625,0.11280786628743801,0.175597150353088,-0.00638535092193,Null
240.592000000028,1.0,-0.19580078125,0.3603515625,-0.10003716444357699,0.177725600660398,-0.031926754609652,Null
240.612000000028,1.08154296875,-0.21435546875,0.419921875,-0.028734079148687,0.20113855404081,-0.031926754609652,Null
240.633000000028,1.04541015625,-0.20751953125,0.41259765625,0.053211257682754004,0.36077232708907203,-0.005321125768275,Null
240.653000000028,1.03173828125,-0.21044921875,0.41748046875,0.10642251536550801,0.454424140610719,0.027669853995032002,Null
240.673000000028,1.07470703125,-0.220703125,0.43310546875,0.12557856813129903,0.5363694774421599,0.05959660860468499,Null
240.693000000028,1.09326171875,-0.22119140625,0.4072265625,0.10429406505819801,0.681104098339251,0.10961519082647302,Null
240.712000000028,1.0478515625,-0.19140625,0.375,0.0,0.858829698999649,0.168147574277502,Null
240.733000000028,1.02001953125,-0.21044921875,0.37109375,-0.227744182882187,0.959931088596881,0.229872633189497,Null
240.753000000028,1.05712890625,-0.30615234375,0.42138671875,-0.40440555838892994,1.00782122051136,0.307561069406318,Null
240.778000000028,1.09228515625,-0.3642578125,0.42138671875,-0.478901319144786,1.1259502125670702,0.409726684157205,Null
240.798000000028,1.01318359375,-0.35205078125,0.37060546875,-0.6044798872760849,1.31538228991768,0.504442722832507,Null
240.818000000028,0.9140625,-0.3642578125,0.33642578125,-0.696003250490422,1.3888138255198799,0.5874522848176039,Null
240.839000000028,0.8759765625,-0.38818359375,0.32373046875,-0.675782972570975,1.3324098923761598,0.690682124722146,Null
240.859000000028,0.87890625,-0.36767578125,0.3271484375,-0.602351436968775,1.2355654033935501,0.7800770376291729,Null
240.879000000028,0.833984375,-0.390625,0.3115234375,-0.60980101304436,1.16958344386693,0.8322240701582719,Null
240.899000000028,0.76416015625,-0.396484375,0.294921875,-0.5693604572054671,1.06422515365508,0.8524443480777181,Null
240.918000000028,0.73681640625,-0.37841796875,0.287109375,-0.49380047129595706,0.8886280033019909,0.843930546848478,Null
240.939000000028,0.72021484375,-0.3515625,0.28369140625,-0.421433160847411,0.714095078102558,0.8237102689290309,Null
240.959000000028,0.681640625,-0.3310546875,0.267578125,-0.37886415470120793,0.537433702595815,0.7662421106316569,Null
240.979000000028,0.64404296875,-0.3310546875,0.267578125,-0.310753744867283,0.32778134732576397,0.636406641885737,Null
240.99900000002899,0.6162109375,-0.35107421875,0.30078125,-0.153248422126331,0.097908714136267,0.444846114227823,Null
241.019000000029,0.61328125,-0.35791015625,0.33935546875,0.101101389597233,-0.133028144206885,0.21923038165294603,Null
241.04000000002898,0.6279296875,-0.34765625,0.361328125,0.37886415470120793,-0.34268049947693496,-0.021284503073102003,Null
241.060000000029,0.6572265625,-0.3310546875,0.380859375,0.6183148142736011,-0.5097638486007829,-0.241579109879703,Null
241.079000000028,0.69287109375,-0.31396484375,0.400390625,0.8088111167778599,-0.623635940041876,-0.415047809925481,Null
241.104000000029,0.74560546875,-0.27490234375,0.419921875,0.973766015594397,-0.709838177487938,-0.591709185432224,Null
241.12400000002899,0.80908203125,-0.2421875,0.4130859375,0.94716038675302,-0.7396364817902801,-0.6736545222636651,Null
241.145000000028,0.8720703125,-0.22265625,0.4111328125,0.801361540702275,-0.73537958117566,-0.736443806329315,Null
241.16500000002898,0.92822265625,-0.22216796875,0.42431640625,0.5991587615078101,-0.7077097271806279,-0.7715632363999321,Null
241.185000000029,0.94287109375,-0.224609375,0.427734375,0.391634856545069,-0.639599317346702,-0.7524071836341409,Null
241.205000000029,0.97607421875,-0.2265625,0.4228515625,0.20965235527005102,-0.5874522848176039,-0.683232548646561,Null
241.22500000002898,1.02197265625,-0.22998046875,0.4052734375,0.044697456453513,-0.521470325290989,-0.578938483588363,Null
241.245000000029,1.0263671875,-0.23779296875,0.38134765625,-0.08194533683144099,-0.441653438766858,-0.46080949153264894,Null
241.265000000029,0.986328125,-0.23681640625,0.35302734375,-0.20433122950177499,-0.39269908169872403,-0.345873174937901,LVG2
241.285000000029,0.93603515625,-0.2333984375,0.3232421875,-0.321395996403834,-0.389506406237759,-0.244771785340668,LVG2
241.305000000029,0.888671875,-0.22412109375,0.2900390625,-0.44803878968878796,-0.4320754123839621,-0.188367852196949,LVG2
241.32500000002898,0.87451171875,-0.2421875,0.27099609375,-0.531048351673884,-0.528919901366574,-0.19156052765791398,LVG2
241.345000000029,0.89013671875,-0.2802734375,0.2861328125,-0.485286670066716,-0.633213966424772,-0.239450659572393,LVG2
241.365000000029,0.8896484375,-0.322265625,0.30712890625,-0.295854592716112,-0.7247373296391091,-0.310753744867283,LVG2
241.38500000002898,0.9111328125,-0.36572265625,0.322265625,0.079816886524131,-0.8269029443899959,-0.38312105531582796,LVG2
241.405000000029,0.9736328125,-0.36181640625,0.3759765625,0.502314272525197,-0.848187447463098,-0.40653400869623996,LVG2
241.425000000029,1.0625,-0.39794921875,0.4560546875,0.8556370235386841,-0.744957607558555,-0.35757965162810706,LVG2
241.446000000029,1.140625,-0.47314453125,0.50341796875,1.1631980929449999,-0.47038751791554495,-0.20220277919446497,LVG2
241.466000000029,1.17333984375,-0.35205078125,0.62353515625,1.1121152855695602,-0.08726646259971699,0.021284503073102003,LVG2
241.48600000002898,1.2177734375,-0.3369140625,0.65380859375,0.87585730145813,0.371414578625623,0.2788269902576311,LVG2
241.506000000029,1.1708984375,-0.29345703125,0.63232421875,0.33310247309403995,0.8130680173924799,0.5778742584347081,LVG2
241.526000000029,1.1240234375,-0.35498046875,0.62548828125,-0.15111997181902098,1.03442684935274,0.887563778148336,LVG2
241.54600000002898,1.11865234375,-0.3974609375,0.67529296875,-0.520406100137334,1.1674549935596201,1.16213386779135,LVG2
241.566000000029,1.09765625,-0.60498046875,0.7001953125,-0.7215446541781441,1.2749417340787799,1.42286903043684,LVG2
241.586000000029,1.07421875,-0.75732421875,0.7041015625,-0.382056830162173,1.3962634015954598,1.5761174525631698,LVG2
241.60600000002898,1.02587890625,-0.73876953125,0.6982421875,-0.11280786628743801,1.4952363408853897,1.8059900857526698,LVG2
241.626000000029,0.95849609375,-0.69287109375,0.65234375,0.16282644850922698,1.5952735053289597,2.06991792385913,LVG2
241.64700000002898,0.85205078125,-0.61474609375,0.60546875,0.20752390496273998,1.6559343390873,2.32852463619731,LVG2
241.667000000029,0.75048828125,-0.67236328125,0.548828125,0.161762223355572,1.62826448509227,2.50837868716502,LVG2
241.687000000029,0.66357421875,-0.7119140625,0.50244140625,0.336295148555005,1.5612183004120002,2.57436064669164,LVG2
241.711000000029,0.50439453125,-0.6416015625,0.4326171875,0.6598195952661489,1.4973647911927,2.60948007676225,LVG2
241.73100000002898,0.4052734375,-0.6376953125,0.44091796875,0.7896550640120691,1.43457550712705,2.63502148044998,LVG2
241.752000000029,0.32666015625,-0.58056640625,0.4375,0.867343500228889,1.3632724218321601,2.5924524743037702,LVG2
241.77200000002898,0.17919921875,-0.53564453125,0.40185546875,0.755599859095106,1.26536370769589,2.54136966692833,LVG2
241.792000000029,0.09423828125,-0.513671875,0.412109375,0.478901319144786,1.00888544566502,2.5488192430039103,LVG2
241.812000000029,0.0791015625,-0.390625,0.42724609375,0.022348728226757004,0.681104098339251,2.5445623423892902,LVG2
241.83200000002898,0.02783203125,-0.24951171875,0.466796875,-0.5991587615078101,0.407598233849895,2.47645193255537,LVG2
241.852000000029,-0.0126953125,-0.2998046875,0.4169921875,-1.4452177586636001,0.124514342977644,2.3540660398850397,LVG2
241.872000000029,-0.009765625,-0.59716796875,0.33935546875,-1.91773372688645,-0.16389067366288199,2.0752390496274002,LVG2
241.892000000029,0.09912109375,-0.85546875,0.39697265625,-1.24195075431548,-0.45868104122533904,1.5548329494900701,LVG2
241.912000000029,0.25439453125,-0.69677734375,0.53125,-0.019156052765792,-0.5853238345102929,0.9365181352164699,LVG2
241.93200000002898,0.2578125,-0.40869140625,0.51025390625,0.371414578625623,-0.49592892160326707,0.446974564535133,LVG2
241.953000000029,0.33203125,-0.19775390625,0.525390625,-0.365029227703692,-0.5523328547469859,0.06066083375833999,LVG2
241.973000000029,0.505859375,-0.4541015625,0.4814453125,-1.8485590918988701,-0.6310855161174621,-0.233065308650462,LVG2
241.99300000002899,0.6357421875,-0.69775390625,0.408203125,-2.62757190437439,-0.5597824308225721,-0.543819053517745,LVG2
242.013000000029,0.7197265625,-0.69482421875,0.353515625,-2.46261700555785,-0.4969931467569221,-0.908848281221438,LVG2
242.033000000029,0.79345703125,-0.68603515625,0.2744140625,-2.25615732574877,-0.5001858222178871,-1.13020711318169,LVG2
242.053000000029,0.95556640625,-1.0009765625,0.1103515625,-1.9485962563424502,-0.60341566212243,-1.1674549935596201,LVG2
242.073000000029,1.10107421875,-1.0595703125,0.1435546875,-0.8279671695436519,-0.7577283094024159,-1.14617049048652,LVG2
242.09300000002898,1.08154296875,-0.99560546875,0.3154296875,-0.011706476690206002,-0.8247744940826859,-0.926940108833574,LVG2
242.113000000029,0.93212890625,-0.70556640625,0.44970703125,0.226679957728532,-0.783269713090138,-0.5863880596639489,LVG2
242.133000000029,0.734375,-0.61279296875,0.46435546875,-0.21816615649929103,-0.648113118575943,-0.27244163933570004,LVG2
242.15300000002898,0.82568359375,-0.6552734375,0.455078125,-0.49380047129595706,-0.628957065810152,-0.086202237446062,LVG2
242.173000000029,0.87255859375,-0.70068359375,0.5166015625,-0.781141262782828,-0.405469783542585,0.031926754609652,LVG2
242.193000000029,0.7900390625,-0.68359375,0.619140625,-1.00250009474308,-0.09258758836799198,0.08833068775337198,LVG2
242.21300000002898,0.62060546875,-0.666015625,0.5732421875,-1.31431806476402,0.16282644850922698,0.06491773437296,LVG2
242.233000000029,0.58642578125,-0.69091796875,0.326171875,-1.6484847630117199,0.124514342977644,-0.13834926997516,LVG2
242.253000000029,0.6796875,-0.72412109375,0.15869140625,-1.73787967591874,-0.079816886524131,-0.2969188178697669,LVG2
242.394000000029,0.705078125,-0.75048828125,0.34228515625,1.2110882248594799,0.16601912397019197,0.153248422126331,LVG2
242.414000000029,0.67919921875,-1.03271484375,0.26123046875,0.5746815829737429,0.254349811723564,0.46932329276189,LVG2
242.434000000029,0.72265625,-1.18896484375,0.09912109375,0.637470867039392,0.20433122950177499,0.8237102689290309,LVG2
242.454000000029,0.82666015625,-1.353515625,0.0166015625,1.05358290211853,0.147927296358056,1.27707018438609,LVG2
242.47500000002898,0.912109375,-1.4052734375,-0.171875,1.69531066977254,0.123450117823989,1.7815129072186002,LVG2
242.495000000029,0.8408203125,-1.3212890625,-0.29052734375,2.43281870125551,0.114936316594749,2.1369641085394,LVG2
242.515000000029,0.85595703125,-1.33544921875,-0.376953125,2.85425186210292,-0.023412953380412004,2.40727729756779,LVG2
242.535000000029,0.83251953125,-1.27197265625,-0.427734375,3.0149498603048395,-0.119193217209369,2.54136966692833,LVG2
242.559000000029,0.46044921875,-0.939453125,-0.39990234375,2.4732592570944,-0.3597081019354171,2.62544345406708,LVG2
242.580000000029,0.20947265625,-0.44482421875,-0.20556640625,1.6559343390873,-0.8907564536093009,2.47432348224806,LVG2
242.60000000002898,0.05419921875,0.1845703125,0.07568359375,1.31644651507133,-1.44841043412456,1.990101037335,LVG2
242.620000000029,-0.0087890625,0.6611328125,0.41552734375,1.28984088622996,-1.89219232319873,1.21853780093507,LVG2
242.640000000029,-0.06201171875,0.634765625,0.81640625,1.04187642542832,-2.04118384471044,0.32778134732576397,LVG2
242.660000000029,-0.02392578125,0.4150390625,1.408203125,1.1759687947888602,-1.88687119743046,-0.451231465149754,LVG2
242.680000000029,0.091796875,-0.00146484375,1.82666015625,1.38774960036622,-1.51439239365118,-0.80455421616324,LVG2
242.70000000002898,0.1474609375,-0.44287109375,1.86865234375,1.9134768262718302,-1.0280414984308102,-0.738572256636625,LVG2
242.720000000029,0.1982421875,-0.37109375,1.71240234375,1.9773303354911398,-0.522534550444644,-0.515084974369058,LVG2
242.740000000029,0.32177734375,-0.658203125,1.3896484375,-0.123450117823989,-0.252221361416254,-0.663012270727114,LVG2
242.76000000002898,0.4111328125,-1.00341796875,1.20556640625,-1.04187642542832,-0.128771243592265,-0.9982431941284642,LVG2
242.781000000029,0.53466796875,-0.904296875,1.12890625,-0.614057913658981,0.251157136262599,-0.80668266647055,LVG2
242.80100000002898,0.5302734375,-0.91552734375,0.81005859375,-1.1142437358768702,0.637470867039392,-0.517213424676368,LVG2
242.82000000002898,0.41015625,-0.96923828125,0.33154296875,-1.37497889852236,0.7619852100170369,-0.43313963753761703,LVG2
242.841000000029,0.384765625,-0.875,-0.02392578125,-0.078752661370476,0.405469783542585,-0.685360998953871,LVG2
242.865000000029,0.560546875,-0.7666015625,0.05810546875,0.657691144958839,-0.367157678011002,-0.254349811723564,LVG2
242.886000000029,0.60595703125,-0.869140625,0.259765625,0.42781851176934205,-0.508699623447128,0.124514342977644,LVG2
242.906000000029,0.55419921875,-1.19287109375,0.33251953125,0.7662421106316569,-0.42994696207665206,0.26286361295280397,LVG2
242.92600000002898,0.55322265625,-1.37060546875,0.6533203125,0.955674187982261,-0.234129533804117,0.457616816071684,LVG2
242.946000000029,0.4033203125,-0.99169921875,0.71630859375,0.9035271554531621,-0.156441097587297,0.6129936885053261,LVG2
242.966000000029,0.265625,-0.767578125,0.5390625,0.854572798385028,-0.233065308650462,0.535305252288505,LVG2
242.98600000002898,0.25927734375,-0.6337890625,0.6240234375,0.985472492284603,-0.33310247309403995,0.307561069406318,LVG2
243.006000000029,0.29736328125,-0.69873046875,0.80712890625,1.00250009474308,-0.376735704393898,0.08726646259971699,LVG2
243.027000000029,0.328125,-0.6943359375,0.8994140625,1.1014730340330101,-0.355451201320796,-0.101101389597233,LVG2
243.05100000002898,0.4228515625,-0.3251953125,0.8837890625,0.714095078102558,-0.260735162645494,-0.078752661370476,LVG2
243.071000000029,0.46484375,-0.439453125,0.76513671875,0.051082807375443996,-0.119193217209369,-0.043633231299858,LVG2
243.092000000029,0.42236328125,-0.51953125,0.65185546875,0.054275482836409004,-0.07130308529489,-0.170276024584813,LVG2
243.11200000002898,0.419921875,-0.58447265625,0.66162109375,0.42249738600106607,-0.084073787138751,-0.31820332094286896,LVG2
243.132000000029,0.36279296875,-0.55859375,0.7197265625,0.6598195952661489,-0.075559985909511,-0.37035035347196704,LVG2
243.152000000029,0.267578125,-0.57666015625,0.69482421875,0.5001858222178871,-0.09684448898261201,-0.454424140610719,LVG2
243.17600000002898,0.21337890625,-0.5234375,0.751953125,0.5874522848176039,-0.128771243592265,-0.548075954132366,LVG2
243.197000000029,0.22607421875,-0.375,0.90771484375,0.781141262782828,-0.114936316594749,-0.74602183271221,LVG2
243.217000000029,0.2421875,-0.427734375,0.9541015625,0.508699623447128,-0.055339707990064005,-0.865215049921579,LVG2
243.23700000002898,0.2265625,-0.65478515625,0.9091796875,0.030862529455997004,0.032990979763308,-0.8492516726167529,LVG2
243.257000000029,0.2138671875,-0.81982421875,0.8330078125,-0.079816886524131,0.078752661370476,-0.853508573231373,LVG2
243.277000000029,0.28662109375,-0.68017578125,0.90771484375,0.079816886524131,0.06385350921930501,-0.842866321694823,LVG2
243.297000000029,0.41943359375,-0.7783203125,0.763671875,-0.228808408035842,-0.156441097587297,-0.573617357820088,LVG2
243.317000000029,0.55078125,-0.83837890625,0.630859375,-0.3597081019354171,-0.39802020746699995,-0.159633773048262,LVG2
243.33700000002898,0.77880859375,-0.927734375,0.6171875,0.10855096567281801,-0.4235616111547221,0.034055204916963,LVG2
243.357000000029,1.12158203125,-1.03076171875,0.64697265625,0.351194300706176,-0.489543570681336,0.310753744867283,LVG2
243.377000000029,1.27880859375,-0.99462890625,0.43115234375,-0.547011728978711,-0.453359915457064,0.7651778854780021,LVG2
243.39700000002898,1.21923828125,-0.84814453125,0.05908203125,-0.920554757911643,-0.36609345285734707,1.30580426353478,LVG2
243.417000000029,1.15771484375,-0.47412109375,0.20361328125,0.354386976167141,-0.33523092340134997,1.7921551587551499,LVG2
243.437000000029,1.06982421875,-0.357421875,0.43408203125,0.128771243592265,-0.40653400869623996,2.33384576196559,LVG2
243.45700000002898,0.8876953125,-0.61181640625,0.2626953125,-1.3845569249052598,-0.6917463498758011,2.4157910987970297,LVG2
243.477000000029,0.7060546875,-0.6474609375,0.2998046875,-1.1248859874134198,-0.7545356339414508,2.10397312877609,LVG2
243.49800000002898,0.4990234375,-0.5341796875,0.43896484375,-0.148991521511711,-0.562975106283537,1.68147574277502,LVG2
243.518000000029,0.265625,-0.46435546875,0.49267578125,-0.7289942302537291,-0.384185280469484,1.3898780506735302,LVG2
243.538000000029,0.16162109375,-0.376953125,0.9384765625,-1.40690565313201,-0.237322209265083,1.0993445837256999,LVG2
243.55800000002898,-0.00439453125,-0.44384765625,0.99267578125,-1.4430893083562901,0.22455150742122199,0.638535092193047,LVG2
243.58200000002898,-0.0712890625,-0.78076171875,0.81298828125,-1.51439239365118,0.6598195952661489,0.235193758957772,LVG2
243.603000000029,0.0927734375,-1.4326171875,0.65625,-1.2515287806983701,0.6513057940369079,0.345873174937901,LVG2
243.62300000002898,-0.01416015625,-1.0,0.2041015625,0.307561069406318,0.5033784976788521,0.321395996403834,LVG2
243.643000000029,-0.109375,-0.1572265625,0.48681640625,0.714095078102558,0.338423598862315,-0.019156052765792,LVG2
243.663000000029,-0.11572265625,-0.1630859375,0.63623046875,0.06491773437296,0.399084432620655,-0.54062637805678,LVG2
243.68300000002898,-0.0537109375,-0.2666015625,0.8642578125,-0.411855134464516,0.5863880596639489,-1.0163350217406,LVG2
243.703000000029,0.06982421875,-0.55615234375,0.70458984375,-1.02059192235522,0.660883820419804,-1.11637218618418,LVG2
243.723000000029,0.15966796875,-0.82275390625,0.3798828125,-1.21960202608872,0.39269908169872403,-0.9982431941284642,LVG2
243.74300000002899,0.41796875,-1.2353515625,0.36572265625,-1.49630056603904,0.195817428272535,-0.714095078102558,LVG2
243.763000000029,0.3818359375,-1.11083984375,0.46142578125,-1.1004088088793502,0.157505322740952,-0.543819053517745,LVG2
243.783000000029,0.30712890625,-0.666015625,0.39306640625,-0.9024629302995071,0.21284503073101602,-0.49486469644961206,LVG2
243.803000000029,0.080078125,-0.0888671875,0.07177734375,-1.10892261010859,0.122385892670334,-0.704517051719662,LVG2
243.824000000029,0.2001953125,-0.6884765625,0.02685546875,-0.25541403687721903,-0.307561069406318,-1.06741782911604,LVG2
243.84400000002898,0.57080078125,-1.33544921875,0.3388671875,2.33703843742655,-0.9226832082189541,-1.21853780093507,LVG2
243.863000000029,0.61279296875,-0.9541015625,0.43798828125,3.3246393800184704,-1.35369439544926,-0.9024629302995071,LVG2
243.888000000029,0.5791015625,-0.42724609375,0.9736328125,2.693553863901,-1.2696206083105102,-0.554461305054296,LVG2
243.90900000002898,0.59521484375,-0.80126953125,1.3134765625,1.33453834268347,-0.539562152903125,-0.349065850398866,LVG2
243.929000000029,0.66259765625,-0.9208984375,1.2353515625,0.21603770619198104,0.07130308529489,-0.358643876781762,LVG2
243.949000000029,0.5546875,-0.4892578125,0.88818359375,-0.38312105531582796,0.526791451059264,-0.474644418530165,LVG2
243.96900000002898,0.55859375,-0.25634765625,0.57568359375,-0.7481502830195209,0.664076495880769,-0.29372614240880196,LVG2
243.989000000029,0.7041015625,-0.203125,0.6611328125,-0.857765473845994,0.850315897770408,-0.08833068775337198,LVG2
244.009000000029,0.6533203125,-0.64306640625,0.66259765625,-0.775820137014553,1.00037164443577,0.00212845030731,LVG2
244.030000000029,0.58154296875,-0.6962890625,0.61767578125,-0.7194162038708342,0.862022374460614,0.18943207735060397,LVG2
244.054000000029,0.6865234375,-0.76416015625,0.7275390625,-1.3100611641493998,0.767306335785312,0.44058921361320297,LVG2
244.074000000029,0.68115234375,-0.84765625,0.732421875,-1.4686307120440099,0.801361540702275,0.615122138812636,LVG2
244.09400000002898,0.5263671875,-0.70263671875,0.62109375,-1.70169602069447,0.8567012486923391,0.788590838858414,LVG2
244.114000000029,0.43359375,-0.70654296875,0.6337890625,-1.99648638825693,0.7587925345560709,0.7779485873218629,LVG2
244.13500000002898,0.48974609375,-0.70654296875,0.66455078125,-2.2103956441416,0.636406641885737,0.759856759709726,LVG2
244.155000000029,0.474609375,-0.8134765625,0.60009765625,-2.34874491411676,0.5448832786714001,0.767306335785312,LVG2
244.179000000029,0.3994140625,-1.01708984375,0.3359375,-2.3253319607363503,0.449103014842443,0.7768843621682081,LVG2
244.199000000029,0.35546875,-1.03857421875,0.26806640625,-2.2742491533609,0.33523092340134997,0.7694347860926222,LVG2
244.220000000029,0.30078125,-1.046875,0.24755859375,-2.0422480698641,0.26818473872107995,0.6736545222636651,LVG2
244.240000000029,0.3046875,-1.09619140625,0.17431640625,-1.69850334523351,0.13834926997516,0.539562152903125,LVG2
244.26000000002898,0.34228515625,-1.193359375,0.09326171875,-1.4441535335099398,-0.005321125768275,0.4714517430692,LVG2
244.280000000029,0.384765625,-1.17724609375,0.01318359375,-1.3217676408396102,-0.09684448898261201,0.445910339381478,LVG2
244.304000000029,0.404296875,-1.13134765625,-0.04052734375,-1.08018853095991,-0.126642793284954,0.47783709399113106,LVG2
244.32500000002898,0.40869140625,-1.16357421875,-0.09619140625,-0.740700706943935,-0.16389067366288199,0.571488907512777,LVG2
244.345000000029,0.46240234375,-1.1748046875,-0.146484375,-0.376735704393898,-0.41611203507913597,0.664076495880769,LVG2
244.365000000029,0.421875,-1.1337890625,-0.12841796875,-0.056403933143719005,-0.49380047129595706,0.767306335785312,LVG2
244.38500000002898,0.33154296875,-1.0546875,-0.09228515625,0.023412953380412004,-0.49592892160326707,0.80242576585593,LVG2
244.404000000029,0.24951171875,-1.06982421875,-0.17138671875,0.072367310448545,-0.449103014842443,0.768370560938967,LVG2
244.425000000029,0.2216796875,-0.990234375,-0.1611328125,0.415047809925481,-0.454424140610719,0.730058455407384,LVG2
244.446000000029,0.1767578125,-0.9365234375,0.013671875,0.444846114227823,-0.46932329276189,0.6970674756440771,LVG2
244.470000000029,0.12939453125,-0.92529296875,0.0791015625,0.606608337583395,-0.466130617300925,0.6257643903491871,LVG2
244.490000000029,0.14111328125,-0.93994140625,0.11767578125,0.744957607558555,-0.4320754123839621,0.568296232051812,LVG2
244.511000000029,0.15087890625,-0.88916015625,0.1630859375,0.858829698999649,-0.382056830162173,0.5257272259056089,LVG2
244.531000000029,0.1748046875,-0.89990234375,0.232421875,0.781141262782828,-0.36077232708907203,0.457616816071684,LVG2
244.55100000002898,0.13427734375,-0.9775390625,0.27197265625,0.821581818621721,-0.23200108349680698,0.39695598231334395,LVG2
244.571000000029,0.12109375,-0.92578125,0.27490234375,0.9290685591408839,-0.127707018438609,0.37886415470120793,LVG2
244.59500000002998,0.10302734375,-0.9111328125,0.2451171875,0.8322240701582719,-0.00212845030731,0.428882736922997,LVG2
244.616000000029,0.0654296875,-1.00390625,0.310546875,0.791783514319379,0.20645967980908497,0.5033784976788521,LVG2
244.63600000002998,-0.0419921875,-0.96875,0.3408203125,1.08444543157453,0.43420386269127204,0.634278191578427,LVG2
244.65600000003,0.025390625,-0.8173828125,0.294921875,1.09083078249646,0.41824048538644604,0.53211257682754,LVG2
244.67600000002997,0.04833984375,-0.75732421875,0.21240234375,0.650241568883253,0.5076353982934729,0.639599317346702,LVG2
244.69600000002998,0.0458984375,-0.7900390625,0.19189453125,-0.230936858343152,0.649177343729598,0.7034528265660072,LVG2
244.71600000003,-0.06640625,-0.91650390625,0.1259765625,-0.9035271554531621,0.702388601412352,0.7545356339414508,LVG2
244.73600000002997,-0.14208984375,-1.08984375,0.10595703125,-0.898206029684887,0.539562152903125,0.788590838858414,LVG2
244.75600000002999,-0.13330078125,-1.04248046875,0.00341796875,-0.38631373077679404,0.253285586569909,0.788590838858414,LVG2
244.77600000003,-0.12548828125,-0.91455078125,-0.08740234375,0.043633231299858,-0.039376330685238,0.73537958117566,LVG2
244.79600000002998,-0.17041015625,-0.85888671875,-0.13671875,0.032990979763308,-0.30436839394535303,0.663012270727114,LVG2
244.81600000003,-0.263671875,-0.90087890625,-0.05859375,-0.322460221557489,-0.619379039427256,0.681104098339251,LVG2
244.83700000002997,-0.25,-1.15478515625,-0.06884765625,-0.384185280469484,-0.8311598450046171,0.67259029711001,LVG2
244.85700000002998,-0.2490234375,-1.08056640625,-0.07373046875,0.756664084248761,-1.48672253965615,0.5001858222178871,LVG2
244.88100000002999,-0.20458984375,-1.021484375,0.04248046875,2.43388292640917,-2.0018075140252,0.267120513567425,LVG2
244.90100000003,-0.1796875,-0.81005859375,0.17041015625,3.16287715666289,-2.19123959137581,0.21710193134563602,LVG2
244.92200000002998,-0.13671875,-0.60791015625,0.1396484375,3.0766749192168303,-2.32107506012173,0.247964460801633,LVG2
244.94200000003,-0.138671875,-0.40966796875,0.1708984375,1.4292543813587701,-2.3945065957239304,0.40653400869623996,LVG2
244.96200000002997,-0.091796875,-1.0625,0.197265625,1.76235685445281,-2.47964460801633,0.051082807375443996,LVG2
244.98600000002997,0.0712890625,-0.49560546875,0.54638671875,3.8567519568460096,-2.6616271092913504,-0.238386434418738,LVG2
245.00600000002999,0.08642578125,-0.3837890625,0.6005859375,4.60915914048015,-2.6850400626717597,-0.16708334912384698,LVG2
245.02700000002997,0.20751953125,-0.1796875,0.681640625,4.32394679930059,-2.58181022276722,-0.157505322740952,LVG2
245.04700000002998,0.39306640625,-0.34619140625,0.8095703125,2.73931554550817,-2.44346095279206,-0.148991521511711,LVG2
245.06700000003,0.38427734375,-0.51904296875,0.8095703125,1.4665022617366998,-2.2167809950635298,-0.17240447489212302,LVG2
245.08700000002997,0.3759765625,-0.490234375,0.83984375,0.9939862935138442,-2.1678266379954,-0.174532925199433,LVG2
245.10700000002998,0.49853515625,-0.5458984375,0.84033203125,0.8950133542239208,-2.29340520612669,-0.192624752811569,LVG2
245.12700000003,0.6845703125,-0.70654296875,1.103515625,1.01846347204791,-2.31256125889249,-0.16389067366288199,LVG2
245.14800000002998,0.69921875,-0.97900390625,1.15380859375,0.747086057865866,-1.9975506134105803,-0.026605628841377002,LVG2
245.16800000003,0.6826171875,-1.05419921875,1.28564453125,0.5980945363541539,-1.62720025993862,0.237322209265083,LVG2
245.19200000003,0.814453125,-0.92626953125,1.37109375,0.461873716686304,-1.14617049048652,0.796040414933999,LVG2
245.21200000002997,0.64404296875,-0.830078125,0.8828125,0.5076353982934729,-0.656626919805184,1.09615190826473,LVG2
245.23300000003,0.28369140625,-0.52880859375,0.74267578125,0.634278191578427,-0.382056830162173,1.0163350217406,LVG2
245.25300000002997,0.20703125,-0.26123046875,0.7763671875,0.40227710808162,-0.40866245900354997,0.6779114228782851,LVG2
245.27300000002998,0.1513671875,-0.1943359375,0.77880859375,0.21497348103832603,-0.47251596822285497,0.409726684157205,LVG2
245.29300000003,0.1865234375,-0.0205078125,0.7890625,-0.04682590676082401,-0.519341874983679,-0.031926754609652,LVG2
245.31700000003,0.3515625,-0.25341796875,0.69384765625,-0.37247880377927794,-0.606608337583395,-0.582131159049328,LVG2
245.33800000002998,0.486328125,-0.3740234375,0.92041015625,0.16601912397019197,-0.730058455407384,-0.8747930763044749,LVG2
245.35800000003,0.4697265625,-0.31640625,1.0517578125,-0.050018582221788996,-0.594901860893189,-0.914169406989713,LVG2
245.37800000002997,0.77880859375,-0.6875,0.99462890625,-0.543819053517745,-0.415047809925481,-0.8460589971557879,LVG2
245.39800000002998,0.72998046875,-0.9033203125,0.93896484375,-0.814132242546135,-0.040440555838893,-0.571488907512777,LVG2
245.41700000003,0.169921875,-0.71484375,0.619140625,-0.7194162038708342,0.28308389087225105,-0.584259609356638,LVG2
245.43800000002997,0.19384765625,-0.8583984375,0.51220703125,-0.11280786628743801,0.00212845030731,-0.8407378713875121,LVG2
245.45800000002998,0.548828125,-0.85498046875,0.6181640625,0.49805737191057703,-0.49486469644961206,-0.5991587615078101,LVG2
245.47800000003,0.4111328125,-0.56689453125,0.65478515625,0.693874800183112,-0.39695598231334395,-0.267120513567425,LVG2
245.49800000002998,0.08740234375,-0.228515625,0.6328125,0.657691144958839,-0.367157678011002,-0.36077232708907203,LVG2
245.51800000002999,0.23291015625,-0.509765625,0.78369140625,0.41717626023279103,-0.555525530207951,-0.8311598450046171,LVG2
245.53900000002997,0.962890625,-0.359375,1.30810546875,0.5235987755982989,-0.5565897553616059,-1.31751074022499,LVG2
245.55900000002998,1.05322265625,-0.2978515625,1.1455078125,-0.260735162645494,0.28946924179418104,-1.1983175230156202,LVG2
245.57900000003,0.87744140625,-0.25537109375,0.728515625,-1.09402345795742,1.07380318003797,-0.959931088596881,LVG2
245.60300000003,0.880859375,-0.07763671875,0.6474609375,-1.530355770956,1.4313828316660802,-0.979087141362673,LVG2
245.62300000002998,0.96826171875,-0.396484375,0.5185546875,-2.30936858343152,1.6005946310972399,-0.7034528265660072,LVG2
245.64400000003,0.869140625,-0.6396484375,0.3642578125,-2.21145986929525,1.530355770956,-0.334166698247695,LVG2
245.66400000002997,0.68408203125,-0.55322265625,0.57080078125,-1.2515287806983701,1.3473090445273301,-0.120257442363024,LVG2
245.68400000002998,0.57470703125,-0.44921875,0.80517578125,-1.05251867696487,1.15574851686942,0.10642251536550801,LVG2
245.70400000003,0.509765625,-0.86279296875,0.7998046875,-1.66125546485558,1.00888544566502,0.319267546096524,LVG2
245.72400000002997,0.41552734375,-0.919921875,0.84033203125,-1.74000812622605,1.03336262419908,0.3682219031646571,LVG2
245.74400000002998,0.30908203125,-0.8525390625,0.70068359375,-1.58569547894607,1.0376195248137001,0.39802020746699995,LVG2
245.76400000003,0.24169921875,-0.7958984375,0.4638671875,-1.5271630954950401,0.959931088596881,0.46080949153264894,LVG2
245.78400000002998,0.20458984375,-0.7607421875,0.40234375,-1.5016216918073202,0.792847739473034,0.568296232051812,LVG2
245.80400000003,0.2705078125,-0.705078125,0.447265625,-1.5750532274095201,0.488479345527681,0.648113118575943,LVG2
245.82400000003,0.30810546875,-0.86083984375,0.49609375,-1.5090712678829,0.36077232708907203,0.602351436968775,LVG2
245.84500000002998,0.3720703125,-0.810546875,0.66357421875,-1.67296194154578,0.37247880377927794,0.572553132666432,LVG2
245.86500000003,0.36767578125,-0.83056640625,0.66796875,-1.9996790637178898,0.508699623447128,0.5597824308225721,LVG2
245.88500000002998,0.45556640625,-0.81494140625,0.82080078125,-2.2753133785145603,0.60980101304436,0.643856217961323,LVG2
245.90500000003,0.322265625,-1.06103515625,0.4150390625,-2.3732220926508303,0.848187447463098,0.637470867039392,LVG2
245.92500000003,0.29541015625,-0.92041015625,0.41650390625,-1.3356025678371202,0.684296773800216,0.6651407210344239,LVG2
245.94500000002998,0.2578125,-0.859375,0.421875,-1.22705160216431,0.572553132666432,0.7002601511050419,LVG2
245.96600000003,0.2099609375,-0.92236328125,0.4541015625,-1.15681274202307,0.5874522848176039,0.6736545222636651,LVG2
245.98600000002997,0.2353515625,-0.9873046875,0.6259765625,-1.42499748074415,0.8641508247679242,0.5565897553616059,LVG2
246.01000000002998,0.14013671875,-0.9970703125,0.38232421875,-1.52397042003407,1.26536370769589,0.567232006898157,LVG2
246.03000000003,0.0654296875,-1.021484375,0.3623046875,-0.979087141362673,1.27068483346416,0.696003250490422,LVG2
246.05100000002997,-0.02734375,-1.04248046875,0.45458984375,-0.7843339382437929,1.21640935062776,0.6991959259513871,LVG2
246.07100000002998,-0.04248046875,-1.05908203125,0.439453125,-0.669397621649045,1.32921721691519,0.675782972570975,LVG2
246.09100000003,-0.14404296875,-1.009765625,0.5234375,-0.5427548283640901,1.57186055194855,0.667269171341735,LVG2
246.11100000002997,-0.22509765625,-0.9482421875,0.408203125,0.21284503073101602,1.5080070427292498,0.5906449602785689,LVG2
246.13100000002999,-0.263671875,-0.76318359375,0.23486328125,1.24088652916182,1.2153451254741001,0.371414578625623,LVG2
246.15100000003,-0.06982421875,-0.60009765625,0.45361328125,1.17171189417424,1.0280414984308102,0.04789013191447901,LVG2
246.17200000002998,-0.0556640625,-0.74853515625,0.52734375,0.21497348103832603,1.08125275611356,-0.230936858343152,LVG2
246.19600000002998,-0.220703125,-0.62451171875,0.2138671875,0.505506947986163,1.06741782911604,-0.550204404439676,LVG2
246.21600000003,-0.1982421875,-0.55615234375,0.0537109375,2.3242677355826897,0.48422244491306105,-0.8343525204655821,LVG2
246.23600000002997,0.13134765625,-0.5546875,0.16650390625,2.7754992007324506,-0.284148116025906,-1.1472347156401799,LVG2
246.25700000003,0.35791015625,-0.5595703125,0.07861328125,1.26855638315685,-0.6736545222636651,-1.51226394334387,LVG2
246.27700000002997,0.421875,-0.783203125,-0.07568359375,0.20539545465543,-0.664076495880769,-1.8783573962012101,LVG2
246.29700000002998,0.56640625,-1.005859375,0.17041015625,1.29196933653727,-0.818389143160756,-1.928375978423,LVG2
246.32100000002998,0.5810546875,-1.08837890625,0.23486328125,0.8779857517654399,-1.04187642542832,-1.47501606296594,LVG2
246.34100000003,0.4716796875,-1.1484375,0.1240234375,0.338423598862315,-0.883306877533716,-1.4686307120440099,LVG2
246.36200000002998,0.45751953125,-1.15673828125,0.05419921875,1.64316363724344,-0.981215591669983,-1.3132538396103701,LVG2
246.38200000003,0.4873046875,-0.98779296875,0.1806640625,2.91597692101492,-1.19618907270831,-0.950353062213986,LVG2
246.40200000002997,0.505859375,-0.76123046875,0.46337890625,3.03410591307063,-1.4409608580489799,-0.642791992807668,LVG2
246.42100000002998,0.50390625,-0.76171875,0.72802734375,2.61267275222322,-1.5761174525631698,-0.40014865777430997,LVG2
246.44200000003,0.546875,-0.744140625,0.80126953125,1.5644109758729698,-1.40158452736374,-0.10961519082647302,LVG2
246.46300000002998,0.67431640625,-1.119140625,0.69970703125,1.28771243592265,-1.07380318003797,0.247964460801633,LVG2
246.48300000003,0.58056640625,-0.97412109375,0.736328125,1.77406333114302,-0.850315897770408,0.550204404439676,LVG2
246.50200000003,0.5029296875,-0.73193359375,1.0849609375,1.4931078905780801,-0.6247001651955311,0.7396364817902801,LVG2
246.52700000002997,0.35888671875,-0.49267578125,0.94287109375,0.9216189830652979,-0.4320754123839621,0.768370560938967,LVG2
246.54700000002998,0.3095703125,-0.421875,0.859375,0.898206029684887,-0.459745266378994,0.5693604572054671,LVG2
246.56800000003,0.39111328125,-0.28662109375,1.05224609375,0.95141728736764,-0.39802020746699995,0.365029227703692,LVG2
246.58800000002998,0.4658203125,-0.2744140625,1.166015625,0.547011728978711,-0.249028685955288,0.239450659572393,LVG2
246.60800000003,0.46142578125,-0.18408203125,1.09521484375,-0.00212845030731,-0.148991521511711,0.178789825814053,LVG2
246.62800000002997,0.470703125,-0.353515625,0.9716796875,-0.515084974369058,-0.16282644850922698,0.14686307120440098,LVG2
246.64800000002998,0.5732421875,-0.4794921875,0.9384765625,-0.733251130868349,-0.164954898816537,0.045761681607168,LVG2
246.66800000003,0.5712890625,-0.45263671875,0.8525390625,-0.456552590918029,-0.00212845030731,-0.10322983990454301,LVG2
246.68800000002997,0.53466796875,-0.359375,0.75390625,-0.37035035347196704,0.11174364113378302,-0.20752390496273998,LVG2
246.70800000002998,0.4873046875,-0.46533203125,0.5615234375,-0.7321869057146941,0.18198250127501897,-0.20752390496273998,LVG2
246.72800000003,0.45654296875,-0.677734375,0.48046875,-0.950353062213986,0.20752390496273998,-0.114936316594749,LVG2
246.74800000002998,0.4404296875,-0.87744140625,0.40576171875,-0.9769586910553629,0.177725600660398,0.029798304302342003,LVG2
246.76800000002999,0.40966796875,-0.84228515625,0.4873046875,-0.6129936885053261,0.21071658042370603,0.154312647279986,LVG2
246.78900000002997,0.35107421875,-0.82568359375,0.4765625,-0.446974564535133,0.21284503073101602,0.284148116025906,LVG2
246.80900000002998,0.279296875,-0.85009765625,0.4033203125,-0.247964460801633,0.120257442363024,0.240514884726048,LVG2
246.82900000003,0.3759765625,-0.6962890625,0.6376953125,0.303304168791697,-0.080881111677786,-0.021284503073102003,LVG2
246.84900000002997,0.41650390625,-0.6845703125,0.732421875,0.555525530207951,-0.08300956198509599,-0.10535829021185301,LVG2
246.86900000002998,0.333984375,-0.7666015625,0.62744140625,0.753471408787796,-0.06278928406565,-0.08513801229240599,LVG2
246.88900000003,0.32177734375,-0.73828125,0.59619140625,1.27707018438609,-0.20220277919446497,-0.017027602458481002,LVG2
246.90900000002998,0.44091796875,-0.56640625,0.671875,1.60697998201917,-0.40227710808162,0.038312105531583,LVG2
246.92900000003,0.4677734375,-0.65869140625,0.6220703125,1.3409236936053999,-0.39695598231334395,0.141541945436126,LVG2
246.94900000003,0.45947265625,-0.52197265625,0.7783203125,1.5282273206486898,-0.40227710808162,0.21390925588467102,LVG2
246.96900000002998,0.44970703125,-0.4169921875,0.86767578125,1.30154736292016,-0.393763306852379,0.34055204916962495,LVG2
246.99000000003,0.4599609375,-0.58056640625,0.70068359375,0.647048893422288,-0.35013007555252096,0.40653400869623996,LVG2
247.01400000003,0.5322265625,-0.552734375,0.76953125,0.549140179286021,-0.328845572479419,0.40440555838892994,LVG2
247.03400000002998,0.513671875,-0.63818359375,0.7314453125,0.483158219759406,-0.245836010494323,0.39482753200603404,LVG2
247.05400000003,0.4892578125,-0.50146484375,0.794921875,0.580002708742018,-0.19368897796522402,0.365029227703692,LVG2
247.07500000002997,0.40087890625,-0.2958984375,0.88037109375,0.42249738600106607,-0.154312647279986,0.35757965162810706,LVG2
247.09500000002998,0.38623046875,-0.47705078125,0.71484375,-0.09578026382895699,-0.20539545465543,0.27137741418204503,LVG2
247.11500000003,0.498046875,-0.74169921875,0.82861328125,0.26179938779914896,-0.26286361295280397,0.20858813011639601,LVG2
247.13500000002998,0.50048828125,-0.6318359375,0.9111328125,0.521470325290989,-0.142606170589781,0.393763306852379,LVG2
247.15500000003,0.44091796875,-0.52392578125,0.79638671875,0.28734079148687103,-0.079816886524131,0.5448832786714001,LVG2
247.17600000002997,0.44677734375,-0.52197265625,0.81396484375,0.122385892670334,-0.13409236936053998,0.572553132666432,LVG2
247.19600000002998,0.39794921875,-0.49853515625,0.75341796875,0.07023886014123501,-0.13409236936053998,0.5565897553616059,LVG2
247.22000000002998,0.38037109375,-0.42236328125,0.78955078125,0.233065308650462,-0.08513801229240599,0.31288219517459304,LVG2
247.24000000003,0.40234375,-0.26318359375,0.923828125,0.20326700434811998,-0.038312105531583,0.139413495128815,LVG2
247.26000000002998,0.376953125,-0.1552734375,0.94482421875,-0.127707018438609,0.078752661370476,0.050018582221788996,LVG2
247.28100000003,0.33349609375,-0.34521484375,0.8876953125,-0.488479345527681,0.16601912397019197,-0.032990979763308,LVG2
247.30100000002997,0.3740234375,-0.58251953125,0.88671875,-0.450167239996098,0.08513801229240599,-0.10429406505819801,LVG2
247.32100000002998,0.38916015625,-0.73876953125,0.79345703125,-0.194753203118879,-0.003192675460965,-0.09365181352164699,LVG2
247.34100000003,0.3759765625,-0.71630859375,0.642578125,0.08194533683144099,-0.07130308529489,0.014899152151171002,LVG2
247.36000000002997,0.3603515625,-0.72607421875,0.54296875,0.18943207735060397,-0.145798846050746,0.141541945436126,LVG2
247.38100000002999,0.3564453125,-0.72021484375,0.59228515625,0.28308389087225105,-0.239450659572393,0.20007432888715498,LVG2
247.40100000003,0.37890625,-0.779296875,0.626953125,0.4320754123839621,-0.33523092340134997,0.225615732574877,LVG2
247.42100000002998,0.47998046875,-0.66552734375,0.828125,0.594901860893189,-0.32778134732576397,0.20433122950177499,LVG2
247.44100000003,0.47265625,-0.5244140625,0.89306640625,0.49486469644961206,-0.192624752811569,0.249028685955288,LVG2
247.46100000003,0.46435546875,-0.361328125,0.89013671875,0.28734079148687103,-0.053211257682754004,0.238386434418738,LVG2
247.48100000002998,0.41357421875,-0.130859375,0.8515625,0.08300956198509599,0.042569006146202994,0.09258758836799198,LVG2
247.50100000003,0.43994140625,-0.43603515625,0.7294921875,-0.10322983990454301,-0.015963377304826,0.029798304302342003,LVG2
247.52100000002997,0.4697265625,-0.50439453125,0.7255859375,0.061725058911995,-0.097908714136267,0.06811040983392501,LVG2
247.54100000002998,0.50634765625,-0.57666015625,0.7578125,0.20965235527005102,-0.160697998201917,0.16389067366288199,LVG2
247.56100000003,0.48681640625,-0.52685546875,0.78857421875,0.23200108349680698,-0.155376872433642,0.27244163933570004,LVG2
247.58100000002997,0.38134765625,-0.50732421875,0.703125,0.168147574277502,-0.188367852196949,0.34055204916962495,LVG2
247.60200000003,0.3115234375,-0.32177734375,0.7548828125,-0.010642251536551002,-0.28095544056494104,0.302239943638043,LVG2
247.62200000002997,0.3408203125,-0.4306640625,0.80078125,-0.34055204916962495,-0.302239943638043,0.25541403687721903,LVG2
247.64200000002998,0.3994140625,-0.626953125,0.85546875,-0.21497348103832603,-0.20965235527005102,0.19688165342619002,LVG2
247.66200000003,0.45947265625,-0.484375,0.8955078125,-0.39269908169872403,-0.012770701843860999,0.114936316594749,LVG2
247.68200000002997,0.31787109375,-0.556640625,0.5908203125,-0.681104098339251,0.04682590676082401,0.020220277919447,LVG2
247.70200000002998,0.26416015625,-0.7724609375,0.3974609375,-0.16389067366288199,-0.228808408035842,-0.06917463498758,LVG2
247.72200000003,0.40966796875,-0.6728515625,0.71875,0.023412953380412004,-0.371414578625623,-0.084073787138751,LVG2
247.74200000002998,0.505859375,-0.7646484375,0.796875,-0.06066083375833999,-0.254349811723564,-0.043633231299858,LVG2
247.76200000002999,0.37353515625,-0.9052734375,0.59814453125,0.5640393314371921,-0.20965235527005102,-0.10216561475088799,LVG2
247.78200000003,0.33740234375,-0.57470703125,0.77001953125,0.9365181352164699,-0.27244163933570004,-0.16282644850922698,LVG2
247.80300000002998,0.3681640625,-0.5537109375,0.88037109375,0.683232548646561,-0.2969188178697669,-0.157505322740952,LVG2
247.82300000003,0.3603515625,-0.77197265625,0.8037109375,0.9024629302995071,-0.29372614240880196,-0.072367310448545,LVG2
247.84300000002997,0.25537109375,-0.71533203125,0.7646484375,1.57186055194855,-0.47358019337651,-0.06491773437296,LVG2
247.86300000002998,0.28125,-0.3525390625,0.8759765625,1.5037501421146298,-0.578938483588363,0.039376330685238,LVG2
247.88300000003,0.47265625,-0.408203125,0.88623046875,1.25897835677396,-0.351194300706176,0.030862529455997004,LVG2
247.90300000002998,0.46337890625,-0.27392578125,0.734375,1.1344640137963102,0.06278928406565,0.351194300706176,LVG2
247.92400000003,0.39404296875,-0.17529296875,0.7314453125,0.759856759709726,-0.04682590676082401,0.29372614240880196,LVG2
247.94800000003,0.5927734375,-0.51416015625,0.8759765625,0.47570864368382,-0.562975106283537,0.401212882927965,LVG2
247.96800000002997,0.69775390625,-0.30712890625,0.7783203125,0.781141262782828,-0.788590838858414,0.41611203507913597,LVG2
247.98800000002998,0.74169921875,-0.12890625,0.79052734375,0.692810575029456,-0.373543028932933,0.656626919805184,LVG2
248.00900000002997,0.755859375,-0.3603515625,0.8349609375,0.097908714136267,-0.012770701843860999,0.7258015547927641,LVG2
248.02900000002998,0.689453125,-0.4775390625,0.896484375,-0.223487282267567,0.030862529455997004,0.637470867039392,LVG2
248.04900000003,0.5302734375,-0.31494140625,0.802734375,-0.321395996403834,0.061725058911995,0.60128721181512,LVG2
248.06900000002997,0.47021484375,-0.185546875,0.77978515625,-0.526791451059264,0.14047772028247002,0.38099260500851795,LVG2
248.08900000002998,0.615234375,-0.22021484375,0.8427734375,-0.9546099628286059,0.26286361295280397,0.17666137550674302,LVG2
248.10900000003,0.60400390625,-0.4658203125,0.84716796875,-1.25578568131299,0.5853238345102929,-0.229872633189497,LVG2
248.12900000002998,0.515625,-0.4697265625,0.90185546875,-0.8822426523800608,0.881178427226405,-0.30436839394535303,LVG2
248.14900000003,0.39501953125,-0.58544921875,0.767578125,-0.6715260719563549,0.7577283094024159,0.23200108349680698,LVG2
248.16900000003,0.32373046875,-0.52392578125,0.615234375,-0.8747930763044749,0.46932329276189,0.3682219031646571,LVG2
248.18900000002998,0.3212890625,-0.66455078125,0.7548828125,-1.28984088622996,0.30117571848438696,0.354386976167141,LVG2
248.20900000003,0.4794921875,-0.27685546875,1.06591796875,-1.13659246410362,-0.013834926997516001,0.533176801981195,LVG2
248.23000000002997,0.19140625,-0.5166015625,0.80517578125,-1.9294402035766598,0.428882736922997,0.18943207735060397,LVG2
248.25000000002998,0.36572265625,-0.5791015625,0.5498046875,-1.64209941208979,-0.06385350921930501,0.09258758836799198,LVG2
248.27400000003,0.408203125,-0.75390625,0.51708984375,-1.16958344386693,0.28201966571859605,-0.054275482836409004,LVG2
248.29400000003102,0.20703125,-1.04296875,0.7060546875,-0.348001625245211,0.6183148142736011,0.12983546874592,LVG2
248.31500000002998,0.3056640625,-0.89013671875,0.779296875,0.250092911108944,0.077688436216821,-0.024477178534067005,LVG2
248.33500000003102,0.4150390625,-0.6416015625,0.63037109375,0.18304672642867398,0.41398358477182595,-0.06811040983392501,LVG2
248.35500000003103,0.18994140625,-0.5625,0.63623046875,0.16601912397019197,0.42569006146203203,-0.14686307120440098,LVG2
248.375000000031,0.267578125,-0.6455078125,0.70263671875,0.178789825814053,-0.37035035347196704,-0.39695598231334395,LVG2
248.39500000003102,0.62890625,-0.705078125,0.74755859375,0.101101389597233,-1.11637218618418,-0.454424140610719,LVG2
248.415000000031,0.81494140625,-0.54248046875,0.79296875,-0.051082807375443996,-0.637470867039392,-0.297983043023422,LVG2
248.435000000031,0.49755859375,-0.66259765625,0.736328125,-0.242643335033358,0.148991521511711,-0.054275482836409004,LVG2
248.45500000003102,0.58837890625,-0.09912109375,0.90966796875,-0.06917463498758,0.195817428272535,0.021284503073102003,LVG2
248.475000000031,0.2470703125,-0.6474609375,0.6435546875,-2.49986488593578,1.5750532274095201,-0.685360998953871,LVG2
248.495000000031,0.353515625,-1.06396484375,0.33837890625,-1.76235685445281,0.412919359618171,-0.10642251536550801,LVG2
248.51500000003102,0.2783203125,-0.4853515625,0.81298828125,0.28308389087225105,-0.037247880377928,0.097908714136267,LVG2
248.536000000031,0.353515625,-0.79736328125,0.66943359375,-0.11387209144109299,0.09471603867530198,-0.10961519082647302,LVG2
248.55600000003102,0.39208984375,-0.810546875,0.6142578125,0.018091827612136003,0.074495760755856,-0.114936316594749,LVG2
248.58000000003102,0.37109375,-0.69482421875,0.62060546875,0.238386434418738,0.020220277919447,-0.118128992055714,LVG2
248.600000000031,0.38525390625,-0.6181640625,0.65625,0.29372614240880196,0.007449576075585999,-0.10535829021185301,LVG2
248.62100000003102,0.45556640625,-0.61962890625,0.75537109375,0.300111493330732,0.015963377304826,-0.09365181352164699,LVG2
248.64100000003103,0.4765625,-0.6328125,0.7666015625,0.18411095158232899,0.057468158297374,-0.042569006146202994,LVG2
248.661000000031,0.419921875,-0.5458984375,0.72119140625,0.054275482836409004,0.137285044821505,-0.013834926997516001,LVG2
248.68100000003102,0.38330078125,-0.5029296875,0.73095703125,-0.10429406505819801,0.195817428272535,-0.00638535092193,LVG2
248.701000000031,0.43798828125,-0.544921875,0.86181640625,-0.284148116025906,0.252221361416254,0.019156052765792,LVG2
248.721000000031,0.501953125,-0.63134765625,0.92041015625,-0.6864252241075259,0.34055204916962495,0.019156052765792,LVG2
248.74100000003102,0.32470703125,-0.70068359375,0.74755859375,-1.06422515365508,0.38844218108410405,0.003192675460965,LVG2
248.761000000031,0.41162109375,-0.55908203125,0.65283203125,-0.8779857517654399,0.20433122950177499,-0.120257442363024,LVG2
248.781000000031,0.37939453125,-0.603515625,0.63720703125,-0.791783514319379,0.415047809925481,0.015963377304826,LVG2
248.80100000003102,0.40673828125,-0.73291015625,0.6298828125,-0.8151964676997909,0.606608337583395,0.06704618468026999,LVG2
248.822000000031,0.3291015625,-0.77685546875,0.62353515625,-0.7321869057146941,0.664076495880769,0.038312105531583,LVG2
248.84200000003102,0.32763671875,-0.81103515625,0.55224609375,-0.809875341931515,0.516149199522713,0.018091827612136003,LVG2
248.862000000031,0.31103515625,-0.85693359375,0.517578125,-0.5384979277494699,0.461873716686304,0.086202237446062,LVG2
248.882000000031,0.26953125,-0.8349609375,0.6455078125,-0.290533466947837,0.479965544298441,0.09258758836799198,LVG2
248.90200000003102,0.44677734375,-0.83642578125,0.85400390625,-0.7055812768733171,0.550204404439676,0.147927296358056,LVG2
248.922000000031,0.23486328125,-0.8828125,0.7607421875,-1.33879524329809,0.80242576585593,0.326717122172109,LVG2
248.94200000003102,0.23828125,-0.76806640625,0.73681640625,-0.701324376258697,0.7289942302537291,0.227744182882187,LVG2
248.96200000003103,0.3251953125,-0.69921875,0.974609375,-0.37886415470120793,0.9056556057604721,0.195817428272535,LVG2
248.982000000031,0.29443359375,-0.81591796875,0.900390625,-1.02378459781619,1.34518059422002,0.128771243592265,LVG2
249.00200000003102,0.2646484375,-0.88427734375,0.8095703125,-0.7247373296391091,1.66231969000923,0.06704618468026999,LVG2
249.022000000031,0.1416015625,-0.84521484375,0.75048828125,0.256478262030874,1.67828306731406,0.018091827612136003,LVG2
249.042000000031,0.15234375,-0.60009765625,0.9833984375,0.320331771250179,1.69531066977254,-0.080881111677786,LVG2
249.06200000003102,0.29736328125,-0.5693359375,1.115234375,-0.332038247940385,1.8730362704329397,-0.09365181352164699,LVG2
249.083000000031,0.26025390625,-0.70849609375,0.7109375,-0.594901860893189,1.8560086679744598,-0.076624211063166,LVG2
249.102000000031,0.27001953125,-0.7548828125,0.46533203125,-0.030862529455997004,1.5282273206486898,-0.139413495128815,LVG2
249.12700000003102,0.1826171875,-0.46826171875,0.54443359375,0.21497348103832603,1.28771243592265,-0.171340249738468,LVG2
249.148000000031,0.07861328125,-0.60791015625,0.60791015625,0.12983546874592,1.16106964263769,-0.284148116025906,LVG2
249.16800000003101,0.20361328125,-0.76904296875,0.60986328125,-0.019156052765792,0.985472492284603,-0.573617357820088,LVG2
249.18800000003102,0.36083984375,-0.84423828125,0.37548828125,-0.608736787890705,0.763049435170692,-0.800297315548619,LVG2
249.208000000031,0.31884765625,-1.12548828125,0.1259765625,-0.992922068360189,0.617250589119946,-0.841802096541167,LVG2
249.22800000003102,0.318359375,-1.294921875,0.09375,-0.411855134464516,0.10642251536550801,-0.9641879892115021,LVG2
249.24800000003103,0.32763671875,-1.11083984375,0.205078125,0.37035035347196704,-0.521470325290989,-0.969509114979777,LVG2
249.268000000031,0.40087890625,-0.9404296875,0.09619140625,0.7587925345560709,-1.0652893788087299,-0.685360998953871,LVG2
249.28800000003102,0.39013671875,-1.0732421875,-0.0458984375,1.2376938537008602,-1.3888138255198799,-0.148991521511711,LVG2
249.308000000031,0.2509765625,-0.96240234375,-0.025390625,2.01032131525444,-1.40690565313201,0.10961519082647302,LVG2
249.328000000031,0.20849609375,-0.47314453125,0.39111328125,2.09333087723954,-1.19938174816927,0.17240447489212302,LVG2
249.34800000003102,0.14990234375,-0.51806640625,0.7353515625,1.2696206083105102,-1.00143586958943,0.124514342977644,LVG2
249.37300000003103,0.10009765625,-0.6865234375,0.84716796875,0.21071658042370603,-0.517213424676368,-0.08939491290702699,LVG2
249.393000000031,0.1181640625,-0.76025390625,0.65869140625,0.14047772028247002,-0.3682219031646571,-0.139413495128815,LVG2
249.41300000003102,0.076171875,-0.7197265625,0.6865234375,0.573617357820088,-0.4320754123839621,-0.148991521511711,LVG2
249.434000000031,0.2255859375,-0.6171875,1.0400390625,0.308625294559973,-0.33523092340134997,-0.039376330685238,LVG2
249.45400000003102,0.28466796875,-0.79833984375,1.0166015625,0.011706476690206002,-0.21071658042370603,-0.003192675460965,LVG2
249.47400000003103,0.25927734375,-0.76611328125,0.92578125,0.485286670066716,-0.153248422126331,-0.123450117823989,LVG2
249.494000000031,0.26220703125,-0.51416015625,0.86572265625,0.876921526611785,-0.077688436216821,-0.241579109879703,LVG2
249.51400000003102,0.26953125,-0.28369140625,0.787109375,0.7545356339414508,-0.08513801229240599,-0.35013007555252096,LVG2
249.534000000031,0.2841796875,-0.2265625,0.70458984375,0.684296773800216,-0.168147574277502,-0.539562152903125,LVG2
249.554000000031,0.2490234375,-0.21484375,0.94580078125,0.27031318902839,-0.20539545465543,-0.73537958117566,LVG2
249.57400000003102,0.2783203125,-0.36376953125,1.0029296875,-0.26179938779914896,-0.20539545465543,-0.881178427226405,LVG2
249.594000000031,0.30859375,-0.48681640625,0.89599609375,-0.481029769452096,-0.154312647279986,-1.0280414984308102,LVG2
249.614000000031,0.27001953125,-0.505859375,0.7763671875,-0.37460725408658796,-0.117064766902059,-1.06954627942335,LVG2
249.63400000003102,0.453125,-0.5,0.75732421875,0.168147574277502,-0.11067941598012801,-0.9343896849091591,LVG2
249.655000000031,0.677734375,-1.05126953125,0.6591796875,0.74176493209759,0.7577283094024159,-0.08726646259971699,LVG2
249.67500000003102,0.275390625,-1.33935546875,0.4326171875,0.969509114979777,0.883306877533716,0.7109024026415931,LVG2
249.695000000031,0.33203125,-1.39501953125,0.0537109375,1.21002399970582,0.512956524061748,1.08125275611356,LVG2
249.715000000031,0.26904296875,-0.8525390625,0.115234375,1.8506875422061797,-0.07023886014123501,1.95391738211073,LVG2
249.73500000003102,0.19921875,-0.50732421875,0.576171875,1.15255584140845,-0.34268049947693496,1.7304300998431599,LVG2
249.755000000031,0.33642578125,-0.359375,0.79638671875,-0.26605628841377,-0.49592892160326707,0.46293794183995896,LVG2
249.775000000031,0.3740234375,-0.4462890625,0.833984375,-0.854572798385028,-0.393763306852379,-0.391634856545069,LVG2
249.79500000003102,0.40966796875,-0.5693359375,0.951171875,-0.687489449261181,-0.28946924179418104,-0.94716038675302,LVG2
249.815000000031,0.39892578125,-0.69482421875,1.03662109375,-0.669397621649045,-0.35757965162810706,-1.0727389548843198,LVG2
249.83500000003102,0.54345703125,-0.98193359375,1.005859375,-0.7981688652413091,-0.610865238198015,-0.896077579377577,LVG2
249.856000000031,0.57470703125,-0.7626953125,0.87353515625,-0.308625294559973,-0.616186363966291,-0.19368897796522402,LVG2
249.876000000031,0.4990234375,-0.68359375,0.619140625,-0.13834926997516,-0.17666137550674302,0.10429406505819801,LVG2
249.89500000003102,0.33935546875,-0.62548828125,0.7265625,0.13409236936053998,-0.065981959526615,0.27244163933570004,LVG2
249.92000000003102,0.318359375,-0.537109375,0.771484375,0.035119430070618,-0.09365181352164699,0.18943207735060397,LVG2
249.941000000031,0.2841796875,-0.61328125,0.697265625,0.08833068775337198,-0.061725058911995,0.20539545465543,LVG2
249.96100000003102,0.32470703125,-0.53857421875,0.740234375,0.4427176639205129,-0.311817970020938,0.16282644850922698,LVG2
249.981000000031,0.48681640625,-0.640625,0.71826171875,0.379928379854863,-0.41079090931086,0.235193758957772,LVG2
250.001000000031,0.38330078125,-0.654296875,0.76171875,0.30436839394535303,-0.302239943638043,0.225615732574877,LVG2
250.02100000003102,0.462890625,-0.53564453125,0.8076171875,0.40653400869623996,-0.37035035347196704,0.10855096567281801,LVG2
250.041000000031,0.45068359375,-0.48828125,0.80419921875,0.26924896387473496,-0.267120513567425,0.157505322740952,LVG2
250.06100000003102,0.4677734375,-0.447265625,0.8125,0.14473462089709102,-0.20752390496273998,0.156441097587297,LVG2
250.08100000003103,0.49267578125,-0.53271484375,0.76025390625,0.148991521511711,-0.09045913806068198,0.173468700045778,LVG2
250.101000000031,0.43310546875,-0.576171875,0.8125,0.249028685955288,-0.00212845030731,0.33097402278673,LVG2
250.12100000003102,0.32958984375,-0.54345703125,0.90478515625,0.13409236936053998,0.04895435706813401,0.38844218108410405,LVG2
250.14100000003103,0.27490234375,-0.53369140625,0.83203125,-0.126642793284954,-0.018091827612136003,0.020220277919447,LVG2
250.161000000031,0.3427734375,-0.68701171875,0.65283203125,-0.031926754609652,-0.133028144206885,-0.09471603867530198,LVG2
250.18100000003102,0.392578125,-0.708984375,0.61328125,0.401212882927965,-0.34374472463059,-0.018091827612136003,LVG2
250.201000000031,0.4423828125,-0.74755859375,0.673828125,0.5651035565908471,-0.36183655224272704,0.024477178534067005,LVG2
250.221000000031,0.4697265625,-0.6923828125,0.7177734375,0.67471874741732,-0.21603770619198104,0.10855096567281801,LVG2
250.24100000003102,0.3505859375,-0.66064453125,0.64453125,0.7619852100170369,-0.08939491290702699,0.123450117823989,LVG2
250.262000000031,0.31103515625,-0.73974609375,0.57177734375,1.00782122051136,-0.230936858343152,0.137285044821505,LVG2
250.28200000003102,0.38916015625,-0.5634765625,0.7392578125,1.3898780506735302,-0.451231465149754,0.21284503073101602,LVG2
250.302000000031,0.427734375,-0.529296875,0.8798828125,1.25046455554472,-0.489543570681336,0.26179938779914896,LVG2
250.322000000031,0.4130859375,-0.53369140625,0.85498046875,1.15255584140845,-0.42781851176934205,0.194753203118879,LVG2
250.34200000003102,0.35595703125,-0.5615234375,0.69482421875,1.40796987828567,-0.511892298908093,0.195817428272535,LVG2
250.362000000031,0.4521484375,-0.34326171875,0.91455078125,1.5080070427292498,-0.608736787890705,0.319267546096524,LVG2
250.382000000031,0.4228515625,-0.3828125,0.919921875,1.2121524500131398,-0.5257272259056089,0.29904726817707694,LVG2
250.40200000003102,0.36376953125,-0.4697265625,0.77734375,1.3888138255198799,-0.5831953842029829,0.23200108349680698,LVG2
250.422000000031,0.3095703125,-0.49267578125,0.708984375,2.03905539440313,-0.8907564536093009,0.310753744867283,LVG2
250.44200000003102,0.42919921875,-0.60693359375,0.9462890625,2.2795702791291803,-1.02484882296984,0.38099260500851795,LVG2
250.46200000003103,0.50732421875,-0.58544921875,1.033203125,2.12525763184919,-0.7896550640120691,0.479965544298441,LVG2
250.483000000031,0.404296875,-0.48046875,0.79296875,2.06459679809085,-0.54062637805678,0.681104098339251,LVG2
250.507000000031,0.400390625,-0.2783203125,0.7890625,2.32852463619731,-0.5363694774421599,1.0046285450504,LVG2
250.52700000003102,0.44482421875,-0.0361328125,0.92431640625,1.93156865388397,-0.49592892160326707,0.9801513665163281,LVG2
250.547000000031,0.4013671875,-0.0830078125,0.8427734375,1.4196763549758797,-0.338423598862315,0.7907192891657241,LVG2
250.56800000003102,0.3515625,0.0,0.88037109375,1.32283186599326,-0.377799929547553,0.648113118575943,LVG2
250.588000000031,0.53564453125,0.28759765625,1.005859375,0.80455421616324,-0.54062637805678,0.53211257682754,LVG2
250.608000000031,0.52978515625,0.45458984375,1.048828125,0.18517517673598397,-0.286276566333216,0.2788269902576311,LVG2
250.62800000003102,0.47705078125,0.59619140625,1.044921875,-0.512956524061748,0.020220277919447,-0.043633231299858,LVG2
250.648000000031,0.576171875,0.57421875,1.1884765625,-1.8549444428208,0.229872633189497,-0.41824048538644604,LVG2
250.66800000003101,0.7060546875,0.42236328125,1.29052734375,-3.4193554186937702,0.511892298908093,-0.8311598450046171,LVG2
250.689000000031,0.69921875,0.3466796875,1.30615234375,-4.775178264450339,0.9567384131359159,-1.22705160216431,LVG2
250.713000000031,0.73876953125,0.4228515625,1.34716796875,-6.689719315875831,1.4718233875049698,-1.0056927702040501,LVG2
250.733000000031,0.93115234375,-0.091796875,0.83544921875,-8.59255389061111,2.18166156499291,-1.06741782911604,LVG2
250.75300000003102,0.9521484375,-0.763671875,0.2080078125,-8.12748749846384,2.81806820687865,-0.9524815125212959,LVG2
250.774000000031,0.89501953125,-0.50830078125,0.3984375,-7.82631177997945,2.65311330806211,-0.46080949153264894,LVG2
250.79400000003102,0.78662109375,-0.8994140625,0.025390625,-7.5815399946387805,2.46474545586516,-0.21816615649929103,LVG2
250.81300000003102,0.74951171875,-1.05029296875,-0.0849609375,-5.903256927324719,2.16250551222712,-0.145798846050746,LVG2
250.838000000031,0.69287109375,-0.85498046875,0.0908203125,-5.81173356411039,2.1380283336930503,0.04150478099254799,LVG2
250.85900000003102,0.5400390625,-0.98583984375,0.12646484375,-5.79683441195922,2.06778947355182,0.354386976167141,LVG2
250.87900000003103,0.576171875,-0.95849609375,-0.154296875,-6.35023149185986,1.7304300998431599,0.6651407210344239,LVG2
250.899000000031,0.685546875,-1.28515625,-0.88623046875,-6.027771270302369,1.45586001020015,0.841802096541167,LVG2
250.91900000003102,0.5302734375,-1.43701171875,-0.89501953125,-4.0664043121160605,1.18022569540348,0.953545737674951,LVG2
250.939000000031,0.23486328125,-1.1591796875,-0.650390625,-2.14015678400036,0.7236731044854541,1.1983175230156202,LVG2
250.959000000031,0.16748046875,-0.8505859375,-0.43115234375,-1.01101389597233,0.05959660860468499,1.30154736292016,LVG2
250.98000000003103,0.31640625,-0.7880859375,0.0224609375,-0.8556370235386841,-0.19794587857984502,1.1727761193279,LVG2
251.000000000031,0.326171875,-1.025390625,0.0068359375,-1.9379540048058999,0.252221361416254,1.09615190826473,LVG2
251.02000000003102,0.2451171875,-1.2216796875,-0.283203125,-2.21784522021718,0.529984126520229,1.1866110463254098,LVG2
251.040000000031,0.26123046875,-1.103515625,-0.24169921875,-1.81876078759653,0.277762765103976,1.22918005247162,LVG2
251.059000000031,0.380859375,-0.9931640625,-0.453125,-1.55376872433642,-0.078752661370476,1.28026285984706,LVG2
251.08000000003102,0.2138671875,-0.74365234375,-0.40576171875,-0.9641879892115021,-0.17666137550674302,1.27387750892513,LVG2
251.100000000031,0.1875,-0.734375,-0.1279296875,-1.81769656244288,-0.035119430070618,1.27707018438609,LVG2
251.120000000031,0.1220703125,-1.03515625,-0.49169921875,-3.04049126399256,0.35332275101348604,1.4601169108147702,LVG2
251.14000000003102,0.12841796875,-1.26611328125,-0.88037109375,-3.1458495542044105,0.21816615649929103,1.61549378324841,LVG2
251.160000000031,0.078125,-1.16259765625,-1.04248046875,-2.7350586448935497,-0.338423598862315,1.8964492238133501,LVG2
251.18000000003101,-0.07568359375,-0.70751953125,-1.08056640625,-2.23487282267567,-0.7215446541781441,2.17208353861002,LVG2
251.20000000003103,-0.07958984375,-0.5166015625,-1.06201171875,-2.5126355877796405,-0.7736916867072429,2.2699922527462797,LVG2
251.220000000031,-0.07666015625,-0.59619140625,-1.060546875,-2.9585459271611203,-0.7822054879364829,2.4221764497189597,LVG2
251.24000000003102,-0.3310546875,-0.623046875,-0.8505859375,-2.97131662900498,-0.7864623885511031,2.58925979884281,LVG2
251.260000000032,-0.50634765625,-0.55712890625,-0.82861328125,-2.86063721302485,-0.962059538904192,2.4008919466458596,LVG2
251.280000000032,-0.43359375,-0.48779296875,-1.18212890625,-2.28701985520477,-1.2579141316203002,1.98690836187403,LVG2
251.30100000003202,-0.517578125,-0.4326171875,-1.10693359375,-0.970573340133432,-1.4824656390415298,1.67296194154578,LVG2
251.32500000003103,-0.7158203125,-0.74560546875,-0.31201171875,1.01314234627964,-1.44628198381725,1.4601169108147702,LVG2
251.345000000031,-0.7431640625,-0.69921875,0.15380859375,1.7006317955408201,-0.841802096541167,1.2227947015496898,LVG2
251.365000000032,-0.83349609375,-0.86767578125,-0.48583984375,0.9120409566824029,-0.06385350921930501,1.51013549303656,LVG2
251.386000000031,-1.04541015625,-0.91845703125,-0.82373046875,2.45303897917496,0.11280786628743801,1.38562115005891,LVG2
251.406000000031,-0.703125,-0.6982421875,-0.64208984375,5.91177072855396,-0.319267546096524,0.7502787333268308,LVG2
251.42600000003202,-0.25390625,-0.42724609375,-0.1455078125,6.229974049496829,-0.29479036756245697,0.4235616111547221,LVG2
251.446000000032,-0.1044921875,-0.4072265625,-0.1982421875,5.41264913148973,0.12983546874592,0.3597081019354171,LVG2
251.466000000032,0.0107421875,-0.0029296875,-0.0087890625,5.91815607947589,0.20326700434811998,0.080881111677786,LVG2
251.486000000032,0.25146484375,0.2158203125,-0.00634765625,5.24875845782685,0.058532383451029006,-0.45229569030340905,LVG2
251.506000000032,0.6318359375,-0.037109375,-0.40283203125,1.79428360906246,0.117064766902059,-0.9226832082189541,LVG2
251.526000000032,0.82568359375,-0.6494140625,-0.7646484375,-0.225615732574877,0.09258758836799198,-0.8513801229240631,LVG2
251.546000000032,0.38525390625,-1.14990234375,-0.41845703125,0.770499011246277,-0.37460725408658796,-0.6002229866614649,LVG2
251.566000000032,0.12841796875,-0.7275390625,0.31298828125,2.66375555959866,-1.0514544518112199,-0.80668266647055,LVG2
251.587000000032,-0.21484375,-0.47509765625,0.25927734375,2.5254062896235,-0.645984668268633,-0.33097402278673,LVG2
251.607000000032,-0.21142578125,-0.17333984375,0.224609375,0.962059538904192,-0.295854592716112,-0.606608337583395,LVG2
251.627000000032,0.0517578125,-0.1123046875,0.2841796875,0.019156052765792,0.156441097587297,-0.622571714888221,LVG2
251.64600000003202,0.09228515625,-0.3720703125,-0.07275390625,-0.654498469497874,1.08018853095991,-0.8747930763044749,LVG2
251.671000000032,-0.01513671875,-0.41259765625,-0.24560546875,-0.150055746665366,1.6112368826337902,-1.6878610936969598,LVG2
251.692000000032,-0.353515625,-0.43603515625,-0.26708984375,-1.06635360396239,1.42074058012953,-2.1146153803126397,LVG2
251.712000000032,-0.6201171875,-0.4580078125,-0.2744140625,-0.8662792750752341,0.28308389087225105,-2.51157136262599,LVG2
251.732000000032,-0.17626953125,-0.36083984375,-0.21435546875,-1.35369439544926,-0.26818473872107995,-2.6360857056036298,LVG2
251.752000000032,-0.05810546875,-1.2255859375,-0.47607421875,-1.2887766610763,0.119193217209369,-2.6850400626717597,LVG2
251.772000000032,0.0341796875,-1.3759765625,-0.36767578125,-0.37460725408658796,-0.32565289701845396,-2.40727729756779,LVG2
251.792000000032,0.1298828125,-1.5107421875,-0.171875,-1.15255584140845,-0.731122680561039,-1.70382447100178,LVG2
251.81200000003201,0.259765625,-1.9716796875,-0.12060546875,-0.5033784976788521,-0.685360998953871,-1.10998683526225,LVG2
251.832000000032,0.22607421875,-1.8505859375,-0.38916015625,1.41329100405395,-0.42249738600106607,-0.738572256636625,LVG2
251.852000000032,-0.00048828125,-1.2431640625,-0.265625,1.76129262929916,-0.195817428272535,-0.456552590918029,LVG2
251.87200000003202,-0.046875,-1.14306640625,-0.02392578125,0.30649684425266305,0.05959660860468499,-0.18517517673598397,LVG2
251.893000000032,-0.0703125,-1.19287109375,-0.10302734375,-0.319267546096524,0.250092911108944,-0.19688165342619002,LVG2
251.913000000032,-0.11328125,-1.3310546875,-0.23388671875,-0.303304168791697,0.28840501664052604,-0.14473462089709102,LVG2
251.933000000032,-0.20068359375,-1.54150390625,-0.41162109375,0.36609345285734707,0.142606170589781,-0.34161627432328,LVG2
251.953000000032,-0.033203125,-1.35107421875,-0.435546875,1.01846347204791,0.159633773048262,-0.4714517430692,LVG2
251.977000000032,-0.0107421875,-1.25390625,-0.4248046875,1.13127133833535,0.233065308650462,-0.334166698247695,LVG2
251.998000000032,-0.01708984375,-1.26513671875,-0.314453125,1.00356431989674,0.14047772028247002,-0.43313963753761703,LVG2
252.018000000032,-0.0224609375,-1.306640625,-0.302734375,0.970573340133432,0.118128992055714,-0.37886415470120793,LVG2
252.038000000032,-0.09375,-1.1083984375,-0.259765625,1.17384034448155,0.052147032529099004,-0.19049630250425897,LVG2
252.058000000032,-0.00048828125,-1.0078125,-0.15283203125,0.9961147438211541,-0.2788269902576311,-0.174532925199433,LVG2
252.078000000032,0.0869140625,-0.92822265625,-0.25634765625,0.535305252288505,-0.21071658042370603,-0.11280786628743801,LVG2
252.09800000003202,0.17431640625,-0.8720703125,-0.2060546875,-0.226679957728532,-0.28734079148687103,-0.245836010494323,LVG2
252.118000000032,0.25732421875,-0.5361328125,0.310546875,-2.22955169690739,-0.704517051719662,-0.150055746665366,LVG2
252.138000000032,0.61083984375,-0.9150390625,0.021484375,-4.681526450928691,-0.7183519787171779,0.40014865777430997,LVG2
252.15800000003202,0.62060546875,-1.0615234375,-0.6640625,-6.0245785948414,0.220294606806601,1.1631980929449999,LVG2
252.178000000032,0.21142578125,-1.66796875,-1.2451171875,-7.35698848721756,0.767306335785312,1.46543803658304,LVG2
252.198000000032,0.0673828125,-1.556640625,-1.15185546875,-6.04692732306816,-0.055339707990064005,1.32283186599326,LVG2
252.218000000032,-0.2998046875,-0.98046875,-1.0625,-4.452718042892849,-0.479965544298441,1.3590155212175399,LVG2
252.243000000032,-0.37060546875,-1.11083984375,-1.486328125,-3.8908071617629703,-1.2494003303910601,1.5005574666536599,LVG2
252.263000000032,-0.34912109375,-1.0693359375,-1.39306640625,-2.6648197847523196,-1.81876078759653,1.18554682117176,LVG2
252.28300000003202,-0.076171875,-0.92724609375,-1.330078125,-1.4452177586636001,-2.2699922527462797,0.801361540702275,LVG2
252.304000000032,-0.1142578125,-0.5888671875,-1.06982421875,-0.43952498845954796,-2.4519747540213,0.457616816071684,LVG2
252.32400000003202,-0.02294921875,-0.53271484375,-0.86376953125,0.264992063260115,-2.7637927240422404,0.328845572479419,LVG2
252.344000000032,0.109375,-0.7041015625,-0.59375,0.09684448898261201,-2.7872056774226497,0.377799929547553,LVG2
252.368000000032,-0.10546875,-0.79052734375,-0.484375,-0.275634314796665,-2.4902868595528798,0.73537958117566,LVG2
252.388000000032,-0.33203125,-0.546875,-0.46875,-0.040440555838893,-2.4179195491043397,0.763049435170692,LVG2
252.409000000032,-0.20654296875,-0.77734375,-0.56494140625,-0.20326700434811998,-2.4636812307115097,0.46932329276189,LVG2
252.429000000032,-0.12841796875,-0.8701171875,-0.5859375,0.053211257682754004,-2.6084158516086,0.27031318902839,LVG2
252.44900000003202,-0.2080078125,-0.626953125,-0.52294921875,0.7215446541781441,-2.50944291231868,0.349065850398866,LVG2
252.468000000032,-0.22900390625,-0.5341796875,-0.43798828125,0.9248116585262629,-2.36577251657524,0.487415120374026,LVG2
252.493000000032,-0.251953125,-0.7646484375,-0.435546875,0.6704618468026999,-2.34023111288752,0.562975106283537,LVG2
252.514000000032,-0.36474609375,-0.65234375,-0.3095703125,0.797104640087654,-2.32107506012173,0.5608466559762271,LVG2
252.534000000032,-0.47265625,-0.5517578125,-0.34521484375,0.736443806329315,-2.13164298277112,0.7577283094024159,LVG2
252.554000000032,-0.6494140625,-0.6220703125,-0.462890625,0.553397079900641,-1.91986217719376,0.88011420207275,LVG2
252.57400000003202,-0.7822265625,-0.71484375,-0.31201171875,0.767306335785312,-1.95285315695707,0.814132242546135,LVG2
252.594000000032,-0.86767578125,-0.63720703125,-0.005859375,0.8162606928534458,-2.13483565823209,0.666204946188079,LVG2
252.614000000032,-0.86474609375,-0.58203125,0.09423828125,0.801361540702275,-2.18485424045388,0.5512686295933311,LVG2
252.635000000032,-0.7060546875,-0.83740234375,-0.13623046875,0.614057913658981,-1.8549444428208,0.384185280469484,LVG2
252.655000000032,-0.65185546875,-1.06982421875,-0.177734375,0.08939491290702699,-1.4239332555905,0.169211799431158,LVG2
252.679000000032,-0.4658203125,-0.4931640625,0.2548828125,0.733251130868349,-1.39200650098084,0.385249505623139,LVG2
252.69900000003202,-0.42041015625,-0.4306640625,0.15966796875,-0.34055204916962495,-1.19618907270831,0.553397079900641,LVG2
252.720000000032,-0.4462890625,-0.56884765625,-0.4091796875,-0.696003250490422,-1.1036014843403201,0.40227710808162,LVG2
252.740000000032,-0.4794921875,-0.4013671875,-0.5107421875,-0.13409236936053998,-1.3100611641493998,0.19156052765791398,LVG2
252.760000000032,-0.47265625,-0.32177734375,-0.5654296875,0.061725058911995,-1.32815299176154,0.09471603867530198,LVG2
252.784000000032,-0.71240234375,-0.11962890625,-0.5712890625,-0.08833068775337198,-1.1759687947888602,0.27457008964301,LVG2
252.805000000032,-0.95703125,0.14599609375,-0.015625,0.338423598862315,-1.10785838495494,0.317139095789214,LVG2
252.825000000032,-0.916015625,0.24658203125,0.166015625,0.050018582221788996,-0.990793618052879,0.177725600660398,LVG2
252.845000000032,-0.76611328125,-0.43017578125,-0.25634765625,-1.02059192235522,-0.801361540702275,-0.04895435706813401,LVG2
252.865000000032,-0.71240234375,-1.24755859375,-0.6162109375,-0.955674187982261,-0.910976731528748,-0.225615732574877,LVG2
252.885000000032,-0.65380859375,-1.48681640625,-0.18798828125,0.744957607558555,-1.2834555353080301,0.10216561475088799,LVG2
252.905000000032,-0.6611328125,-0.9267578125,0.07861328125,1.9379540048058999,-1.1238217622597602,0.5640393314371921,LVG2
252.92600000003202,-0.998046875,-0.35009765625,0.1083984375,1.49204366542442,-0.809875341931515,1.07593163034528,LVG2
252.946000000032,-1.1376953125,-0.1162109375,0.32373046875,1.02697727327715,-0.648113118575943,1.0163350217406,LVG2
252.965000000032,-0.89453125,-0.09716796875,0.60791015625,0.5927734105858791,-0.49805737191057703,0.7236731044854541,LVG2
252.990000000032,-0.82421875,-0.23583984375,0.3056640625,-1.05677557757949,0.117064766902059,0.7662421106316569,LVG2
253.011000000032,-1.04248046875,-0.91015625,-0.3564453125,-0.27669853995032107,0.437396538152238,0.26179938779914896,LVG2
253.031000000032,-0.8974609375,-0.49951171875,-0.02099609375,1.4931078905780801,-0.241579109879703,0.20326700434811998,LVG2
253.05100000003202,-0.67822265625,-0.63623046875,0.69384765625,1.84536641643791,-0.22455150742122199,0.6534342443442189,LVG2
253.071000000032,-1.8525390625,-0.60498046875,-0.2490234375,2.60309472584032,-0.6055441124297399,0.581066933895673,LVG2
253.095000000032,-0.77734375,-0.625,0.556640625,0.9673806646724671,0.13622081966785002,1.78789825814053,LVG2
253.11600000003202,-0.68701171875,-0.65234375,0.80126953125,0.514020749215403,0.610865238198015,2.50731446201137,LVG2
253.136000000032,-0.7353515625,-0.224609375,1.18798828125,3.7290449384074,0.825838719236341,1.9943579379496201,LVG2
253.156000000032,-0.6083984375,0.310546875,0.6845703125,4.4335619901270595,1.7421365765333603,1.00037164443577,LVG2
253.17600000003202,-0.64453125,-0.5439453125,-0.47705078125,0.329909797633074,2.19443226683677,0.34055204916962495,LVG2
253.196000000032,-1.189453125,-1.29248046875,-0.13525390625,1.05039022665756,2.1710193134563602,0.19156052765791398,LVG2
253.216000000032,-0.94189453125,-0.17431640625,0.29296875,6.24913010226262,1.66444814031654,-0.5235987755982989,LVG2
253.237000000032,-0.5361328125,0.4619140625,0.30712890625,7.20480429024489,1.4186121298222198,-1.04613332604294,LVG2
253.257000000032,-0.892578125,0.48974609375,-0.1064453125,5.66912739352061,1.23343695308624,-1.0322983990454302,LVG2
253.281000000032,-0.91748046875,0.78173828125,0.18896484375,5.81279778926404,1.0652893788087299,-3.45341062361073,LVG2
253.30100000003202,-0.65234375,-0.01806640625,-0.03515625,4.21646005878142,1.06741782911604,-3.7865130967047698,LVG2
253.322000000032,-0.142578125,-0.08984375,-0.01416015625,5.01143624856177,0.43633231299858205,-4.4324977649734,LVG2
253.34200000003202,0.32958984375,-0.314453125,0.25048828125,5.93731213224169,-0.07023886014123501,-4.693232927618901,LVG2
253.362000000032,0.470703125,-0.54345703125,0.4140625,4.5463698564145,-0.236257984111428,-4.54530563126084,LVG2
253.386000000032,0.37744140625,-1.15625,-0.130859375,0.516149199522713,-0.309689519713628,-3.8301463280046297,LVG2
253.406000000032,-0.06689453125,-1.3720703125,0.013671875,0.5523328547469859,-0.46825906760823494,-2.81700398172499,LVG2
253.427000000032,-0.20556640625,-1.35986328125,0.1865234375,1.04187642542832,-0.7034528265660072,-1.74320080168702,LVG2
253.447000000032,-0.42724609375,-1.43017578125,0.0771484375,1.11530796103052,-0.756664084248761,-1.17064766902059,LVG2
253.46700000003202,-0.78564453125,-1.22705078125,0.2666015625,2.36151561596062,-1.29090511138361,-1.0684820542697,LVG2
253.49100000003202,-0.83642578125,-0.52734375,0.556640625,3.4427683720741804,-1.93156865388397,-1.2568499064666498,LVG2
253.511000000032,-0.56494140625,-0.806640625,0.5947265625,2.92981184801243,-2.01564244102272,-1.40796987828567,LVG2
253.532000000032,-0.44482421875,-1.0419921875,0.861328125,3.27036389718206,-1.90283457473528,-1.55164027402911,LVG2
253.552000000032,-0.55322265625,-0.60498046875,0.96337890625,4.13983584771826,-1.9219906275010703,-1.61975068386303,LVG2
253.572000000032,-0.439453125,-0.37353515625,0.29443359375,3.01707831061215,-2.11355115515899,-1.59740195563627,LVG2
253.59200000003202,-0.2392578125,-1.1650390625,0.296875,2.44665362825303,-2.2018818429123597,-1.48459408934884,LVG2
253.61600000003202,-0.576171875,-0.62744140625,0.794921875,4.24625836308377,-2.5562688190795,-1.2355654033935501,LVG2
253.637000000032,-0.51904296875,-0.2626953125,1.0107421875,3.4374472463059105,-2.7765634258861,-1.19938174816927,LVG2
253.657000000032,-0.1650390625,-0.33056640625,0.65185546875,1.9879725870276899,-2.72548061851066,-1.35795129606388,LVG2
253.677000000032,0.03564453125,-0.515625,1.08154296875,1.7900267084478403,-2.5200851638552297,-1.1036014843403201,LVG2
253.697000000032,0.11376953125,-0.484375,1.435546875,1.5431264727998601,-2.5168924883942596,-0.7619852100170369,LVG2
253.721000000032,0.24658203125,-0.61669921875,1.17333984375,1.22918005247162,-2.3732220926508303,-0.742829157251245,LVG2
253.742000000032,0.26220703125,-0.474609375,0.95556640625,2.19868916745139,-2.21465254475622,-0.623635940041876,LVG2
253.762000000032,0.2724609375,-0.02490234375,1.37451171875,2.67333358598156,-2.03054159317389,-0.459745266378994,LVG2
253.782000000032,0.01171875,-0.2216796875,1.0771484375,1.47288761265863,-1.51439239365118,-0.637470867039392,LVG2
253.802000000032,-0.0419921875,-0.3857421875,0.416015625,2.09971622816147,-1.61549378324841,-0.833288295311927,LVG2
253.822000000032,0.068359375,0.3115234375,0.9052734375,3.46298864999363,-1.9709449845692097,-1.09083078249646,LVG2
253.84200000003202,0.06787109375,0.39208984375,1.3564453125,2.23274437236836,-1.9826514612594097,-1.6101726574801298,LVG2
253.863000000032,0.0263671875,0.12744140625,0.806640625,1.4313828316660802,-1.76129262929916,-2.13164298277112,LVG2
253.887000000032,0.4365234375,0.74853515625,1.1083984375,1.23024427762527,-1.4888509899634599,-1.18341837086445,LVG2
253.907000000032,0.81005859375,0.88916015625,1.51171875,-1.41222677890029,-0.6779114228782851,-1.05996825304046,LVG2
253.927000000032,0.93701171875,-0.04931640625,1.2802734375,-3.0777391443704905,-0.34161627432328,-1.18554682117176,LVG2
253.948000000032,0.81201171875,-0.5703125,0.927734375,-1.3951991764418101,-0.127707018438609,-1.06316092850142,LVG2
253.968000000032,0.6142578125,0.06884765625,1.30224609375,-1.2462076549301002,-0.079816886524131,-0.7981688652413091,LVG2
253.988000000032,0.751953125,-0.2001953125,1.19287109375,-3.35763035978177,0.143670395743436,-0.474644418530165,LVG2
254.008000000032,0.7724609375,-1.06640625,0.560546875,-3.2905841751015004,0.097908714136267,0.035119430070618,LVG2
254.032000000032,0.85888671875,0.05419921875,0.85498046875,-2.64566373198653,-0.122385892670334,0.348001625245211,LVG2
254.053000000032,0.87255859375,0.61767578125,1.02734375,-4.8049765687526795,0.06917463498758,0.48635089522037106,LVG2
254.073000000032,0.5361328125,0.34033203125,0.65966796875,-8.919271012783222,0.238386434418738,0.53211257682754,LVG2
254.093000000032,0.404296875,-0.0712890625,0.05322265625,-10.6358661856289,0.19368897796522402,-0.00638535092193,LVG2
254.113000000032,0.5908203125,-0.22216796875,0.05029296875,-9.78342183755114,0.415047809925481,-0.5651035565908471,LVG2
254.133000000032,0.5283203125,-0.41552734375,0.015625,-10.3857732745199,0.6044798872760849,-0.26179938779914896,LVG2
254.153000000032,0.22412109375,-1.0224609375,-0.1123046875,-10.782729256833301,0.6002229866614649,0.050018582221788996,LVG2
254.173000000032,0.25244140625,-1.60546875,-0.3564453125,-8.95545466800749,0.316074870635558,0.16708334912384698,LVG2
254.19300000003201,0.37109375,-1.65966796875,-0.32080078125,-6.355552617628129,0.334166698247695,0.4714517430692,LVG2
254.213000000032,0.2177734375,-1.6240234375,-0.26220703125,-4.68897602700428,0.457616816071684,0.8322240701582719,LVG2
254.233000000032,0.32275390625,-1.16357421875,-0.197265625,-3.6896686077221603,0.15111997181902098,1.1174364113378301,LVG2
254.254000000032,0.35302734375,-0.91357421875,-0.52978515625,-4.54317718095353,0.075559985909511,1.3409236936053999,LVG2
254.274000000032,0.2431640625,-1.37548828125,-1.01611328125,-4.99015174548867,0.10216561475088799,1.53248422126331,LVG2
254.298000000032,0.25830078125,-1.19677734375,-0.93701171875,-3.2277948910358503,-0.153248422126331,1.57824590287048,LVG2
254.31800000003201,0.287109375,-0.85205078125,-1.1416015625,-2.2816987294364903,-0.504442722832507,1.63039293539958,LVG2
254.338000000032,0.052734375,-0.669921875,-1.06201171875,-1.73681545076509,-0.696003250490422,1.64742053785806,LVG2
254.359000000032,-0.0458984375,-0.7431640625,-0.56982421875,-1.0684820542697,-0.733251130868349,1.41541945436126,LVG2
254.379000000032,0.15625,-1.09375,-0.7978515625,-1.1866110463254098,-0.636406641885737,1.33666679299078,LVG2
254.399000000032,-0.0166015625,-1.26123046875,-0.8896484375,-1.19938174816927,-0.4320754123839621,1.3973276267491201,LVG2
254.419000000032,-0.162109375,-1.39404296875,-0.57177734375,0.28734079148687103,-0.818389143160756,1.62400758447765,LVG2
254.439000000032,-0.00927734375,-1.12744140625,-0.26025390625,1.62400758447765,-1.04826177635025,1.7336227753041202,LVG2
254.459000000032,0.18505859375,-1.03662109375,-0.515625,0.9588668634432259,-0.7907192891657241,1.7219162986139198,LVG2
254.47900000003202,-0.2392578125,-1.20361328125,-0.6396484375,0.42249738600106607,-0.453359915457064,1.71340249738468,LVG2
254.499000000032,-0.6787109375,-1.03515625,-0.41748046875,2.7776276510397597,-0.8151964676997909,1.50481436726828,LVG2
254.519000000032,-0.5498046875,-0.4228515625,0.2109375,4.78369206567958,-1.3409236936053999,1.23130850277893,LVG2
254.53900000003202,-0.37255859375,-0.57861328125,0.25244140625,2.37215786749717,-0.915233632143368,0.7492145081731759,LVG2
254.560000000032,-0.24658203125,-1.14990234375,-0.13818359375,1.85175176735984,-0.07343153560220099,0.120257442363024,LVG2
254.58000000003202,-0.13525390625,-1.162109375,-0.39501953125,5.34560294680946,0.16389067366288199,-0.21603770619198104,LVG2
254.60400000003202,-0.01171875,-0.4482421875,0.197265625,4.443140016509959,-0.075559985909511,0.037247880377928,LVG2
254.624000000032,-0.27880859375,-1.1015625,-0.09130859375,1.7176593979993,0.130899693899575,0.454424140610719,LVG2
254.644000000032,-0.45947265625,-0.7939453125,-0.439453125,3.9408257439847603,-0.267120513567425,0.286276566333216,LVG2
254.665000000032,-0.16552734375,0.1181640625,0.42626953125,7.50385155842196,-1.0610324781941098,-0.119193217209369,LVG2
254.685000000032,0.33984375,-0.0458984375,0.6982421875,4.899692607427981,-0.66833339649539,-0.692810575029456,LVG2
254.70500000003202,0.47412109375,-0.58349609375,0.27880859375,1.81556811213557,0.26924896387473496,-1.39413495128815,LVG2
254.724000000032,0.3779296875,-0.21484375,-0.48046875,2.6605628841377,0.29372614240880196,-2.4956079853211603,LVG2
254.749000000032,0.96875,-0.78125,-0.26611328125,3.45128217330342,-0.47358019337651,-3.09476674682897,LVG2
254.770000000032,1.078125,-1.3046875,-0.14501953125,1.76661375506743,-0.47251596822285497,-2.34129533804117,LVG2
254.790000000032,0.6591796875,-1.55810546875,-0.6904296875,0.602351436968775,-0.37886415470120793,-1.09721613341839,LVG2
254.810000000032,0.50537109375,-1.43896484375,-0.4306640625,3.02559211184139,-1.3047400383811298,-0.20326700434811998,LVG2
254.83000000003202,0.41259765625,-0.64892578125,0.27001953125,4.64534279570442,-2.04650497047872,0.332038247940385,LVG2
254.850000000032,0.236328125,-0.32080078125,0.447265625,3.9557248961359304,-2.13377143307843,0.557653980515261,LVG2
254.870000000032,0.3037109375,-0.42529296875,0.63671875,4.12174402010612,-2.55839726938681,0.5512686295933311,LVG2
254.89000000003202,0.34130859375,0.0205078125,1.21923828125,4.50805775088292,-2.85638031241023,0.313946420328248,LVG2
254.910000000032,0.42919921875,-0.04736328125,1.39208984375,3.0181425357658,-2.4679381313261297,-0.27457008964301,LVG2
254.930000000032,0.3837890625,-0.72509765625,1.119140625,2.06566102324451,-2.00074328887155,-0.41398358477182595,LVG2
254.950000000032,0.54248046875,-0.4716796875,1.232421875,3.83866012923387,-2.22955169690739,-0.424625836308377,LVG2
254.971000000032,0.4638671875,0.48486328125,1.125,3.4991723052178996,-2.03160581832755,-0.41398358477182595,LVG2
254.99100000003202,0.412109375,-0.0498046875,0.94189453125,0.153248422126331,-1.4941721157317298,-0.46932329276189,LVG2
255.011000000032,0.3232421875,-0.89892578125,0.85009765625,-0.40866245900354997,-1.31218961445671,-0.5853238345102929,LVG2
255.031000000032,0.3779296875,-0.5859375,1.13818359375,1.55589717464373,-1.4409608580489799,-0.520406100137334,LVG2
255.055000000032,0.416015625,-0.0146484375,1.23291015625,0.040440555838893,-1.30793271384209,-0.451231465149754,LVG2
255.076000000032,0.44384765625,-0.3466796875,1.03076171875,-0.572553132666432,-1.1749045696352098,-0.238386434418738,LVG2
255.096000000032,0.5458984375,-0.78955078125,1.23828125,0.393763306852379,-0.8354167456192372,-0.20007432888715498,LVG2
255.11600000003202,0.59423828125,-0.34521484375,1.33447265625,0.019156052765792,-0.33735937370866,-0.23200108349680698,LVG2
255.136000000032,0.55419921875,-0.6845703125,1.056640625,0.09365181352164699,-0.225615732574877,-0.114936316594749,LVG2
255.156000000033,0.52783203125,-0.92138671875,0.9951171875,1.78576980783322,-0.21603770619198104,-0.10855096567281801,LVG2
255.177000000032,0.5048828125,-0.48974609375,1.16650390625,2.3327815368119302,-0.18091827612136302,-0.154312647279986,LVG2
255.197000000033,0.58251953125,-0.29736328125,1.0185546875,2.01883511648368,-0.08939491290702699,-0.07023886014123501,LVG2
255.217000000033,0.5849609375,-0.30126953125,0.92626953125,2.02202779194465,-0.018091827612136003,0.078752661370476,LVG2
255.24100000003298,0.72265625,-0.33447265625,0.6875,2.03692694409582,-0.027669853995032002,0.054275482836409004,LVG2
255.261000000033,0.64453125,-0.392578125,0.48828125,2.3742863178044797,-0.055339707990064005,0.04150478099254799,LVG2
255.282000000033,0.52685546875,-0.2783203125,0.412109375,2.72760906881797,-0.18198250127501897,0.072367310448545,LVG2
255.302000000033,0.37744140625,-0.0595703125,0.556640625,2.44665362825303,-0.37886415470120793,0.039376330685238,LVG2
255.322000000033,0.52392578125,-0.0849609375,0.6591796875,1.77938445691129,-0.6779114228782851,0.030862529455997004,LVG2
255.342000000033,0.6259765625,-0.1298828125,0.7421875,0.9833440419772929,-0.693874800183112,-0.123450117823989,LVG2
255.361000000033,0.6396484375,-0.1396484375,0.712890625,0.292661917255147,-0.621507489734566,-0.11067941598012801,LVG2
255.382000000033,0.61572265625,-0.23291015625,0.697265625,0.077688436216821,-0.506571173139818,0.13834926997516,LVG2
255.40200000003298,0.603515625,-0.1396484375,0.87109375,0.349065850398866,-0.415047809925481,0.41079090931086,LVG2
255.422000000033,0.69970703125,0.22216796875,0.92138671875,0.19688165342619002,-0.38099260500851795,0.644920443114978,LVG2
255.442000000033,0.58984375,0.4228515625,0.84716796875,-0.356515426474451,-0.16601912397019197,0.664076495880769,LVG2
255.462000000033,0.55908203125,0.27294921875,0.77001953125,-0.459745266378994,-0.075559985909511,0.35332275101348604,LVG2
255.483000000033,0.45751953125,0.6220703125,0.91748046875,-0.323524446711144,-0.12557856813129903,0.141541945436126,LVG2
255.50300000003298,0.3349609375,0.66357421875,0.84228515625,-0.896077579377577,-0.21071658042370603,-0.038312105531583,LVG2
255.523000000033,0.65771484375,0.201171875,1.10107421875,-0.768370560938967,-0.367157678011002,-0.43633231299858205,LVG2
255.543000000033,0.59033203125,0.0029296875,1.21826171875,-0.570424682359122,-0.10642251536550801,-0.6885536744148361,LVG2
255.567000000033,0.20751953125,-0.1689453125,0.912109375,-0.640663542500358,0.036183655224273,-0.9588668634432259,LVG2
255.588000000033,0.20751953125,-0.46826171875,0.7880859375,0.37886415470120793,-0.29479036756245697,-1.1259502125670702,LVG2
255.608000000033,0.5986328125,-0.09765625,1.103515625,1.27174905861782,-0.648113118575943,-0.8269029443899959,LVG2
255.62800000003298,0.19580078125,0.37939453125,1.02587890625,-0.150055746665366,-0.34480894978424603,-0.49486469644961206,LVG2
255.648000000033,0.07177734375,0.130859375,0.7001953125,-1.8485590918988701,-0.33735937370866,-0.13196391905323,LVG2
255.668000000033,0.91064453125,-0.28662109375,0.662109375,-1.56653942618028,-0.33523092340134997,0.040440555838893,LVG2
255.68800000003299,1.0810546875,-0.10986328125,0.7509765625,-1.4260617058978102,0.055339707990064005,-0.317139095789214,LVG2
255.708000000033,0.79150390625,-0.05859375,0.66650390625,-1.65487011393365,0.28095544056494104,-0.7843339382437929,LVG2
255.728000000033,0.86474609375,-0.68505859375,0.55615234375,-1.57398900225586,0.21497348103832603,-0.9067198309141271,LVG2
255.748000000033,1.00537109375,-0.638671875,0.49169921875,-1.2813270850007201,-0.008513801229241,-0.141541945436126,LVG2
255.768000000033,1.02587890625,-0.29052734375,0.4677734375,-1.02910572358446,-0.050018582221788996,0.33948782401597,LVG2
255.788000000033,1.05810546875,-0.1318359375,0.65869140625,-0.913105181836058,-0.07023886014123501,0.18198250127501897,LVG2
255.809000000033,0.9365234375,-0.12451171875,0.595703125,-1.76235685445281,-0.17240447489212302,0.23200108349680698,LVG2
255.833000000033,0.7607421875,-0.39404296875,0.54736328125,-3.17564785850676,-0.511892298908093,0.6055441124297399,LVG2
255.853000000033,0.68798828125,-0.80029296875,0.40380859375,-2.61054430191591,-0.528919901366574,0.6310855161174621,LVG2
255.873000000033,0.63916015625,-0.46484375,0.61962890625,-0.988665167745568,-0.367157678011002,0.5608466559762271,LVG2
255.894000000033,0.6064453125,-0.30712890625,0.818359375,-0.6555626946515289,-0.20433122950177499,0.6278928406564971,LVG2
255.91400000003298,0.599609375,-0.49853515625,0.775390625,-0.537433702595815,-0.150055746665366,0.764113660324347,LVG2
255.934000000033,0.68310546875,-0.4658203125,0.74951171875,0.258606712338184,-0.076624211063166,0.8907564536093009,LVG2
255.954000000033,0.896484375,-0.66552734375,0.62548828125,1.18341837086445,0.35013007555252096,1.3696577727540902,LVG2
255.974000000033,0.70556640625,-0.423828125,0.82470703125,3.1671340572775097,0.8173249180071009,1.08444543157453,LVG2
255.995000000033,0.52294921875,-0.25634765625,0.85009765625,3.87910068507276,0.46293794183995896,1.15787696717673,LVG2
256.019000000033,0.875,-0.294921875,0.6591796875,4.220716959396039,0.024477178534067005,1.28239131015437,LVG2
256.039000000033,0.45654296875,-0.02783203125,0.62158203125,4.60915914048015,0.159633773048262,1.2887766610763,LVG2
256.059000000033,0.59130859375,0.43994140625,0.90625,4.151542324408459,0.09258758836799198,1.01314234627964,LVG2
256.079000000033,0.57373046875,0.13427734375,1.05908203125,2.57968177245991,0.286276566333216,1.09828035857204,LVG2
256.100000000033,0.55126953125,0.09375,1.11279296875,1.6995675703871598,0.5512686295933311,0.9961147438211541,LVG2
256.119000000033,0.37939453125,0.123046875,1.087890625,0.907784056067782,0.67471874741732,0.910976731528748,LVG2
256.140000000033,0.39794921875,-0.0771484375,1.19482421875,0.227744182882187,0.47251596822285497,0.9024629302995071,LVG2
256.164000000033,0.3515625,-0.3916015625,0.9892578125,-0.28946924179418104,-0.11280786628743801,0.88011420207275,LVG2
256.18500000003297,0.4150390625,-0.1630859375,1.24462890625,-1.00675699535771,-0.7247373296391091,0.573617357820088,LVG2
256.205000000033,0.53173828125,0.236328125,1.51904296875,-3.5374844107494803,-1.28239131015437,0.40653400869623996,LVG2
256.225000000033,0.74853515625,-0.05078125,0.99951171875,-6.32575431332579,-1.3962634015954598,0.114936316594749,LVG2
256.245000000033,0.833984375,-0.3369140625,0.34228515625,-6.2714788304893805,-0.389506406237759,-0.41717626023279103,LVG2
256.269000000033,0.5712890625,-0.42236328125,0.591796875,-3.92273391637262,-0.49592892160326707,-0.768370560938967,LVG2
256.290000000033,1.09130859375,-0.400390625,0.4423828125,-2.50199333624309,-0.421433160847411,-0.8460589971557879,LVG2
256.31000000003297,0.39990234375,-0.7138671875,0.33642578125,-3.1852258848896495,0.6183148142736011,0.19156052765791398,LVG2
256.330000000033,0.3046875,-0.697265625,0.044921875,-3.06922534314125,0.229872633189497,0.379928379854863,LVG2
256.350000000033,0.49560546875,-0.931640625,-0.2890625,-1.2887766610763,-0.412919359618171,0.753471408787796,LVG2
256.370000000033,0.44775390625,-0.69970703125,0.23974609375,0.285212341179561,-0.812003792238825,1.03442684935274,LVG2
256.391000000033,0.63623046875,-0.384765625,0.802734375,0.171340249738468,-1.1972532978619599,1.1887394966327198,LVG2
256.41100000003297,0.404296875,-0.66064453125,0.05419921875,-0.40014865777430997,-1.22705160216431,1.0259130481235001,LVG2
256.436000000033,0.21630859375,-1.33349609375,-0.1875,3.9333761679091697,-1.4026487525173899,-0.128771243592265,LVG2
256.456000000033,0.50634765625,0.09423828125,0.91259765625,5.64677866529385,-0.9258758836799191,-0.660883820419804,LVG2
256.476000000033,0.6357421875,0.2041015625,1.11474609375,4.43675466558802,-0.18623940188963897,-0.8822426523800608,LVG2
256.497000000033,0.6044921875,-0.12841796875,0.68115234375,4.57829661102415,-0.36396500255003705,-1.16851921871328,LVG2
256.517000000033,0.87841796875,-0.0556640625,1.08642578125,4.6868475766969695,-0.731122680561039,-0.704517051719662,LVG2
256.537000000032,0.84765625,0.384765625,1.1845703125,3.08838139590704,-0.240514884726048,-0.637470867039392,LVG2
256.561000000032,0.36474609375,0.1083984375,0.6396484375,2.0528903214006498,0.005321125768275,-1.08125275611356,LVG2
256.581000000032,0.8359375,0.19677734375,1.27978515625,2.56478262030874,-0.348001625245211,-1.28984088622996,LVG2
256.602000000032,0.484375,0.51708984375,1.57421875,1.10572993464763,-0.13834926997516,-1.29409778684458,LVG2
256.622000000032,0.08154296875,0.10791015625,0.3037109375,-0.884371102687371,-0.023412953380412004,-1.6516774384726798,LVG2
256.642000000032,0.77197265625,-0.05615234375,0.33203125,1.2813270850007201,-0.220294606806601,-1.76767798022109,LVG2
256.662000000032,0.98388671875,0.59521484375,0.9638671875,1.6261360347849598,0.038312105531583,-1.73787967591874,LVG2
256.682000000032,1.056640625,-0.37841796875,0.7294921875,-0.889692228455646,-0.10003716444357699,-1.7559715035308798,LVG2
256.702000000032,1.13623046875,-0.91015625,0.68115234375,-0.329909797633074,-0.267120513567425,-1.41222677890029,LVG2
256.723000000032,1.056640625,-0.5166015625,0.7080078125,0.606608337583395,-0.153248422126331,-0.9067198309141271,LVG2
256.743000000032,1.20849609375,-0.1435546875,0.69384765625,-0.141541945436126,-0.031926754609652,-0.661948045573459,LVG2
256.767000000032,1.21875,-0.08447265625,0.6298828125,-2.6467279571401803,0.5608466559762271,-0.236257984111428,LVG2
256.787000000032,1.0390625,-0.11474609375,0.6796875,-4.18240485386446,0.6991959259513871,0.17666137550674302,LVG2
256.808000000032,0.96728515625,-0.025390625,0.783203125,-5.145528617922309,0.60341566212243,0.42675428661568704,LVG2
256.828000000032,0.84423828125,-0.0791015625,0.7177734375,-5.064647506244519,0.529984126520229,0.571488907512777,LVG2
256.848000000032,0.8408203125,0.0703125,0.8115234375,-5.16574889584175,0.41611203507913597,0.4235616111547221,LVG2
256.868000000032,1.00830078125,0.17578125,0.7119140625,-6.09588168013629,0.320331771250179,0.5927734105858791,LVG2
256.892000000032,0.9501953125,-0.1123046875,0.10791015625,-6.9344911012165,0.20539545465543,0.8492516726167529,LVG2
256.913000000032,0.81689453125,-0.81689453125,0.07763671875,-5.726595551817981,0.075559985909511,0.9939862935138442,LVG2
256.933000000032,0.8388671875,-1.0419921875,0.04052734375,-3.6896686077221603,0.07130308529489,0.9226832082189541,LVG2
256.953000000032,0.7119140625,-1.0009765625,0.212890625,-1.5090712678829,0.057468158297374,0.8662792750752341,LVG2
256.973000000032,0.56884765625,-0.8125,0.52490234375,-0.317139095789214,-0.170276024584813,0.872664625997165,LVG2
256.993000000032,0.3798828125,-1.169921875,0.255859375,-0.142606170589781,-0.483158219759406,0.747086057865866,LVG2
257.013000000032,0.47509765625,-1.99072265625,-0.333984375,2.44346095279206,-0.9067198309141271,0.876921526611785,LVG2
257.033000000032,0.12109375,-1.6376953125,-0.4775390625,7.72521039038222,-0.49380047129595706,0.506571173139818,LVG2
257.053000000032,0.05126953125,0.3857421875,0.17431640625,9.86749562468989,-0.829031394697307,-0.435268087844927,LVG2
257.073000000032,0.0693359375,0.7021484375,0.484375,7.291006527690951,-1.32921721691519,-0.550204404439676,LVG2
257.093000000032,0.58984375,0.0244140625,0.12744140625,5.630815287989019,-1.15681274202307,0.338423598862315,LVG2
257.113000000032,0.9150390625,0.59619140625,0.89697265625,6.337460790016,0.531048351673884,0.913105181836058,LVG2
257.134000000032,0.3837890625,0.72021484375,1.56494140625,4.94758273934246,1.2004459733229298,0.46825906760823494,LVG2
257.158000000032,0.54736328125,-0.40234375,1.1162109375,2.91916959647588,-0.450167239996098,0.5012500473715421,LVG2
257.178000000032,0.94140625,-0.0556640625,1.095703125,3.55770468866893,-1.36540087213947,0.412919359618171,LVG2
257.198000000032,1.07666015625,0.44677734375,1.45068359375,3.48533737822038,-1.13020711318169,0.250092911108944,LVG2
257.218000000032,0.9033203125,0.86865234375,1.47021484375,1.18341837086445,-0.6917463498758011,0.171340249738468,LVG2
257.239000000032,1.2060546875,0.4560546875,1.474609375,-1.5505760488754499,-1.19193217209369,-0.015963377304826,LVG2
257.259000000032,1.12548828125,0.52294921875,0.9375,-2.47964460801633,-0.842866321694823,-0.20539545465543,LVG2
257.283000000032,0.9609375,0.9384765625,0.66552734375,-3.41190584261818,0.46932329276189,-0.309689519713628,LVG2
257.303000000032,0.80810546875,0.5615234375,0.50341796875,-5.63932908921826,1.00356431989674,0.43846076330589295,LVG2
257.324000000032,0.265625,-0.09326171875,0.4765625,-5.73936625366184,0.385249505623139,0.807746891624205,LVG2
257.344000000032,0.32177734375,-0.14599609375,0.49951171875,-5.850045669641969,-0.295854592716112,0.6534342443442189,LVG2
257.364000000032,0.45458984375,-0.61669921875,-0.1513671875,-5.65316401621578,-0.5608466559762271,0.487415120374026,LVG2
257.384000000032,0.4619140625,-1.2197265625,-0.08544921875,-3.9589175715968903,0.012770701843860999,0.5416906032104349,LVG2
257.403000000032,0.22021484375,-0.966796875,0.32421875,-1.928375978423,0.643856217961323,0.479965544298441,LVG2
257.424000000032,0.05712890625,-0.9345703125,-0.02783203125,-1.47395183781228,-0.042569006146202994,0.311817970020938,LVG2
257.444000000032,0.2099609375,-0.97802734375,-0.421875,-0.043633231299858,-0.799233090394964,0.123450117823989,LVG2
257.464000000032,0.35546875,-0.54931640625,0.20703125,1.2568499064666498,-1.37923579913698,-0.010642251536551002,LVG2
257.484000000032,0.49560546875,-0.24267578125,0.49951171875,1.7442650268406699,-1.58782392925338,0.012770701843860999,LVG2
257.504000000032,0.529296875,0.00634765625,0.43505859375,1.8389810655159802,-1.46224536112208,0.346937400091556,LVG2
257.525000000032,0.50830078125,-0.61279296875,0.2607421875,2.8936281927881606,-1.39945607705643,0.44803878968878796,LVG2
257.545000000032,0.740234375,-0.59423828125,0.88232421875,4.2813777931543795,-0.6278928406564971,0.00212845030731,LVG2
257.564000000032,0.6572265625,0.04736328125,1.373046875,3.81843985131442,-0.236257984111428,-0.664076495880769,LVG2
257.589000000032,0.615234375,0.0205078125,0.99560546875,3.5747322911274098,-0.517213424676368,-1.17916147024983,LVG2
257.609000000032,0.84228515625,0.1806640625,1.07373046875,3.1586202560482697,-0.570424682359122,-1.0727389548843198,LVG2
257.630000000032,0.5322265625,0.1552734375,1.16552734375,2.5967093749183903,-0.135156594514195,-1.38774960036622,LVG2
257.650000000032,0.814453125,-0.4091796875,1.0634765625,2.00287173917886,-0.31501064548190305,-1.32496031630057,LVG2
257.670000000032,0.681640625,0.07666015625,0.85595703125,2.05714722201527,-0.223487282267567,-1.06741782911604,LVG2
257.690000000032,0.5185546875,0.158203125,0.73876953125,1.95604583241804,0.142606170589781,-1.41009832859298,LVG2
257.710000000032,1.1591796875,-0.626953125,0.68310546875,1.84430219128425,-0.034055204916963,-1.4292543813587701,LVG2
257.730000000032,1.36669921875,-0.501953125,0.70751953125,1.37710734882967,-0.119193217209369,-1.1780972450961698,LVG2
257.751000000032,1.3798828125,-0.57568359375,0.5048828125,0.037247880377928,0.00212845030731,-0.73537958117566,LVG2
257.775000000032,1.47021484375,-0.5615234375,0.44873046875,0.518277649830024,0.26286361295280397,0.148991521511711,LVG2
257.795000000032,1.39306640625,-0.07373046875,0.37060546875,0.8269029443899959,0.275634314796665,0.379928379854863,LVG2
257.815000000032,1.078125,0.55810546875,0.52197265625,0.33948782401597,0.08939491290702699,0.234129533804117,LVG2
257.836000000032,1.02587890625,0.4775390625,0.6318359375,-0.34161627432328,0.09152336321433699,0.055339707990064005,LVG2
257.856000000032,0.97021484375,0.36279296875,0.6904296875,-0.8375451959265471,0.292661917255147,-0.013834926997516001,LVG2
257.876000000032,0.84619140625,0.45947265625,0.7021484375,-1.5888881544070301,0.454424140610719,0.08194533683144099,LVG2
257.896000000032,0.7568359375,0.43115234375,0.68994140625,-2.09971622816147,0.639599317346702,0.141541945436126,LVG2
257.920000000032,0.81103515625,0.34521484375,0.7255859375,-2.34874491411676,0.753471408787796,0.20752390496273998,LVG2
257.942000000032,0.8037109375,0.54541015625,0.73876953125,-3.0479408400681502,0.914169406989713,0.251157136262599,LVG2
257.961000000032,0.7060546875,0.201171875,0.79931640625,-4.1600561256377,0.981215591669983,0.192624752811569,LVG2
257.986000000032,0.646484375,0.2080078125,0.78564453125,-3.4608601996863197,0.9013987051458521,-0.09471603867530198,LVG2
258.00600000003203,0.6630859375,-0.09716796875,0.71875,-3.55876891382258,0.7907192891657241,-0.38844218108410405,LVG2
258.026000000032,0.568359375,-0.404296875,0.47119140625,-2.6265076792207402,0.9248116585262629,-0.81093956708517,LVG2
258.047000000032,0.46337890625,-0.2822265625,0.83935546875,-1.5197135194194498,0.9450319364457099,-1.1238217622597602,LVG2
258.067000000032,0.57666015625,-0.08447265625,1.32763671875,-3.18096898427503,1.132335563489,-1.3334741175298102,LVG2
258.087000000032,0.6123046875,-0.0390625,0.71044921875,-5.787256385576321,1.07380318003797,-1.48033718873422,LVG2
258.10700000003203,0.62744140625,-0.9873046875,0.21044921875,-5.410520681182421,0.7545356339414508,-1.3951991764418101,LVG2
258.127000000032,0.66943359375,-1.16796875,0.294921875,-3.8354674537729,0.40866245900354997,-1.25365723100568,LVG2
258.148000000032,0.822265625,-0.8427734375,0.5087890625,-3.86952265868987,0.411855134464516,-0.770499011246277,LVG2
258.172000000032,0.84521484375,-1.033203125,0.37744140625,-3.551319337747,0.666204946188079,-0.19368897796522402,LVG2
258.192000000032,0.8671875,-1.01611328125,0.1982421875,-2.59032402399646,0.692810575029456,0.42781851176934205,LVG2
258.212000000032,0.84619140625,-0.8408203125,0.24609375,-3.0213352112267704,0.6949390253367671,1.08125275611356,LVG2
258.233000000032,0.75732421875,-0.9462890625,0.27490234375,-3.2522720695699197,0.643856217961323,1.6367782863215101,LVG2
258.253000000032,0.72998046875,-0.77294921875,0.2568359375,-2.64566373198653,0.5661677817445021,1.86345824405004,LVG2
258.273000000032,0.73876953125,-0.74169921875,0.29931640625,-2.56052571969412,0.4991215970642321,1.9007061244279702,LVG2
258.297000000032,0.63818359375,-0.89501953125,0.25341796875,-2.33916688773386,0.46506639214726997,1.78683403298688,LVG2
258.317000000032,0.59765625,-0.76708984375,0.34814453125,-1.55376872433642,0.317139095789214,1.7144667225383299,LVG2
258.338000000032,0.6728515625,-0.76318359375,0.39208984375,-1.60165885625089,0.2969188178697669,1.6484847630117199,LVG2
258.358000000032,0.56103515625,-1.1025390625,0.1259765625,-1.7953478342161202,0.37035035347196704,1.51545661880483,LVG2
258.378000000032,0.45166015625,-1.0576171875,0.23388671875,-0.9056556057604721,0.253285586569909,1.5548329494900701,LVG2
258.398000000032,0.486328125,-0.849609375,0.33544921875,-0.36928612831831203,0.19156052765791398,1.71978784830661,LVG2
258.418000000032,0.46142578125,-0.93896484375,0.23681640625,-0.321395996403834,0.26179938779914896,1.76661375506743,LVG2
258.438000000032,0.349609375,-0.833984375,0.314453125,-0.04682590676082401,0.171340249738468,1.69850334523351,LVG2
258.45800000003203,0.2138671875,-0.818359375,0.35546875,-0.157505322740952,0.08194533683144099,1.7155309476919902,LVG2
258.478000000032,0.341796875,-0.85009765625,0.4580078125,-0.582131159049328,0.123450117823989,1.7389439010724,LVG2
258.498000000032,0.14599609375,-0.98974609375,0.4189453125,-0.9631237640578472,0.385249505623139,1.8485590918988701,LVG2
258.518000000031,-0.12744140625,-0.9228515625,0.64306640625,-0.5076353982934729,0.321395996403834,1.97200920972286,LVG2
258.538000000031,-0.2353515625,-0.72705078125,0.7255859375,-0.254349811723564,0.21390925588467102,1.7953478342161202,LVG2
258.55900000003203,-0.17626953125,-0.75927734375,0.7138671875,-0.38631373077679404,0.242643335033358,1.3313456672225,LVG2
258.579000000031,-0.083984375,-0.8388671875,0.4638671875,-0.384185280469484,0.220294606806601,0.8247744940826859,LVG2
258.603000000031,0.18310546875,-0.68896484375,0.509765625,0.698131700797732,-0.405469783542585,0.389506406237759,LVG2
258.623000000031,0.43115234375,-0.72998046875,0.76123046875,1.27174905861782,-0.949288837060331,0.449103014842443,LVG2
258.644000000031,0.591796875,-0.80908203125,0.9384765625,2.13270720792478,-0.7396364817902801,0.658755370112494,LVG2
258.664000000031,0.24267578125,-0.22802734375,0.62646484375,2.19443226683677,0.32565289701845396,0.42569006146203203,LVG2
258.684000000031,0.20068359375,-0.10498046875,0.17431640625,0.520406100137334,0.16601912397019197,0.46080949153264894,LVG2
258.704000000031,0.1884765625,0.064453125,-0.3818359375,-1.0280414984308102,-0.252221361416254,0.128771243592265,LVG2
258.724000000031,0.021484375,-0.3759765625,-0.68798828125,-2.6584344338303905,-0.10748674051916302,-0.669397621649045,LVG2
258.74500000003104,0.07080078125,-0.57373046875,-0.3173828125,-3.2341802419577794,0.18943207735060397,-1.39413495128815,LVG2
258.765000000031,0.2109375,-0.4951171875,-0.14892578125,-2.80210482957382,0.759856759709726,-1.8815500716621798,LVG2
258.789000000031,0.189453125,-1.08349609375,-0.45703125,-4.1909186550937,1.09402345795742,-2.13589988338574,LVG2
258.809000000031,0.1416015625,-1.6201171875,-0.47119140625,-3.8471739304631094,0.7619852100170369,-1.94966048149611,LVG2
258.829000000031,0.216796875,-1.69287109375,-0.35205078125,-2.15612016130519,0.338423598862315,-1.6101726574801298,LVG2
258.850000000031,0.31982421875,-1.5234375,-0.3154296875,-0.747086057865866,0.14473462089709102,-1.30048313776651,LVG2
258.87000000003104,0.31005859375,-1.08447265625,-0.240234375,0.239450659572393,0.061725058911995,-1.0769958554989398,LVG2
258.890000000031,0.2734375,-0.94482421875,-0.0068359375,0.334166698247695,0.011706476690206002,-0.93864658552378,LVG2
258.910000000031,0.2841796875,-1.32373046875,-0.0546875,0.09045913806068198,-0.020220277919447,-0.9322612346018492,LVG2
258.930000000031,0.28515625,-1.29150390625,-0.42333984375,1.04613332604294,-0.175597150353088,-0.975894465901708,LVG2
258.950000000031,0.29296875,-1.37353515625,-0.4169921875,2.46687390617247,-0.5640393314371921,-0.809875341931515,LVG2
258.970000000031,0.2412109375,-1.75390625,-0.46484375,4.5335991545706396,-1.1227575371061103,-0.4714517430692,LVG2
258.990000000031,0.50537109375,-0.890625,-0.09130859375,7.189905138093719,-1.26217103223492,-0.5363694774421599,LVG2
259.010000000031,0.36572265625,-0.244140625,0.1640625,7.27185047492516,-0.446974564535133,-1.11530796103052,LVG2
259.030000000031,0.19970703125,-0.720703125,0.0146484375,6.384286696776821,-0.30649684425266305,-1.27174905861782,LVG2
259.050000000031,0.29052734375,-0.15234375,0.81005859375,6.37896557100854,-0.8524443480777181,-1.0833812064208699,LVG2
259.07000000003103,0.52685546875,0.12939453125,1.33154296875,5.0007939970252195,-1.3270887666078799,-0.847123222309443,LVG2
259.090000000031,0.5068359375,-0.09814453125,0.943359375,2.53392009085274,-1.40690565313201,-0.709838177487938,LVG2
259.110000000031,0.431640625,-0.63818359375,0.748046875,1.33879524329809,-1.4186121298222198,-0.7651778854780021,LVG2
259.13000000003103,0.498046875,-0.8408203125,0.5908203125,1.94646780603514,-1.4824656390415298,-0.506571173139818,LVG2
259.150000000031,0.8291015625,-0.4130859375,0.56787109375,2.2008176177587004,-1.21853780093507,-0.244771785340668,LVG2
259.17100000003103,0.6689453125,-0.64501953125,0.31103515625,1.54738337341449,-0.28734079148687103,-0.382056830162173,LVG2
259.19500000003103,0.25,-1.3525390625,0.296875,3.10008787259724,-0.891820678762956,0.698131700797732,LVG2
259.215000000031,0.4853515625,-0.6142578125,0.5322265625,4.11535866918419,-1.43351128197339,1.0056927702040501,LVG2
259.235000000031,0.52099609375,-0.0791015625,0.43408203125,3.3746579622402595,-1.29090511138361,0.8269029443899959,LVG2
259.256000000031,0.203125,-0.4052734375,0.36083984375,4.5463698564145,-1.65699856424096,0.18411095158232899,LVG2
259.276000000031,0.513671875,0.3447265625,1.21044921875,4.97418836818384,-1.88367852196949,-0.086202237446062,LVG2
259.29600000003103,0.9384765625,0.86962890625,1.404296875,2.35938716565331,-1.10892261010859,-0.39695598231334395,LVG2
259.32000000003103,0.45556640625,-0.5283203125,0.8330078125,1.2345011782398898,-0.572553132666432,-0.67471874741732,LVG2
259.340000000031,0.84326171875,-0.16845703125,1.12158203125,3.3363458567086695,-0.657691144958839,-0.385249505623139,LVG2
259.361000000031,0.71044921875,0.59228515625,1.3310546875,2.57116797123067,0.160697998201917,-0.326717122172109,LVG2
259.381000000031,0.46337890625,-0.05810546875,0.8916015625,0.755599859095106,0.42675428661568704,-0.277762765103976,LVG2
259.401000000031,0.603515625,-0.1376953125,0.9326171875,1.8315314894403898,0.10003716444357699,-0.133028144206885,LVG2
259.42100000003103,0.765625,0.3837890625,1.140625,1.77406333114302,0.284148116025906,-0.124514342977644,LVG2
259.441000000031,0.40087890625,-0.484375,0.58154296875,-0.09258758836799198,0.46400216699361496,-0.11174364113378302,LVG2
259.462000000031,0.61572265625,0.0146484375,0.61083984375,2.13270720792478,-0.177725600660398,-0.101101389597233,LVG2
259.482000000031,0.85009765625,0.5888671875,0.916015625,1.75916417899185,-0.04682590676082401,-0.169211799431158,LVG2
259.506000000031,0.69580078125,-0.48486328125,0.3330078125,-0.578938483588363,0.156441097587297,-0.37247880377927794,LVG2
259.526000000031,0.916015625,-0.513671875,0.236328125,1.0897665573428001,-0.5523328547469859,-0.38099260500851795,LVG2
259.54600000003103,1.1103515625,-0.08056640625,0.73583984375,1.5750532274095201,-0.6715260719563549,0.037247880377928,LVG2
259.566000000031,0.92626953125,-0.29638671875,0.49609375,-0.581066933895673,-0.124514342977644,0.336295148555005,LVG2
259.587000000031,0.87744140625,-0.84375,0.3427734375,-0.9343896849091591,-0.19156052765791398,0.352258525859831,LVG2
259.607000000031,1.10595703125,-0.302734375,1.00390625,0.4320754123839621,-0.5076353982934729,0.307561069406318,LVG2
259.627000000031,0.8916015625,0.29736328125,1.228515625,-0.035119430070618,-0.123450117823989,0.220294606806601,LVG2
259.647000000031,0.75537109375,0.13330078125,0.98974609375,-0.5363694774421599,0.152184196972676,0.192624752811569,LVG2
259.667000000031,0.88623046875,0.10205078125,0.91259765625,0.12557856813129903,0.06385350921930501,0.10003716444357699,LVG2
259.688000000031,0.95556640625,0.14990234375,0.9658203125,0.531048351673884,-0.10003716444357699,0.044697456453513,LVG2
259.708000000031,0.81494140625,0.17626953125,0.96826171875,0.9939862935138442,-0.007449576075585999,0.220294606806601,LVG2
259.727000000031,0.76513671875,0.21435546875,0.859375,1.65699856424096,0.16601912397019197,0.5257272259056089,LVG2
259.748000000031,0.8232421875,0.1279296875,0.7724609375,1.70276024584813,0.20752390496273998,0.731122680561039,LVG2
259.768000000031,0.8349609375,0.01171875,0.70458984375,1.71020982192371,0.159633773048262,0.7896550640120691,LVG2
259.788000000031,0.67333984375,-0.0615234375,0.64453125,1.84110951582329,0.19794587857984502,0.8694719505362,LVG2
259.80800000003103,0.671875,0.001953125,0.66650390625,1.9187979520401102,0.229872633189497,0.726865779946419,LVG2
259.828000000031,0.6806640625,0.052734375,0.7685546875,1.6346498360141999,0.10961519082647302,0.689617899568491,LVG2
259.848000000031,0.7607421875,-0.25927734375,0.6181640625,1.5888881544070301,-0.007449576075585999,0.690682124722146,LVG2
259.86800000003103,0.70654296875,-0.13330078125,0.4912109375,2.04863342078603,0.290533466947837,0.517213424676368,LVG2
259.889000000031,0.74560546875,-0.12353515625,0.45703125,1.84430219128425,0.399084432620655,0.702388601412352,LVG2
259.909000000031,0.6279296875,-0.23193359375,0.55810546875,1.8474948667452198,0.483158219759406,0.833288295311927,LVG2
259.929000000031,0.66015625,-0.259765625,0.71728515625,2.14654213492229,0.310753744867283,0.8886280033019909,LVG2
259.949000000031,0.658203125,-0.16259765625,0.95947265625,2.28489140489746,0.027669853995032002,1.1174364113378301,LVG2
259.96900000003103,0.7216796875,0.44091796875,0.9580078125,2.3349099871192402,-0.424625836308377,1.15042739110114,LVG2
259.989000000031,0.83544921875,0.5400390625,0.61572265625,1.1227575371061103,-0.492736246142302,1.0897665573428001,LVG2
260.009000000031,0.9501953125,0.1005859375,0.66064453125,0.22135883196025602,-0.00212845030731,1.00675699535771,LVG2
260.02900000003103,0.8564453125,0.41162109375,0.755859375,0.770499011246277,0.518277649830024,0.7513429584804859,LVG2
260.049000000031,0.8212890625,0.74560546875,0.720703125,0.188367852196949,0.8311598450046171,0.80455421616324,LVG2
260.069000000031,0.71142578125,0.83740234375,0.763671875,-1.67296194154578,1.0993445837256999,0.858829698999649,LVG2
260.08900000003104,0.62353515625,0.5361328125,0.71044921875,-2.9117200204003,1.0280414984308102,0.764113660324347,LVG2
260.109000000031,0.59423828125,0.345703125,0.51708984375,-3.15649180574096,0.689617899568491,0.650241568883253,LVG2
260.129000000031,0.595703125,0.31640625,0.474609375,-2.8297746835688597,0.36928612831831203,0.5076353982934729,LVG2
260.14900000003104,0.47119140625,0.28662109375,0.46875,-2.20933141898794,0.10961519082647302,0.41717626023279103,LVG2
260.169000000031,0.4287109375,0.28271484375,0.56591796875,-1.58995237956069,-0.26605628841377,0.34161627432328,LVG2
260.189000000031,0.52685546875,0.36181640625,0.79736328125,-0.918426307604333,-0.5512686295933311,0.10216561475088799,LVG2
260.21400000003104,0.64990234375,0.44873046875,0.99267578125,-0.194753203118879,-0.502314272525197,-0.310753744867283,LVG2
260.23400000003,0.80419921875,0.4384765625,1.15771484375,-0.5012500473715421,-0.240514884726048,-0.34374472463059,LVG2
260.25400000003,0.8662109375,0.33349609375,1.08935546875,-1.3558228457565702,-0.16708334912384698,-0.36290077739638205,LVG2
260.27400000002996,0.9306640625,0.03173828125,0.830078125,-2.1582486116125,-0.019156052765792,-0.321395996403834,LVG2
260.29500000003,0.7236328125,-0.2421875,0.6025390625,-2.21890944537084,-0.028734079148687,-0.412919359618171,LVG2
260.31500000003,0.68505859375,-0.294921875,0.6328125,-1.75277882806992,-0.08300956198509599,-0.322460221557489,LVG2
260.33500000003,0.65087890625,-0.32568359375,0.62353515625,-1.4260617058978102,0.065981959526615,-0.20752390496273998,LVG2
260.35500000003,0.5390625,-0.4228515625,0.59326171875,-1.10679415980128,0.054275482836409004,-0.21603770619198104,LVG2
260.37900000003,0.61865234375,-0.564453125,0.5888671875,-0.767306335785312,-0.026605628841377002,-0.19156052765791398,LVG2
260.40000000003,0.755859375,-0.34814453125,0.6806640625,-0.302239943638043,-0.04789013191447901,-0.012770701843860999,LVG2
260.42000000003,0.6982421875,-0.10400390625,0.72998046875,-0.079816886524131,-0.04789013191447901,0.257542487184529,LVG2
260.44000000003,0.73095703125,0.0205078125,0.662109375,-0.135156594514195,-0.13622081966785002,0.27031318902839,LVG2
260.46000000003,0.79248046875,-0.0859375,0.662109375,-0.156441097587297,-0.10961519082647302,0.06491773437296,LVG2
260.48000000003,0.6962890625,-0.20458984375,0.66357421875,-0.018091827612136003,-0.024477178534067005,-0.04682590676082401,LVG2
260.50000000002996,0.72900390625,-0.14404296875,0.72998046875,-0.020220277919447,-0.223487282267567,-0.028734079148687,LVG2
260.52000000003,0.83544921875,-0.0625,0.85546875,-0.008513801229241,-0.37247880377927794,-0.05959660860468499,LVG2
260.54000000003,0.9208984375,-0.10546875,0.78515625,-0.234129533804117,-0.41611203507913597,-0.236257984111428,LVG2
260.56000000002996,0.9208984375,-0.22314453125,0.669921875,-0.42569006146203203,-0.38844218108410405,-0.36928612831831203,LVG2
260.58000000003,0.88818359375,-0.27001953125,0.650390625,-0.122385892670334,-0.321395996403834,-0.302239943638043,LVG2
260.60100000002996,0.7578125,-0.244140625,0.623046875,0.00638535092193,-0.159633773048262,-0.145798846050746,LVG2
260.62100000003,0.712890625,-0.1953125,0.68603515625,-0.14686307120440098,-0.141541945436126,-0.06491773437296,LVG2
260.64100000003,0.81103515625,-0.1943359375,0.72705078125,-0.358643876781762,-0.141541945436126,-0.139413495128815,LVG2
260.66100000002996,0.65234375,-0.27880859375,0.583984375,-0.41079090931086,0.035119430070618,-0.148991521511711,LVG2
260.68100000003,0.56787109375,-0.3955078125,0.4375,-0.023412953380412004,-0.031926754609652,-0.09578026382895699,LVG2
260.70100000003,0.68701171875,-0.35791015625,0.52978515625,0.567232006898157,-0.175597150353088,0.055339707990064005,LVG2
260.72100000002996,0.83349609375,-0.2724609375,0.5908203125,0.9652522143651571,0.137285044821505,-0.045761681607168,LVG2
260.74100000003,0.94140625,-0.220703125,0.44384765625,1.4026487525173899,1.05358290211853,-0.358643876781762,LVG2
260.76100000003,0.8388671875,-0.02734375,0.54296875,1.90602725019625,2.2795702791291803,-0.504442722832507,LVG2
260.78100000002996,0.54052734375,0.35888671875,1.0576171875,1.73255855015047,2.70100343997659,-0.531048351673884,LVG2
260.80200000003,0.46044921875,0.04638671875,0.90087890625,0.8151964676997909,1.9581742827253499,-0.371414578625623,LVG2
260.82200000002996,0.44482421875,0.0859375,0.4892578125,0.647048893422288,1.27707018438609,-0.21816615649929103,LVG2
260.84200000003,0.43017578125,0.1787109375,0.86474609375,0.744957607558555,0.689617899568491,-0.10642251536550801,LVG2
260.86200000003,0.55517578125,-0.20751953125,0.76513671875,0.578938483588363,0.18517517673598397,-0.21284503073101602,LVG2
260.88200000002996,0.56591796875,0.05712890625,0.73388671875,0.7343153560220049,-0.028734079148687,-0.34055204916962495,LVG2
260.90300000003,0.595703125,-0.1025390625,1.05615234375,0.5991587615078101,-0.143670395743436,-0.34480894978424603,LVG2
260.92300000002996,0.5205078125,0.0595703125,1.24169921875,0.491672020988646,-0.245836010494323,-0.247964460801633,LVG2
260.94300000003,0.42529296875,0.24560546875,1.13232421875,0.075559985909511,-0.634278191578427,-0.19049630250425897,LVG2
260.96300000003,0.75732421875,-0.1103515625,0.8642578125,-0.970573340133432,-1.26110680708127,-0.30117571848438696,LVG2
260.98700000003,0.9306640625,-0.00830078125,1.05126953125,-0.9982431941284642,-1.1727761193279,-0.321395996403834,LVG2
261.00800000003,0.8935546875,0.03515625,0.99169921875,-0.324588671864799,-0.535305252288505,-0.161762223355572,LVG2
261.02800000003,0.84619140625,0.17041015625,0.8388671875,-0.685360998953871,0.001064225153655,0.119193217209369,LVG2
261.04800000002996,0.837890625,-0.01904296875,0.52978515625,-1.36540087213947,-0.014899152151171002,0.19901010373349998,LVG2
261.06800000003,0.78271484375,-0.16650390625,0.65673828125,-1.6463563127044099,-0.578938483588363,0.235193758957772,LVG2
261.08800000003,0.60498046875,-0.06982421875,0.71533203125,-1.41329100405395,-1.39200650098084,0.23200108349680698,LVG2
261.10800000002996,0.56787109375,0.0224609375,0.65576171875,-1.01101389597233,-2.2199736705245,0.435268087844927,LVG2
261.12800000003,0.69775390625,-0.099609375,0.47802734375,-1.19299639724734,-3.0021791584609803,0.584259609356638,LVG2
261.14800000003,0.91748046875,-0.1708984375,0.435546875,-1.1227575371061103,-3.0798675946778,0.578938483588363,LVG2
261.16800000002996,0.90087890625,-0.0712890625,0.72021484375,-0.7577283094024159,-1.9294402035766598,0.642791992807668,LVG2
261.18800000003,0.86376953125,-0.15283203125,0.5859375,-1.02910572358446,-0.900334479992197,0.67684719772463,LVG2
261.20800000003,0.79541015625,-0.33642578125,0.607421875,-1.2366296285472,-0.27989121541128603,0.6917463498758011,LVG2
261.22800000002997,0.77880859375,-0.37841796875,0.5234375,-1.0993445837256999,-0.223487282267567,0.650241568883253,LVG2
261.24800000003,0.74951171875,-0.33935546875,0.46630859375,-0.8322240701582719,-0.011706476690206002,0.42036893569375605,LVG2
261.26800000003,0.69873046875,-0.2939453125,0.46533203125,-0.54062637805678,0.36609345285734707,0.27669853995032107,LVG2
261.28800000002997,0.7470703125,-0.53955078125,0.36376953125,0.003192675460965,0.8162606928534458,0.152184196972676,LVG2
261.30900000003,0.6845703125,-0.50634765625,0.5498046875,1.23875807885451,1.2983546874592,-0.09258758836799198,LVG2
261.32900000002996,0.78173828125,-0.439453125,0.43310546875,2.13377143307843,1.7336227753041202,-0.46506639214726997,LVG2
261.34900000003,0.7734375,-0.27685546875,0.38525390625,2.77337075042514,2.57861754730626,-0.73750803148297,LVG2
261.36900000003,0.58447265625,0.13916015625,0.6005859375,3.1277577265922796,3.41722696838646,-0.8864995529946809,LVG2
261.38900000002997,0.34423828125,0.330078125,1.0380859375,2.54988346815757,2.7935910283445797,-0.44058921361320297,LVG2
261.41000000003,0.724609375,0.041015625,1.060546875,1.60910843232648,1.30048313776651,-0.14686307120440098,LVG2
261.43000000002996,0.74365234375,0.05859375,0.8603515625,1.1036014843403201,1.08231698126722,0.07343153560220099,LVG2
261.45000000003,0.61328125,0.02783203125,0.7578125,0.9226832082189541,1.1759687947888602,0.220294606806601,LVG2
261.47000000003,0.71533203125,0.01123046875,1.06494140625,0.8524443480777181,0.981215591669983,0.285212341179561,LVG2
261.49400000003,0.59521484375,0.0703125,1.205078125,0.086202237446062,0.847123222309443,0.27989121541128603,LVG2
261.51500000003,0.513671875,0.0,1.10498046875,-0.045761681607168,0.887563778148336,0.119193217209369,LVG2
261.53500000003,0.337890625,0.1884765625,1.31787109375,-0.243707560187013,0.7247373296391091,-0.079816886524131,LVG2
261.55500000002996,0.3154296875,0.13232421875,0.80859375,-1.63890673662882,0.05959660860468499,-0.21923038165294603,LVG2
261.57500000003,0.73095703125,-0.4326171875,0.47021484375,-2.6818473872107997,-0.522534550444644,-0.18623940188963897,LVG2
261.59500000003,0.73486328125,-0.1591796875,0.79443359375,-1.36540087213947,-0.127707018438609,0.080881111677786,LVG2
261.61500000002997,0.44482421875,0.1259765625,0.7587890625,-1.36433664698581,-0.158569547894607,0.258606712338184,LVG2
261.63600000003,0.6416015625,-0.1484375,0.5263671875,-2.30724013312421,-0.633213966424772,0.227744182882187,LVG2
261.65600000002996,0.73876953125,-0.46533203125,0.6572265625,-2.0539545465543,-0.8864995529946809,0.35757965162810706,LVG2
261.68000000002996,0.59033203125,-0.19580078125,0.78857421875,-1.15255584140845,-1.19193217209369,0.449103014842443,LVG2
261.70000000003,0.68603515625,-0.1005859375,0.7548828125,-1.31218961445671,-1.5069428175755901,0.31288219517459304,LVG2
261.72000000003,0.845703125,-0.4150390625,0.55810546875,-1.64103518693613,-1.42074058012953,0.502314272525197,LVG2
261.74100000003,0.83740234375,-0.48095703125,0.53662109375,-1.18022569540348,-1.4026487525173899,0.6949390253367671,LVG2
261.76100000003,0.7333984375,-0.28662109375,0.66015625,-0.792847739473034,-1.05464712727218,0.7800770376291729,LVG2
261.78100000002996,0.70556640625,-0.40673828125,0.74169921875,-0.970573340133432,-0.403341333235275,0.764113660324347,LVG2
261.80500000002996,0.548828125,-0.27978515625,0.962890625,-0.21816615649929103,0.547011728978711,0.608736787890705,LVG2
261.82600000003,0.3447265625,-0.32275390625,0.95703125,-0.08513801229240599,0.4714517430692,0.192624752811569,LVG2
261.84600000002996,0.390625,-0.54296875,0.65234375,0.543819053517745,0.321395996403834,-0.00212845030731,LVG2
261.86600000003,0.447265625,-0.6826171875,0.3798828125,1.7910909336015002,0.227744182882187,-0.170276024584813,LVG2
261.886000000029,0.50048828125,-0.7236328125,0.3759765625,3.18309743458234,0.27244163933570004,-0.42249738600106607,LVG2
261.906000000029,0.611328125,-0.5888671875,0.4990234375,3.99722967712848,0.41398358477182595,-0.522534550444644,LVG2
261.926000000029,0.6650390625,0.0537109375,0.8603515625,3.5321632849812103,0.49380047129595706,-0.42675428661568704,LVG2
261.946000000029,0.63330078125,0.33203125,0.93212890625,2.13270720792478,0.6247001651955311,-0.37247880377927794,LVG2
261.966000000029,0.58056640625,0.0732421875,0.744140625,1.69424644461889,1.00250009474308,-0.355451201320796,LVG2
261.986000000029,0.451171875,0.48046875,1.02099609375,0.937582360370125,1.1780972450961698,-0.30436839394535303,LVG2
262.006000000029,0.48046875,0.07470703125,0.8525390625,-0.11067941598012801,0.9173620824506781,-0.119193217209369,LVG2
262.027000000029,0.47021484375,-0.11083984375,0.93505859375,-0.039376330685238,0.738572256636625,-0.06917463498758,LVG2
262.047000000029,0.5595703125,-0.1259765625,1.0615234375,-0.10429406505819801,0.619379039427256,-0.034055204916963,LVG2
262.067000000029,0.5576171875,-0.2724609375,1.19873046875,0.19156052765791398,0.47677286883747494,0.05959660860468499,LVG2
262.091000000029,0.49951171875,0.03515625,1.02783203125,0.21497348103832603,0.18623940188963897,-0.06066083375833999,LVG2
262.111000000029,0.625,0.03515625,0.86279296875,-0.838609421080202,-0.056403933143719005,-0.031926754609652,LVG2
262.132000000029,0.68505859375,-0.126953125,1.0439453125,-1.8059900857526698,-0.19688165342619002,0.127707018438609,LVG2
262.152000000029,0.6943359375,-0.0546875,0.91943359375,-2.0358627189421696,-0.38631373077679404,0.124514342977644,LVG2
262.172000000029,0.7177734375,-0.25341796875,0.37060546875,-2.38599279449469,-0.689617899568491,0.229872633189497,LVG2
262.192000000029,0.73974609375,0.0361328125,0.84521484375,-1.9326328790376202,-0.847123222309443,0.320331771250179,LVG2
262.212000000029,0.74609375,-0.19189453125,0.80078125,-2.38173589388007,-0.853508573231373,0.227744182882187,LVG2
262.232000000029,0.73193359375,-0.6796875,0.486328125,-2.3945065957239304,-0.8173249180071009,0.491672020988646,LVG2
262.252000000029,0.56884765625,-0.216796875,0.837890625,-0.7481502830195209,-0.449103014842443,0.573617357820088,LVG2
262.272000000029,0.56591796875,-0.15576171875,0.85546875,-1.1227575371061103,-0.21710193134563602,0.365029227703692,LVG2
262.29200000002896,0.77001953125,-0.70703125,0.57421875,-2.11248693000533,-0.159633773048262,0.528919901366574,LVG2
262.312000000029,0.64599609375,-0.5498046875,0.78466796875,-1.07380318003797,0.10322983990454301,0.717287753563523,LVG2
262.332000000029,0.69580078125,-0.1328125,0.9970703125,-0.588516509971259,0.040440555838893,0.9833440419772929,LVG2
262.353000000029,0.60302734375,-0.36865234375,0.80908203125,-1.51439239365118,0.419304710540101,0.9588668634432259,LVG2
262.373000000029,0.6572265625,-0.5224609375,0.705078125,-1.8091827612136298,0.6183148142736011,0.797104640087654,LVG2
262.392000000029,0.697265625,-0.4599609375,0.90478515625,-1.5835670286387602,0.6278928406564971,1.4026487525173899,LVG2
262.41700000002896,0.5966796875,-0.52490234375,1.10400390625,-1.7304300998431599,1.1472347156401799,1.5580256249510402,LVG2
262.438000000029,0.681640625,-0.81201171875,0.73876953125,-2.2816987294364903,1.58569547894607,1.4888509899634599,LVG2
262.458000000029,0.4375,-0.89111328125,0.6025390625,-2.25935000120973,1.8719720452792799,1.55270449918276,LVG2
262.478000000029,0.33642578125,-0.82373046875,0.7197265625,-1.6559343390873,1.73255855015047,1.5835670286387602,LVG2
262.498000000029,0.2392578125,-0.96337890625,0.82275390625,-1.4175479046685702,1.88687119743046,1.49204366542442,LVG2
262.517000000029,0.1728515625,-0.859375,0.58056640625,-0.8641508247679242,2.0624683477835397,1.32921721691519,LVG2
262.538000000029,-0.14404296875,-0.8701171875,0.1611328125,-0.5895807351249139,2.36577251657524,1.19193217209369,LVG2
262.558000000029,-0.36962890625,-1.05078125,0.0517578125,-0.019156052765792,2.18059733983926,1.1972532978619599,LVG2
262.57800000002896,-0.45166015625,-1.09912109375,0.05078125,1.39413495128815,1.43457550712705,1.00782122051136,LVG2
262.598000000029,-0.4677734375,-0.884765625,-0.02880859375,3.21183151373103,0.9226832082189541,0.791783514319379,LVG2
262.618000000029,-0.64404296875,-0.02001953125,-0.04150390625,4.15579922502308,0.606608337583395,0.7321869057146941,LVG2
262.63800000002897,-0.619140625,0.17333984375,0.18994140625,2.7776276510397597,-0.222423057113912,0.822646043775376,LVG2
262.659000000029,-0.4208984375,-0.3681640625,0.5283203125,1.13127133833535,-0.844994772002133,0.6991959259513871,LVG2
262.683000000029,-0.08544921875,-0.318359375,0.5087890625,2.21252409444891,-1.3717862230613997,0.145798846050746,LVG2
262.70300000002896,0.0419921875,-0.0771484375,0.5673828125,2.43601137671648,-1.5346126715706203,0.139413495128815,LVG2
262.723000000029,0.1552734375,-0.14013671875,0.8232421875,1.58143857833145,-1.47608028811959,0.061725058911995,LVG2
262.743000000029,0.32568359375,-0.0927734375,0.94140625,0.962059538904192,-1.2568499064666498,-0.20965235527005102,LVG2
262.764000000029,0.38671875,-0.22021484375,0.95947265625,0.461873716686304,-0.9673806646724671,-0.5363694774421599,LVG2
262.784000000029,0.42822265625,-0.6748046875,0.876953125,-0.20965235527005102,-0.645984668268633,-0.554461305054296,LVG2
262.808000000029,0.4248046875,-0.62109375,0.9169921875,-0.05959660860468499,-0.26818473872107995,-0.5384979277494699,LVG2
262.82800000002896,0.54638671875,-0.3984375,1.31689453125,0.4235616111547221,0.077688436216821,-0.7502787333268308,LVG2
262.849000000029,0.48681640625,-0.71142578125,1.3203125,-0.20965235527005102,0.481029769452096,-0.7577283094024159,LVG2
262.869000000029,0.35009765625,-0.9267578125,1.31396484375,-1.41329100405395,0.7247373296391091,-0.42569006146203203,LVG2
262.889000000029,0.16650390625,-0.7978515625,0.79345703125,-1.73255855015047,0.87372885115082,-0.21390925588467102,LVG2
262.909000000029,0.14453125,-0.6318359375,0.59423828125,-1.38562115005891,0.620443264580911,-0.07023886014123501,LVG2
262.92900000002896,0.15869140625,-0.32470703125,0.68505859375,-0.6970674756440771,0.28840501664052604,-0.121321667516679,LVG2
262.949000000029,0.13818359375,-0.40380859375,0.70654296875,-0.6885536744148361,-0.04682590676082401,-0.194753203118879,LVG2
262.969000000029,0.2724609375,-0.5048828125,1.01806640625,-0.7034528265660072,-0.18623940188963897,-0.21284503073101602,LVG2
262.98900000002897,0.31201171875,-0.544921875,0.87890625,-0.860958149306959,-0.122385892670334,-0.21284503073101602,LVG2
263.009000000029,0.3095703125,-0.73583984375,0.62451171875,-1.28026285984706,-0.320331771250179,-0.09258758836799198,LVG2
263.029000000029,0.4091796875,-0.88427734375,0.66162109375,-0.898206029684887,-0.6779114228782851,0.051082807375443996,LVG2
263.04900000002897,0.53271484375,-0.65673828125,0.87939453125,-0.2969188178697669,-0.999307419282119,0.116000541748404,LVG2
263.070000000029,0.6240234375,-0.58203125,1.15380859375,-0.169211799431158,-1.16426231809866,0.21923038165294603,LVG2
263.09000000002897,0.6845703125,-0.64501953125,1.1474609375,-0.077688436216821,-1.07486740519163,0.305432619099008,LVG2
263.110000000029,0.64404296875,-0.55712890625,1.20361328125,0.348001625245211,-0.8460589971557879,0.309689519713628,LVG2
263.129000000029,0.56494140625,-0.478515625,1.20947265625,0.5459475038250561,-0.639599317346702,0.257542487184529,LVG2
263.15000000002897,0.45166015625,-0.4990234375,1.01123046875,0.457616816071684,-0.5033784976788521,0.240514884726048,LVG2
263.170000000029,0.43359375,-0.54248046875,0.9443359375,0.6651407210344239,-0.415047809925481,0.25541403687721903,LVG2
263.190000000029,0.53466796875,-0.57275390625,1.0078125,1.02059192235522,-0.307561069406318,0.355451201320796,LVG2
263.21000000002897,0.6611328125,-0.7099609375,1.0380859375,1.4260617058978102,-0.42569006146203203,0.6598195952661489,LVG2
263.230000000029,0.46240234375,-0.5576171875,0.9814453125,1.54099802249255,-0.648113118575943,1.26642793284954,LVG2
263.25100000002897,0.25732421875,-0.4130859375,0.5673828125,0.606608337583395,-0.926940108833574,1.49842901634635,LVG2
263.271000000029,0.17626953125,-0.63916015625,0.435546875,0.610865238198015,-1.1951248475546499,1.40584142797836,LVG2
263.291000000029,-0.17626953125,-0.17822265625,0.3720703125,1.39839185190277,-1.49842901634635,1.07167472973066,LVG2
263.315000000029,-0.5849609375,-0.76123046875,-0.57177734375,1.5016216918073202,-2.1774046643782903,0.234129533804117,LVG2
263.33500000002897,-0.3369140625,-0.4599609375,-0.0419921875,4.18772597963274,-2.8287104584152,-0.355451201320796,LVG2
263.356000000029,0.01904296875,0.72412109375,0.74658203125,2.4828372834773,-2.7339944197398998,-0.767306335785312,LVG2
263.37600000002897,0.37255859375,0.3935546875,1.1064453125,0.313946420328248,-1.95391738211073,-1.1014730340330101,LVG2
263.396000000029,0.60302734375,-0.04638671875,1.3935546875,0.9876009425919129,-0.9567384131359159,-1.84430219128425,LVG2
263.416000000029,0.9208984375,-0.404296875,1.6748046875,0.254349811723564,-0.074495760755856,-1.97200920972286,LVG2
263.43600000002897,1.0927734375,-0.810546875,1.60400390625,-0.8205175934680659,0.492736246142302,-1.6452920875507502,LVG2
263.457000000029,1.0185546875,-0.84619140625,1.15478515625,-1.5835670286387602,0.5416906032104349,-0.9354539100628141,LVG2
263.47700000002897,1.0498046875,-0.58203125,1.16552734375,-2.09545932754685,0.48209399460575103,-0.223487282267567,LVG2
263.50100000002897,0.86962890625,-0.1201171875,1.123046875,-1.59314505502165,0.5565897553616059,0.171340249738468,LVG2
263.521000000029,0.6455078125,0.09521484375,1.08984375,-1.0493260015039099,0.747086057865866,0.18730362704329398,LVG2
263.541000000029,0.45654296875,-0.123046875,1.05224609375,-1.1983175230156202,1.01527079658695,-0.08833068775337198,LVG2
263.562000000029,0.35693359375,-0.5166015625,0.80322265625,-1.70276024584813,1.11637218618418,-0.28201966571859605,LVG2
263.582000000029,0.34130859375,-0.79833984375,0.5556640625,-1.9826514612594097,1.02484882296984,-0.22455150742122199,LVG2
263.60200000002897,0.2919921875,-0.69091796875,0.365234375,-1.37604312367602,0.8364809707728921,-0.08726646259971699,LVG2
263.62100000002897,0.1728515625,-0.3310546875,0.12060546875,-0.81093956708517,0.637470867039392,-0.04150478099254799,LVG2
263.642000000029,0.28466796875,-0.25341796875,0.4189453125,-0.628957065810152,0.537433702595815,-0.21710193134563602,LVG2
263.66200000002897,0.45166015625,-0.42919921875,0.8173828125,-0.043633231299858,0.539562152903125,-0.656626919805184,LVG2
263.682000000029,0.60595703125,-0.646484375,0.955078125,-0.474644418530165,0.661948045573459,-0.8513801229240631,LVG2
263.702000000029,0.55078125,-0.701171875,0.77880859375,-1.56334675071931,0.730058455407384,-0.638535092193047,LVG2
263.72200000002897,0.4453125,-0.3896484375,0.771484375,-1.48140141388787,0.663012270727114,-0.419304710540101,LVG2
263.742000000029,0.4306640625,-0.27587890625,0.8876953125,-0.772627461553587,0.648113118575943,-0.42994696207665206,LVG2
263.762000000029,0.45263671875,-0.55615234375,0.8076171875,-0.8396736462338571,0.656626919805184,-0.491672020988646,LVG2
263.783000000029,0.36767578125,-0.787109375,0.666015625,-0.8992702548385421,0.630021290963807,-0.390570631391414,LVG2
263.807000000029,0.38427734375,-0.7373046875,0.61767578125,-0.6268286155028421,0.41611203507913597,-0.20965235527005102,LVG2
263.827000000029,0.3857421875,-0.5146484375,0.65576171875,-0.40227710808162,0.09897293928992199,-0.07343153560220099,LVG2
263.847000000028,0.31494140625,-0.5029296875,0.54736328125,-0.7258015547927641,0.126642793284954,-0.161762223355572,LVG2
263.869000000028,0.29931640625,-0.7578125,0.548828125,-1.24088652916182,0.25541403687721903,-0.31820332094286896,LVG2
263.889000000028,0.3173828125,-0.82177734375,0.6611328125,-0.889692228455646,0.21284503073101602,-0.30649684425266305,LVG2
263.909000000028,0.37744140625,-0.7236328125,0.7431640625,-0.6970674756440771,0.015963377304826,-0.188367852196949,LVG2
263.929000000028,0.435546875,-0.6591796875,0.77734375,-0.9833440419772929,-0.259670937491839,0.04895435706813401,LVG2
263.949000000028,0.5986328125,-0.66796875,0.83154296875,-1.07486740519163,-0.46293794183995896,0.34161627432328,LVG2
263.970000000028,0.8408203125,-0.72998046875,1.03466796875,-0.258606712338184,-0.548075954132366,0.5651035565908471,LVG2
263.990000000028,0.97802734375,-0.86376953125,1.1708984375,1.07380318003797,-0.5033784976788521,0.891820678762956,LVG2
264.009000000028,0.97021484375,-1.0048828125,0.91552734375,1.49949324150001,-0.5235987755982989,1.4516031095855302,LVG2
264.034000000028,0.9609375,-0.896484375,0.376953125,2.39237814541662,-0.9482246119066758,2.3668367417289,LVG2
264.054000000028,0.94091796875,-0.63720703125,0.36669921875,4.3335248256834795,-1.27174905861782,2.6414068313719103,LVG2
264.075000000028,0.72802734375,-0.17431640625,0.78125,5.668063168366951,-1.0312341738917699,2.6382141559109398,LVG2
264.095000000028,0.46923828125,-0.171875,0.77685546875,5.12743679031017,-1.07486740519163,2.65417753321577,LVG2
264.115000000028,0.17041015625,-0.14794921875,0.7177734375,4.12387247041343,-1.51226394334387,2.8510591866419603,LVG2
264.135000000028,-0.26611328125,-0.38671875,0.31298828125,2.60522317614763,-1.95604583241804,3.02984901245601,LVG2
264.159000000028,-0.30322265625,-0.5634765625,-0.052734375,2.98408733084884,-2.33810266258021,2.23912972329029,LVG2
264.180000000028,-0.3818359375,0.43310546875,-0.1875,5.17958382283927,-2.6414068313719103,1.35263017029561,LVG2
264.200000000028,-0.30712890625,1.96630859375,0.8037109375,4.39524988459548,-2.85318763694927,0.7492145081731759,LVG2
264.220000000028,0.02001953125,0.54052734375,1.2177734375,0.28946924179418104,-2.82764623326155,0.348001625245211,LVG2
264.240000000028,0.15771484375,0.9404296875,1.45458984375,0.779012812475518,-2.4402682773311,-1.3717862230613997,LVG2
264.260000000028,0.8125,0.2109375,1.369140625,-0.257542487184529,-1.9709449845692097,-2.21145986929525,LVG2
264.280000000028,0.87548828125,-0.3935546875,1.09814453125,-0.638535092193047,-0.999307419282119,-2.42643335033358,LVG2
264.300000000028,0.37353515625,-0.1845703125,1.54541015625,0.168147574277502,0.075559985909511,-2.6201223282987995,LVG2
264.320000000028,0.67578125,0.2724609375,2.056640625,-0.543819053517745,0.228808408035842,-2.7946552534982403,LVG2
264.340000000028,0.7529296875,-0.2333984375,1.48779296875,-2.42430490002627,0.37886415470120793,-2.80316905472748,LVG2
264.360000000028,0.75830078125,-1.00634765625,0.8681640625,-3.0372985885316,0.34055204916962495,-2.65204908290846,LVG2
264.381000000028,1.33740234375,-1.34375,1.05322265625,-1.03336262419908,-0.117064766902059,-1.71659517284564,LVG2
264.401000000028,1.802734375,-1.25341796875,1.57080078125,0.6864252241075259,-0.00638535092193,-0.26179938779914896,LVG2
264.421000000028,1.56884765625,-0.51708984375,1.26220703125,0.178789825814053,0.974830240748052,1.1887394966327198,LVG2
264.441000000028,1.07177734375,0.15478515625,0.68994140625,-1.59420928017531,1.9156052765791398,2.19868916745139,LVG2
264.461000000028,0.86279296875,0.49267578125,0.2626953125,-3.55238356290065,2.0081928649471297,2.4179195491043397,LVG2
264.481000000028,0.79296875,0.46630859375,-0.02099609375,-4.97418836818384,1.56866787648759,2.0986520030078197,LVG2
264.501000000028,0.64990234375,0.45068359375,0.0048828125,-4.621929842324009,1.24195075431548,1.79321938390881,LVG2
264.521000000028,0.61181640625,0.43994140625,0.1953125,-3.8290821028509803,0.872664625997165,1.64742053785806,LVG2
264.541000000028,0.5634765625,0.19775390625,0.1650390625,-4.0344775575064,0.5416906032104349,1.54631914826083,LVG2
264.561000000028,0.5849609375,-0.13671875,0.37158203125,-4.53147070426333,0.326717122172109,1.23237272793258,LVG2
264.582000000028,0.83984375,-0.62158203125,0.435546875,-4.88905035589143,0.13834926997516,0.971637565287087,LVG2
264.602000000028,1.0986328125,-1.07080078125,0.38525390625,-3.5619615892835497,0.31501064548190305,0.74602183271221,LVG2
264.622000000028,0.9775390625,-1.25244140625,0.2451171875,-1.22598737701065,1.1600054174840402,0.334166698247695,LVG2
264.642000000028,0.61767578125,-0.875,0.2294921875,0.9578026382895709,1.7463934771479899,-0.10642251536550801,LVG2
264.666000000028,0.5234375,-0.505859375,0.39208984375,2.98621578115615,1.88048584650852,-0.959931088596881,LVG2
264.687000000028,0.51123046875,-0.12255859375,0.6689453125,2.5424338920819802,1.88048584650852,-1.53141999610966,LVG2
264.707000000028,0.4365234375,-0.14208984375,0.7333984375,1.00143586958943,1.86239401889639,-1.97626611033748,LVG2
264.727000000028,0.166015625,-0.27099609375,0.53466796875,-0.076624211063166,1.67296194154578,-2.4221764497189597,LVG2
264.747000000028,-0.02880859375,-0.291015625,0.505859375,-0.124514342977644,1.08763810703549,-3.05645464129739,LVG2
264.771000000028,0.1083984375,-0.41162109375,0.544921875,0.35757965162810706,0.5416906032104349,-3.40764894200356,LVG2
264.792000000028,-0.0849609375,-0.54345703125,0.4921875,0.35757965162810706,0.056403933143719005,-3.1522349051263396,LVG2
264.812000000028,-0.09228515625,-1.25390625,0.7236328125,-0.755599859095106,-0.42249738600106607,-2.39024969510931,LVG2
264.832000000028,0.02685546875,-1.42919921875,0.9599609375,-0.555525530207951,-0.713030852948903,-1.85281599251349,LVG2
264.852000000028,0.07958984375,-1.087890625,0.89990234375,-0.003192675460965,-0.825838719236341,-1.3834926997516,LVG2
264.872000000028,0.25537109375,-0.822265625,0.69677734375,-0.35013007555252096,-0.841802096541167,-0.6949390253367671,LVG2
264.892000000028,0.44140625,-0.84716796875,0.904296875,-0.657691144958839,-0.547011728978711,-0.220294606806601,LVG2
264.913000000028,0.4677734375,-0.62744140625,1.24951171875,-0.571488907512777,-0.124514342977644,-0.21497348103832603,LVG2
264.932000000028,0.3515625,-0.4873046875,1.08740234375,-1.4516031095855302,0.11067941598012801,-0.371414578625623,LVG2
264.957000000028,0.38330078125,-0.58935546875,0.69189453125,-3.38955711439143,0.054275482836409004,-0.33310247309403995,LVG2
264.977000000028,0.4541015625,-1.10400390625,0.4052734375,-2.96599550323671,0.06917463498758,-0.36183655224272704,LVG2
264.998000000028,0.42822265625,-0.99072265625,0.49951171875,0.491672020988646,-0.035119430070618,-0.419304710540101,LVG2
265.018000000028,0.3984375,-0.96484375,0.52978515625,1.99542216310327,-0.37886415470120793,-0.141541945436126,LVG2
265.038000000028,0.419921875,-0.80419921875,0.720703125,2.98621578115615,-0.531048351673884,0.06385350921930501,LVG2
265.057000000028,0.44189453125,-0.30322265625,1.1826171875,2.71058146635949,-0.5097638486007829,0.124514342977644,LVG2
265.082000000028,0.31787109375,-0.1787109375,1.05908203125,2.38173589388007,-0.37567147924024297,-0.174532925199433,LVG2
265.103000000028,0.5791015625,-0.34716796875,1.06298828125,2.39024969510931,-0.36077232708907203,-0.233065308650462,LVG2
265.123000000028,0.79736328125,-0.56689453125,1.0517578125,1.81131121152094,-0.466130617300925,0.178789825814053,LVG2
265.143000000028,0.9091796875,-0.43896484375,0.94677734375,2.1146153803126397,-0.48422244491306105,0.5512686295933311,LVG2
265.163000000028,0.634765625,-0.25,0.861328125,1.7421365765333603,-0.313946420328248,0.49060779583499203,LVG2
265.183000000028,0.35546875,-0.41845703125,0.5068359375,0.9290685591408839,-0.346937400091556,0.285212341179561,LVG2
265.203000000028,0.490234375,-0.4140625,0.5556640625,0.683232548646561,-0.338423598862315,0.04150478099254799,LVG2
265.223000000028,0.74609375,-0.4150390625,0.77197265625,-0.8556370235386841,-0.00425690061462,0.08833068775337198,LVG2
265.243000000028,0.732421875,-0.56787109375,0.71533203125,-2.61267275222322,0.533176801981195,0.19156052765791398,LVG2
265.263000000028,0.54931640625,-0.5986328125,0.32861328125,-3.8152471758534596,0.898206029684887,0.20113855404081,LVG2
265.283000000028,0.6494140625,-0.38818359375,0.728515625,-4.7028109540018,0.9897293928992241,0.2788269902576311,LVG2
265.304000000028,0.65966796875,-0.380859375,0.8056640625,-5.79683441195922,1.1376566892572801,0.311817970020938,LVG2
265.324000000028,0.47265625,-0.4443359375,0.70947265625,-5.7340451278935705,1.27174905861782,0.178789825814053,LVG2
265.344000000028,0.43212890625,-0.251953125,0.80322265625,-6.28744220779421,1.22918005247162,0.415047809925481,LVG2
265.368000000028,0.4853515625,-0.990234375,0.39306640625,-7.8167337535965595,1.1376566892572801,0.584259609356638,LVG2
265.388000000028,0.47802734375,-1.33837890625,0.33349609375,-4.679398000621379,0.8992702548385421,0.437396538152238,LVG2
265.409000000028,0.4404296875,-0.5185546875,0.5888671875,-2.09013820177858,0.595966086046844,0.428882736922997,LVG2
265.429000000028,0.36328125,-0.861328125,0.35107421875,-2.5041217865504,0.40014865777430997,0.36183655224272704,LVG2
265.449000000028,0.3330078125,-0.9609375,0.37890625,-1.26110680708127,0.22455150742122199,0.161762223355572,LVG2
265.469000000028,0.39990234375,-0.884765625,0.3359375,-1.8506875422061797,0.028734079148687,0.18517517673598397,LVG2
265.489000000028,0.3115234375,-0.984375,0.00439453125,-2.2018818429123597,-0.19794587857984502,0.10642251536550801,LVG2
265.509000000028,0.39501953125,-0.94287109375,0.072265625,-1.1972532978619599,-0.46080949153264894,0.011706476690206002,LVG2
265.529000000028,0.2353515625,-1.5673828125,-0.4560546875,-0.6651407210344239,-0.445910339381478,0.008513801229241,LVG2
265.549000000028,0.115234375,-1.3818359375,-0.49169921875,2.0422480698641,-0.8354167456192372,-0.128771243592265,LVG2
265.569000000028,0.37109375,-0.87255859375,-0.17041015625,3.77693507032188,-1.3313456672225,-0.489543570681336,LVG2
265.589000000028,0.63720703125,-0.6240234375,0.07421875,2.7584715982739705,-1.4409608580489799,-0.252221361416254,LVG2
265.610000000028,0.61669921875,-1.18408203125,0.15185546875,1.35263017029561,-1.15042739110114,0.334166698247695,LVG2
265.630000000028,0.23486328125,-0.7373046875,0.375,2.89575664309547,-0.5831953842029829,-0.076624211063166,LVG2
265.65000000002703,0.20458984375,-0.29541015625,0.39111328125,3.6864759322611897,-0.338423598862315,-0.411855134464516,LVG2
265.670000000027,0.357421875,-0.2060546875,0.62451171875,1.78896248329419,-0.323524446711144,-0.424625836308377,LVG2
265.690000000027,0.59375,-1.0390625,0.37060546875,-0.328845572479419,-0.21603770619198104,-0.264992063260115,LVG2
265.710000000027,0.466796875,-1.4892578125,0.0048828125,1.18341837086445,-0.119193217209369,-0.403341333235275,LVG2
265.730000000027,0.76171875,-1.06298828125,0.51220703125,3.4491537229961096,-0.535305252288505,-0.419304710540101,LVG2
265.750000000027,0.97314453125,0.0615234375,1.017578125,3.1618129315092403,-0.527855676212919,-0.20433122950177499,LVG2
265.770000000027,0.57666015625,-0.5849609375,0.81689453125,-0.001064225153655,0.17666137550674302,0.20858813011639601,LVG2
265.790000000027,0.4833984375,-0.48046875,0.8310546875,0.928004333987229,0.6257643903491871,-0.26286361295280397,LVG2
265.810000000027,0.70263671875,-0.80908203125,0.70703125,0.985472492284603,0.619379039427256,-0.334166698247695,LVG2
265.831000000027,0.69970703125,-1.0166015625,0.341796875,1.85281599251349,0.803489991009585,-0.36077232708907203,LVG2
265.851000000027,0.46533203125,-0.89599609375,-0.08447265625,3.91422011514338,0.9950505186674989,-0.6736545222636651,LVG2
265.875000000027,0.39111328125,0.38037109375,0.55224609375,3.2575931953382002,0.814132242546135,-0.8513801229240631,LVG2
265.895000000027,0.49658203125,-0.9189453125,-0.23193359375,1.80811853605998,0.736443806329315,-0.8822426523800608,LVG2
265.916000000027,0.41259765625,-0.19775390625,0.27197265625,3.6173012972736096,0.907784056067782,-1.53354844641697,LVG2
265.93600000002704,0.48974609375,0.00390625,0.64599609375,1.5580256249510402,0.411855134464516,-1.3409236936053999,LVG2
265.956000000027,0.51416015625,-0.205078125,0.4404296875,-1.2355654033935501,-0.101101389597233,-1.42499748074415,LVG2
265.976000000027,0.4150390625,-0.24755859375,0.3671875,-2.2199736705245,-0.171340249738468,-1.76767798022109,LVG2
265.996000000027,0.47802734375,-0.44921875,0.6611328125,-1.78789825814053,-0.454424140610719,-2.0198993416373403,LVG2
266.016000000027,0.56494140625,-0.54541015625,0.76171875,-2.30617590797056,-0.7492145081731759,-2.03905539440313,LVG2
266.036000000027,0.6318359375,-0.82080078125,0.6923828125,-2.7978479289592,-0.740700706943935,-1.74107235137971,LVG2
266.056000000027,0.66552734375,-0.80419921875,0.64111328125,-2.36045139080697,-0.7002601511050419,-1.5505760488754499,LVG2
266.076000000027,0.73876953125,-0.255859375,0.8701171875,-2.97450930446595,-0.492736246142302,-1.4196763549758797,LVG2
266.096000000027,0.69775390625,-0.47412109375,1.22021484375,-5.574411354845309,0.043633231299858,-1.41009832859298,LVG2
266.117000000027,0.55908203125,-1.41259765625,0.97705078125,-5.35837364865332,0.36077232708907203,-1.21960202608872,LVG2
266.137000000027,0.36376953125,-1.52197265625,0.72802734375,-3.62155819788823,0.145798846050746,-0.514020749215403,LVG2
266.157000000027,0.31201171875,-0.63623046875,0.6640625,-1.99861483856424,-0.14047772028247002,-0.461873716686304,LVG2
266.177000000027,0.55224609375,-0.14453125,0.8671875,-2.41472687364337,-0.035119430070618,-1.1259502125670702,LVG2
266.197000000027,0.73779296875,-0.833984375,0.21826171875,-2.9202338216295405,0.080881111677786,-1.6867968685433001,LVG2
266.217000000027,0.70166015625,-1.0810546875,0.140625,-2.1092942545443703,-0.025541403687721998,-1.54525492310717,LVG2
266.238000000027,0.68212890625,-0.9521484375,0.65625,-2.9521605762391903,-0.10216561475088799,-1.2238589267033402,LVG2
266.258000000027,1.06640625,-0.609375,0.57763671875,-4.17069837717425,-0.06066083375833999,-0.7055812768733171,LVG2
266.282000000027,1.30712890625,-1.033203125,-0.2041015625,-3.16500560697021,-0.21603770619198104,0.13409236936053998,LVG2
266.302000000027,1.1982421875,-0.84716796875,0.06689453125,-0.34374472463059,-0.237322209265083,0.6991959259513871,LVG2
266.323000000027,1.1044921875,-0.62451171875,0.3095703125,2.48390150863095,0.008513801229241,1.14297781502556,LVG2
266.343000000027,1.08251953125,-0.810546875,0.0341796875,5.09231736023955,0.150055746665366,1.4186121298222198,LVG2
266.363000000027,1.0390625,-0.58154296875,0.23681640625,7.86143121005007,-0.19794587857984502,1.6101726574801298,LVG2
266.383000000027,0.94580078125,-0.69189453125,0.583984375,7.70073321184815,-0.31820332094286896,1.80811853605998,LVG2
266.403000000027,0.72119140625,-1.00244140625,0.5390625,5.56589755361606,0.018091827612136003,1.8123754366746003,LVG2
266.423000000027,0.63427734375,-0.8447265625,0.61767578125,3.76097169301705,0.11387209144109299,1.89112809804508,LVG2
266.444000000027,0.306640625,-0.62451171875,0.49560546875,2.5509476933112203,0.061725058911995,1.7091455967700602,LVG2
266.464000000027,0.60595703125,-1.16357421875,0.0693359375,1.53141999610966,-0.11067941598012801,1.71659517284564,LVG2
266.484000000027,0.87744140625,-0.39453125,1.076171875,2.0943951023932,-0.171340249738468,2.15292748584422,LVG2
266.504000000027,0.29833984375,0.0537109375,1.4384765625,1.27174905861782,0.42675428661568704,2.10184467846878,LVG2
266.524000000027,-0.18994140625,0.44384765625,1.07958984375,0.80455421616324,0.8524443480777181,1.5026859169609699,LVG2
266.545000000027,0.03759765625,0.40625,0.68310546875,0.384185280469484,0.7822054879364829,0.8194533683144108,LVG2
266.569000000027,0.2548828125,0.4775390625,0.34765625,0.47358019337651,0.307561069406318,-0.023412953380412004,LVG2
266.589000000027,0.22705078125,0.595703125,0.158203125,0.4714517430692,-0.09471603867530198,-0.654498469497874,LVG2
266.609000000027,0.3203125,0.28662109375,0.39599609375,0.47358019337651,-0.27989121541128603,-1.3590155212175399,LVG2
266.630000000027,0.39111328125,0.10888671875,0.66015625,-0.035119430070618,-0.08194533683144099,-2.13057875761747,LVG2
266.65000000002703,0.3720703125,-0.12255859375,0.73974609375,-1.28984088622996,0.177725600660398,-2.6946180890546603,LVG2
266.670000000027,0.4208984375,-0.53466796875,0.681640625,-2.62437922891342,0.20539545465543,-3.0543261909900803,LVG2
266.690000000027,0.62548828125,-1.06591796875,0.61572265625,-3.86207308261428,-0.080881111677786,-2.91704114616857,LVG2
266.710000000027,0.71240234375,-1.32373046875,-0.00634765625,-5.19341874983679,-0.6183148142736011,-2.2284874717537404,LVG2
266.731000000027,0.68701171875,-1.24755859375,-0.4375,-3.9099632145287595,-1.21640935062776,-1.82727458882577,LVG2
266.75100000002703,0.90625,-0.62841796875,0.240234375,-3.4991723052178996,-1.5952735053289597,-1.6559343390873,LVG2
266.771000000027,1.23046875,-0.720703125,0.69775390625,-5.022078500098321,-1.14297781502556,-1.29622623715189,LVG2
266.791000000027,1.380859375,-1.42529296875,0.26904296875,-5.37752970141912,-0.657691144958839,-0.42675428661568704,LVG2
266.81100000002704,1.49755859375,-1.58349609375,0.1455078125,-2.35193758957773,-0.910976731528748,0.478901319144786,LVG2
266.831000000027,1.36767578125,-0.533203125,0.171875,1.05039022665756,-1.3047400383811298,0.74176493209759,LVG2
266.85200000002703,1.28662109375,-0.0107421875,0.35595703125,1.32815299176154,-1.3334741175298102,0.8971418045312322,LVG2
266.872000000027,1.19970703125,-0.6640625,-0.0380859375,2.04118384471044,-1.32496031630057,1.3707219979077399,LVG2
266.892000000027,1.26904296875,-0.8134765625,0.02099609375,3.7269164881000902,-0.9982431941284642,1.71978784830661,LVG2
266.91200000002704,1.138671875,-0.837890625,0.28466796875,4.3260752496079,-0.445910339381478,1.55589717464373,LVG2
266.932000000027,0.73388671875,-0.71240234375,0.38623046875,3.64284270096134,-0.09365181352164699,1.49842901634635,LVG2
266.952000000027,0.60888671875,-0.931640625,0.935546875,2.3785432184191,0.09684448898261201,1.7804486820649499,LVG2
266.972000000027,0.5869140625,-1.1103515625,1.31298828125,1.38774960036622,0.46719484245458,1.9656238588009298,LVG2
266.992000000027,0.6474609375,-1.32275390625,0.9521484375,2.8319031338761698,0.5906449602785689,1.8858069722768,LVG2
267.012000000027,0.74365234375,-0.71728515625,0.869140625,3.7588432427097405,1.03336262419908,1.9326328790376202,LVG2
267.032000000027,0.5810546875,0.4248046875,1.1455078125,2.5254062896235,1.2568499064666498,2.06033989747623,LVG2
267.052000000027,0.2861328125,-0.92919921875,0.59033203125,-2.3998277214922004,1.15787696717673,2.5988378252257003,LVG2
267.073000000027,-0.09521484375,-1.33251953125,-0.01513671875,1.4601169108147702,1.16851921871328,1.61549378324841,LVG2
267.092000000027,-0.4013671875,-0.02001953125,0.41796875,2.61586542768418,1.06316092850142,1.22173047639603,LVG2
267.112000000027,-0.41259765625,0.6640625,0.93505859375,1.6559343390873,0.570424682359122,1.04506910088929,LVG2
267.137000000027,0.30859375,0.197265625,0.18310546875,0.308625294559973,-0.051082807375443996,0.2969188178697669,LVG2
267.158000000027,0.49560546875,-0.3154296875,-0.05126953125,0.252221361416254,-0.351194300706176,-0.222423057113912,LVG2
267.178000000027,0.45263671875,-0.07763671875,0.60546875,0.49592892160326707,-0.7981688652413091,-0.42994696207665206,LVG2
267.198000000027,0.6279296875,-0.404296875,1.1396484375,0.9365181352164699,-0.910976731528748,-0.74602183271221,LVG2
267.218000000027,0.7978515625,-0.83154296875,1.2802734375,1.43989663289532,-0.5597824308225721,-1.04506910088929,LVG2
267.238000000027,0.58837890625,-0.92529296875,1.078125,1.47820873842691,0.16389067366288199,-1.13127133833535,LVG2
267.258000000026,0.43310546875,-0.70556640625,0.9951171875,0.9120409566824029,0.620443264580911,-1.05996825304046,LVG2
267.278000000026,0.53125,-0.83544921875,0.765625,-0.517213424676368,0.67684719772463,-0.733251130868349,LVG2
267.29800000002604,0.4853515625,-0.91552734375,0.361328125,-1.35156594514195,0.5906449602785689,-0.399084432620655,LVG2
267.318000000026,0.3837890625,-0.7841796875,0.18115234375,-1.0780600806526,0.412919359618171,-0.309689519713628,LVG2
267.338000000026,0.48876953125,-0.52978515625,0.1884765625,-0.7481502830195209,-0.003192675460965,-0.243707560187013,LVG2
267.359000000026,0.5732421875,-0.5234375,0.2978515625,-1.6133653329411,-0.250092911108944,0.10322983990454301,LVG2
267.379000000026,0.52197265625,-0.63427734375,0.4921875,-2.693553863901,-0.19794587857984502,0.34268049947693496,LVG2
267.39900000002604,0.47314453125,-0.8828125,0.44482421875,-3.3182540290965403,-0.240514884726048,0.5512686295933311,LVG2
267.419000000026,0.3935546875,-1.16552734375,0.2822265625,-3.2852630493332304,-0.27989121541128603,0.709838177487938,LVG2
267.439000000026,0.41845703125,-1.12646484375,0.34423828125,-2.07736749993471,-0.336295148555005,0.635342416732082,LVG2
267.45900000002604,0.57666015625,-0.52587890625,0.65576171875,-0.969509114979777,-0.30436839394535303,0.459745266378994,LVG2
267.479000000026,0.49365234375,-0.57275390625,0.7109375,-2.02522046740562,-0.09471603867530198,0.654498469497874,LVG2
267.499000000026,0.44677734375,-0.87353515625,0.46044921875,-3.62155819788823,-0.012770701843860999,0.80242576585593,LVG2
267.51900000002604,0.3828125,-1.1513671875,0.2373046875,-3.69924663410506,0.07130308529489,0.768370560938967,LVG2
267.539000000026,0.39697265625,-1.1181640625,0.18212890625,-2.24657929936587,0.09152336321433699,0.633213966424772,LVG2
267.559000000026,0.47314453125,-0.69140625,0.41748046875,-1.0312341738917699,0.123450117823989,0.5235987755982989,LVG2
267.57900000002604,0.41064453125,-0.52587890625,0.48388671875,-1.56547520102662,0.264992063260115,0.481029769452096,LVG2
267.600000000026,0.158203125,-0.86376953125,0.15576171875,-2.5041217865504,0.36928612831831203,0.506571173139818,LVG2
267.62000000002604,0.1533203125,-1.1630859375,-0.12109375,-1.95391738211073,0.251157136262599,0.27244163933570004,LVG2
267.640000000026,0.2890625,-1.1796875,-0.04638671875,-0.18517517673598397,-0.11387209144109299,-0.053211257682754004,LVG2
267.660000000026,0.37158203125,-0.92919921875,0.119140625,1.39839185190277,-0.614057913658981,-0.26179938779914896,LVG2
267.68000000002604,0.36181640625,-0.86669921875,0.1181640625,1.99542216310327,-0.9013987051458521,-0.474644418530165,LVG2
267.700000000026,0.30517578125,-0.98046875,0.00146484375,2.1614412870734703,-1.17171189417424,-0.529984126520229,LVG2
267.720000000026,0.3603515625,-0.7998046875,0.1630859375,2.4902868595528798,-1.58995237956069,-0.5927734105858791,LVG2
267.74000000002604,0.4873046875,-0.62255859375,0.51123046875,2.06566102324451,-1.6261360347849598,-0.7119666277952479,LVG2
267.760000000026,0.4482421875,-0.8857421875,0.17431640625,0.74602183271221,-1.47288761265863,-0.554461305054296,LVG2
267.780000000026,0.45947265625,-1.3173828125,0.31884765625,0.7619852100170369,-1.21002399970582,-0.320331771250179,LVG2
267.800000000026,0.57958984375,-1.05810546875,0.8515625,1.8474948667452198,-0.8694719505362,-0.38844218108410405,LVG2
267.820000000026,0.59765625,-0.8994140625,0.9716796875,2.08800975147126,-0.40227710808162,-0.29372614240880196,LVG2
267.840000000026,0.435546875,-1.001953125,0.6748046875,1.8485590918988701,0.09471603867530198,0.015963377304826,LVG2
267.861000000026,0.10595703125,-1.1181640625,0.03955078125,2.94683945047091,0.043633231299858,0.056403933143719005,LVG2
267.881000000026,0.14599609375,-0.83740234375,0.1708984375,3.73436606417567,-0.6055441124297399,0.00212845030731,LVG2
267.901000000026,0.37744140625,0.03173828125,0.42919921875,2.0752390496274002,-0.8864995529946809,0.06811040983392501,LVG2
267.921000000026,0.4462890625,-0.40380859375,0.27734375,-0.285212341179561,-0.807746891624205,0.38099260500851795,LVG2
267.941000000026,0.41162109375,-1.43505859375,-0.00439453125,0.638535092193047,-1.0610324781941098,0.239450659572393,LVG2
267.961000000026,0.64111328125,-0.85302734375,0.62353515625,2.19123959137581,-1.2430149794691299,-0.032990979763308,LVG2
267.98100000002603,0.701171875,-0.4853515625,0.88427734375,1.71872362315295,-0.9450319364457099,0.275634314796665,LVG2
268.001000000026,0.248046875,-0.73291015625,0.3095703125,0.37460725408658796,-0.928004333987229,0.904591380606817,LVG2
268.021000000026,-0.1435546875,-1.48486328125,0.0634765625,0.39482753200603404,-1.4239332555905,1.01101389597233,LVG2
268.04100000002603,0.2080078125,-0.58056640625,0.94677734375,2.2199736705245,-1.6516774384726798,0.441653438766858,LVG2
268.061000000026,0.6201171875,0.279296875,1.234375,2.18804691591484,-1.22598737701065,0.175597150353088,LVG2
268.082000000026,0.99755859375,0.4951171875,0.87548828125,0.28734079148687103,-0.9173620824506781,-0.195817428272535,LVG2
268.102000000026,1.0,-0.82470703125,0.07177734375,-2.00287173917886,-0.424625836308377,-0.355451201320796,LVG2
268.122000000026,0.873046875,-1.34130859375,0.0419921875,-1.8645224692037,-0.821581818621721,-0.30117571848438696,LVG2
268.146000000026,0.966796875,-0.91796875,0.822265625,-0.8854353278410259,-0.881178427226405,-0.21710193134563602,LVG2
268.167000000026,0.58154296875,-0.96533203125,0.72265625,0.042569006146202994,-0.424625836308377,-0.26179938779914896,LVG2
268.187000000026,0.28955078125,-0.84375,0.55224609375,0.797104640087654,-0.26818473872107995,-0.346937400091556,LVG2
268.207000000026,0.3427734375,-0.8154296875,0.69775390625,0.7949761897803441,-0.5076353982934729,-0.277762765103976,LVG2
268.227000000026,0.58447265625,-0.78857421875,0.74853515625,0.555525530207951,-0.663012270727114,-0.18517517673598397,LVG2
268.247000000026,0.68359375,-0.52294921875,0.7197265625,0.45868104122533904,-0.47358019337651,0.021284503073102003,LVG2
268.26700000002603,0.517578125,-0.56494140625,0.4306640625,-0.27244163933570004,-0.247964460801633,0.411855134464516,LVG2
268.287000000026,0.51171875,-0.66455078125,0.33642578125,-0.479965544298441,-0.09897293928992199,0.528919901366574,LVG2
268.307000000026,0.73779296875,-0.83056640625,0.572265625,-0.285212341179561,0.09897293928992199,0.373543028932933,LVG2
268.32700000002603,1.05029296875,-0.97216796875,0.82177734375,-0.34055204916962495,0.303304168791697,0.539562152903125,LVG2
268.347000000026,1.13232421875,-1.24169921875,0.86962890625,-0.920554757911643,0.788590838858414,1.30154736292016,LVG2
268.367000000026,0.89990234375,-1.0771484375,0.80859375,-1.11530796103052,1.41116255374663,1.49842901634635,LVG2
268.388000000026,0.93994140625,-0.9423828125,0.65673828125,-1.4888509899634599,1.7687422053747401,1.6591270145482702,LVG2
268.408000000026,0.572265625,-1.03466796875,0.53466796875,-1.6335856108605502,2.53179164054543,2.13589988338574,LVG2
268.42800000002603,0.1845703125,-1.0615234375,0.728515625,-0.870536175689855,3.02452788668773,2.15292748584422,LVG2
268.448000000026,-0.03857421875,-0.7529296875,0.79248046875,0.321395996403834,3.1075374486728298,1.6037873065581998,LVG2
268.467000000026,-0.18603515625,-0.61767578125,0.5107421875,1.23982230400817,3.03517013822429,1.02910572358446,LVG2
268.48800000002603,-0.40380859375,-0.50634765625,0.2744140625,2.60628740130129,3.12562927628497,0.5427548283640901,LVG2
268.508000000026,-0.47607421875,-0.04931640625,0.5478515625,4.22284540970335,2.91597692101492,-0.08833068775337198,LVG2
268.528000000026,-0.50048828125,0.00244140625,0.44140625,3.7928984476267003,2.21890944537084,-0.382056830162173,LVG2
268.54800000002604,-0.5,-0.53076171875,0.0234375,3.24907939410896,1.1972532978619599,-0.763049435170692,LVG2
268.568000000026,-0.1689453125,-0.40283203125,-0.07470703125,4.2941484949982405,-0.245836010494323,-1.31751074022499,LVG2
268.588000000026,0.15478515625,-0.2412109375,-0.04443359375,4.0344775575064,-1.51545661880483,-1.46118113596842,LVG2
268.60800000002604,0.57666015625,-0.177734375,0.1083984375,3.3693368364719802,-2.5200851638552297,-1.5761174525631698,LVG2
268.628000000026,0.9951171875,-0.3955078125,0.31884765625,2.7574073731203104,-3.3214467045575,-1.5505760488754499,LVG2
268.648000000026,1.37255859375,-0.58837890625,0.494140625,2.19017536622215,-3.78438464639746,-1.3834926997516,LVG2
268.66800000002604,1.47119140625,-0.6875,0.42626953125,2.19656071714408,-3.5555762383616205,-1.08125275611356,LVG2
268.688000000026,1.3486328125,-0.8720703125,0.31005859375,2.65737020867673,-2.8978850934027798,-0.744957607558555,LVG2
268.708000000025,1.27392578125,-0.291015625,0.91015625,3.2171526394992993,-1.93476132934493,-0.54062637805678,LVG2
268.72800000002496,1.23388671875,-0.52587890625,1.19384765625,1.67296194154578,-1.0195276972015699,-0.168147574277502,LVG2
268.748000000025,1.1552734375,-0.20751953125,1.193359375,1.43457550712705,-0.122385892670334,0.074495760755856,LVG2
268.768000000025,0.77978515625,0.26611328125,1.47802734375,0.941839260984745,0.453359915457064,0.7183519787171779,LVG2
268.789000000025,0.33642578125,-0.06103515625,0.90185546875,-0.46293794183995896,0.36290077739638205,0.9961147438211541,LVG2
268.809000000025,0.244140625,-0.3671875,0.65576171875,-1.0099496708186702,-0.09152336321433699,0.7694347860926222,LVG2
268.82900000002496,0.50146484375,-0.53662109375,0.9736328125,-0.9631237640578472,-0.43420386269127204,0.775820137014553,LVG2
268.849000000025,0.62939453125,-0.58837890625,1.18603515625,-0.5097638486007829,-0.33735937370866,0.689617899568491,LVG2
268.869000000025,0.51416015625,-0.5146484375,1.01904296875,0.008513801229241,-0.051082807375443996,0.687489449261181,LVG2
268.88900000002496,0.2900390625,-0.13671875,0.66357421875,0.43952498845954796,0.18623940188963897,0.46400216699361496,LVG2
268.909000000025,0.26123046875,0.15087890625,0.49951171875,0.920554757911643,0.084073787138751,0.10429406505819801,LVG2
268.929000000025,0.29248046875,0.45263671875,0.6513671875,1.2015101984765801,-0.236257984111428,-0.10429406505819801,LVG2
268.94900000002497,0.1875,0.5908203125,0.6220703125,0.981215591669983,-0.491672020988646,-0.47677286883747494,LVG2
268.969000000025,0.0263671875,0.66064453125,0.642578125,0.419304710540101,-0.641727767654013,-1.10466570949397,LVG2
268.989000000025,0.228515625,0.2236328125,0.76123046875,0.30117571848438696,-0.8364809707728921,-1.7698064305284,LVG2
269.010000000025,0.4462890625,-0.15087890625,0.7744140625,0.508699623447128,-1.08870233218915,-2.03479849378851,LVG2
269.030000000025,0.61572265625,-0.255859375,0.81201171875,0.382056830162173,-1.3089969389957499,-1.78896248329419,LVG2
269.05000000002497,0.85107421875,-0.34521484375,0.94921875,-0.158569547894607,-1.34518059422002,-1.4260617058978102,LVG2
269.07400000002497,1.2099609375,-0.65576171875,1.5224609375,-0.650241568883253,-1.14829894079383,-1.21960202608872,LVG2
269.095000000025,1.31591796875,-0.5361328125,1.5283203125,-1.36433664698581,-0.5693604572054671,-0.9120409566824029,LVG2
269.11500000002496,1.36181640625,-0.3203125,1.18505859375,-2.4636812307115097,0.177725600660398,-0.285212341179561,LVG2
269.135000000025,1.15478515625,0.2685546875,0.84912109375,-2.7382513203545202,0.914169406989713,0.19901010373349998,LVG2
269.155000000025,0.86572265625,0.37451171875,0.54931640625,-2.9319402983197405,1.22811582731796,0.45229569030340905,LVG2
269.17500000002497,0.79833984375,0.17578125,0.63525390625,-2.72335216820335,1.05464712727218,0.455488365764374,LVG2
269.195000000025,0.814453125,-0.03564453125,0.7724609375,-2.43281870125551,0.9290685591408839,0.33097402278673,LVG2
269.215000000025,0.5439453125,-0.19873046875,0.57275390625,-1.53141999610966,1.10785838495494,0.031926754609652,LVG2
269.23500000002497,0.36865234375,0.0771484375,0.76416015625,0.316074870635558,1.09402345795742,-0.45868104122533904,LVG2
269.255000000025,0.63916015625,0.03369140625,0.9736328125,0.30649684425266305,0.8322240701582719,-0.8396736462338571,LVG2
269.275000000025,0.79345703125,-0.5126953125,0.74951171875,-0.693874800183112,0.803489991009585,-0.7258015547927641,LVG2
269.29500000002497,0.6748046875,-1.02490234375,0.4697265625,-0.20113855404081,0.791783514319379,-0.290533466947837,LVG2
269.316000000025,0.873046875,-1.08447265625,0.498046875,1.05358290211853,0.474644418530165,0.220294606806601,LVG2
269.33600000002497,1.21630859375,-1.0478515625,0.59033203125,1.19938174816927,0.238386434418738,1.04187642542832,LVG2
269.36000000002497,1.1953125,-1.14453125,0.45556640625,1.50481436726828,0.573617357820088,2.39237814541662,LVG2
269.380000000025,0.97412109375,-0.73779296875,0.38525390625,2.357258715346,0.53211257682754,2.91491269586126,LVG2
269.40100000002496,0.7802734375,-0.23388671875,0.53515625,1.90921992565721,0.26179938779914896,3.14797800451172,LVG2
269.421000000025,0.55029296875,-0.15869140625,0.560546875,0.533176801981195,-0.04682590676082401,3.34485965793791,LVG2
269.441000000025,0.2783203125,-0.322265625,0.4228515625,-0.020220277919447,-0.457616816071684,3.43425457084494,LVG2
269.46100000002497,-0.01953125,-0.31591796875,0.56201171875,0.7077097271806279,-0.8375451959265471,3.23098756649682,LVG2
269.48500000002497,-0.37109375,0.21142578125,0.576171875,0.650241568883253,-1.36646509729312,2.46261700555785,LVG2
269.506000000025,-0.125,0.37255859375,0.29443359375,1.36646509729312,-2.08056017539568,1.37923579913698,LVG2
269.52600000002496,0.45703125,0.8251953125,0.6962890625,3.34379543278426,-2.54136966692833,0.29479036756245697,LVG2
269.546000000025,0.818359375,1.068359375,1.54931640625,3.30122642663806,-2.06991792385913,-0.441653438766858,LVG2
269.566000000025,0.572265625,0.69921875,1.498046875,0.43846076330589295,-0.9769586910553629,-0.8088111167778599,LVG2
269.590000000025,-0.0595703125,0.2841796875,0.41455078125,-0.768370560938967,-0.48635089522037106,-1.3611439715248501,LVG2
269.611000000025,0.36083984375,-0.21875,0.48974609375,0.485286670066716,-1.37710734882967,-2.08056017539568,LVG2
269.631000000025,0.5908203125,0.2490234375,0.931640625,1.60591575686551,-2.14760636007595,-1.9741376600301699,LVG2
269.65100000002496,0.6572265625,0.82763671875,1.2998046875,0.66833339649539,-2.19762494229774,-1.83578839005501,LVG2
269.671000000025,1.1201171875,-0.22607421875,0.978515625,-0.6736545222636651,-1.98371568641307,-2.27850605397552,LVG2
269.691000000025,1.47607421875,-0.78515625,1.33544921875,0.309689519713628,-1.6527416636263401,-2.2242305711391204,LVG2
269.71100000002497,1.46923828125,-0.30908203125,1.85302734375,0.479965544298441,-1.28239131015437,-1.35475862060292,LVG2
269.731000000025,1.71923828125,-0.7177734375,1.80126953125,-1.56760365133393,-0.45868104122533904,-0.481029769452096,LVG2
269.751000000025,1.67578125,-0.49853515625,0.8173828125,-2.1827257901465704,0.946096161599365,0.168147574277502,LVG2
269.77100000002497,1.0322265625,0.1376953125,0.00439453125,-1.9475320311887898,1.81556811213557,0.555525530207951,LVG2
269.791000000025,0.73486328125,0.1240234375,-0.130859375,-1.5016216918073202,1.6335856108605502,0.616186363966291,LVG2
269.81200000002497,0.90185546875,-0.12109375,0.00732421875,-0.959931088596881,1.1514916162548001,0.610865238198015,LVG2
269.832000000025,0.98388671875,-0.29638671875,0.1767578125,-0.40653400869623996,1.04826177635025,0.8205175934680659,LVG2
269.852000000025,0.90625,-0.26416015625,0.27880859375,0.097908714136267,1.1248859874134198,1.12914288802804,LVG2
269.87200000002497,0.80322265625,-0.3115234375,0.255859375,0.37460725408658796,1.0727389548843198,1.39945607705643,LVG2
269.892000000025,0.759765625,-0.3447265625,0.31396484375,0.9673806646724671,0.8928849039166109,1.4941721157317298,LVG2
269.912000000025,0.595703125,0.00390625,0.44091796875,1.5920808298679998,0.7396364817902801,1.42499748074415,LVG2
269.93200000002497,0.333984375,0.0224609375,0.49658203125,1.51119971819021,0.487415120374026,1.3834926997516,LVG2
269.952000000025,0.33056640625,0.1416015625,0.64794921875,1.28984088622996,0.012770701843860999,1.18767527147907,LVG2
269.972000000025,0.61865234375,0.0537109375,1.08837890625,0.5448832786714001,-0.252221361416254,1.18022569540348,LVG2
269.992000000025,0.8154296875,-0.98974609375,1.66064453125,0.18304672642867398,0.18198250127501897,1.9975506134105803,LVG2
270.013000000025,0.3486328125,-0.77490234375,1.56298828125,-0.005321125768275,0.160697998201917,2.45516742948227,LVG2
270.03300000002497,0.10888671875,0.31103515625,0.626953125,-2.01777089133003,-0.504442722832507,1.6101726574801298,LVG2
270.053000000025,0.08544921875,-0.4296875,0.10791015625,-1.8506875422061797,-0.5938376357395339,0.891820678762956,LVG2
270.073000000025,0.28955078125,-0.04541015625,0.58349609375,0.738572256636625,-0.867343500228889,0.399084432620655,LVG2
270.093000000025,0.43896484375,0.0322265625,0.92041015625,0.67897564803194,-0.8524443480777181,-0.030862529455997004,LVG2
270.113000000025,0.3232421875,-0.0869140625,0.828125,0.763049435170692,-0.690682124722146,-0.336295148555005,LVG2
270.133000000025,0.3017578125,-0.00439453125,0.83203125,0.34374472463059,-0.6183148142736011,-0.747086057865866,LVG2
270.153000000025,0.625,0.01318359375,1.17236328125,0.09152336321433699,-0.6991959259513871,-0.8354167456192372,LVG2
270.173000000025,0.58447265625,-0.1328125,0.828125,-0.421433160847411,-0.4714517430692,-0.649177343729598,LVG2
270.193000000025,0.53515625,0.228515625,0.916015625,-0.159633773048262,-0.37567147924024297,-0.7343153560220049,LVG2
270.213000000024,0.98046875,0.203125,1.3369140625,-0.578938483588363,-0.562975106283537,-0.772627461553587,LVG2
270.234000000025,1.2763671875,0.15625,1.55322265625,-1.25897835677396,-0.21603770619198104,-0.5001858222178871,LVG2
270.253000000025,1.10693359375,0.21337890625,0.951171875,-2.28808408035842,0.5597824308225721,-0.277762765103976,LVG2
270.278000000025,0.6484375,-0.27587890625,0.21533203125,-2.9777019799269104,0.7055812768733171,-0.18411095158232899,LVG2
270.298000000024,0.5888671875,-0.39013671875,0.173828125,-1.3834926997516,0.14047772028247002,-0.285212341179561,LVG2
270.31800000002397,0.66552734375,-0.5322265625,0.29052734375,-0.09152336321433699,-0.292661917255147,-0.19794587857984502,LVG2
270.339000000024,0.5771484375,-0.857421875,0.39013671875,0.9439677112920551,-0.5608466559762271,-0.19368897796522402,LVG2
270.35900000002397,0.3720703125,-0.43994140625,0.61279296875,1.928375978423,-0.809875341931515,-0.547011728978711,LVG2
270.379000000024,0.4794921875,-0.48193359375,1.1123046875,1.5612183004120002,-0.923747433372609,-0.5565897553616059,LVG2
270.403000000024,0.62841796875,-0.71240234375,0.39892578125,1.46543803658304,-0.8864995529946809,-0.466130617300925,LVG2
270.42400000002397,0.5576171875,-0.42138671875,-0.09814453125,1.81876078759653,-0.8205175934680659,-0.34161627432328,LVG2
270.444000000024,0.51806640625,0.58935546875,0.22119140625,2.10503735392975,-0.973766015594397,-0.6885536744148361,LVG2
270.464000000024,0.3935546875,0.775390625,0.7470703125,1.07167472973066,-1.2015101984765801,-1.1972532978619599,LVG2
270.48400000002397,0.7060546875,0.3125,0.72021484375,0.774755911860898,-1.4601169108147702,-1.66870504093116,LVG2
270.504000000024,0.62548828125,0.1787109375,0.73388671875,0.9769586910553629,-1.15255584140845,-1.74852192745529,LVG2
270.524000000024,0.83984375,0.1494140625,1.51708984375,1.10679415980128,-1.29516201199823,-1.86239401889639,LVG2
270.545000000024,0.92724609375,0.001953125,1.39306640625,0.007449576075585999,-1.81769656244288,-2.0422480698641,LVG2
270.565000000024,1.20068359375,-0.5869140625,0.85498046875,-1.2110882248594799,-1.74107235137971,-2.0975877778541596,LVG2
270.58500000002397,1.3740234375,-0.38671875,0.6005859375,-0.8194533683144108,-0.949288837060331,-1.52397042003407,LVG2
270.60900000002397,1.1875,-0.09423828125,0.27392578125,-0.7651778854780021,-0.17666137550674302,-0.568296232051812,LVG2
270.630000000024,1.14599609375,-0.20751953125,0.15576171875,-0.321395996403834,0.025541403687721998,-0.21071658042370603,LVG2
270.650000000024,1.30517578125,-0.052734375,0.1865234375,0.116000541748404,0.399084432620655,0.275634314796665,LVG2
270.670000000024,1.35498046875,0.17724609375,0.23779296875,0.034055204916963,0.830095619850962,0.988665167745568,LVG2
270.690000000024,1.365234375,0.32568359375,0.50390625,-0.663012270727114,1.14084936471824,1.48352986419518,LVG2
270.71000000002397,1.40234375,0.1787109375,0.6904296875,-1.4313828316660802,1.4686307120440099,1.8826142968158301,LVG2
270.730000000024,1.38232421875,0.12109375,0.88427734375,-1.7346870004577801,1.6367782863215101,2.16889086314905,LVG2
270.750000000024,1.31884765625,0.14111328125,0.84033203125,-1.72510897407488,1.76554952991378,2.39131392026296,LVG2
270.77000000002397,1.23046875,0.021484375,0.92919921875,-1.9411466802668602,1.8506875422061797,2.50731446201137,LVG2
270.790000000024,1.13037109375,-0.04541015625,0.72265625,-2.3349099871192402,1.7953478342161202,2.4732592570944,LVG2
270.810000000024,0.8779296875,-0.18896484375,0.47509765625,-2.03054159317389,1.74852192745529,2.35832294049966,LVG2
270.830000000024,0.740234375,-0.33642578125,0.59423828125,-0.9173620824506781,2.00287173917886,1.93688977965224,LVG2
270.851000000024,0.39453125,-0.673828125,0.44287109375,-0.53424102713485,1.86132979374273,1.3622081966784998,LVG2
270.87100000002397,0.3349609375,-0.7060546875,0.36181640625,0.43420386269127204,1.8219534630575,0.9311970094481941,LVG2
270.89500000002397,0.2158203125,-0.18798828125,0.49267578125,1.1344640137963102,1.76235685445281,0.633213966424772,LVG2
270.915000000024,0.072265625,0.189453125,0.8544921875,1.60485153171186,1.69850334523351,0.21071658042370603,LVG2
270.93600000002397,-0.16162109375,0.18115234375,1.015625,1.01207812112598,1.64103518693613,-0.300111493330732,LVG2
270.956000000024,-0.10009765625,-0.0302734375,0.87353515625,0.5459475038250561,1.4665022617366998,-0.9013987051458521,LVG2
270.976000000024,0.04150390625,0.22314453125,0.8857421875,1.00037164443577,1.2462076549301002,-1.3324098923761598,LVG2
270.99600000002397,0.0947265625,0.10546875,0.7900390625,0.67471874741732,1.00356431989674,-1.5505760488754499,LVG2
271.016000000024,0.20458984375,-0.248046875,0.6513671875,0.14047772028247002,0.647048893422288,-1.6484847630117199,LVG2
271.036000000024,0.3720703125,-0.29052734375,0.63232421875,0.21816615649929103,0.135156594514195,-1.55696139979738,LVG2
271.05600000002397,0.44140625,-0.42578125,0.43017578125,0.18411095158232899,-0.47783709399113106,-1.21640935062776,LVG2
271.076000000024,0.46826171875,-0.70703125,0.2744140625,-0.00638535092193,-1.10679415980128,-0.7279300051000741,LVG2
271.096000000024,0.63818359375,-1.04052734375,0.46533203125,0.21923038165294603,-1.40584142797836,-0.345873174937901,LVG2
271.116000000024,0.8037109375,-0.72021484375,1.107421875,1.46330958627573,-1.2674921580032,-0.157505322740952,LVG2
271.137000000024,0.76806640625,-0.36083984375,1.34130859375,1.59740195563627,-0.8886280033019909,0.037247880377928,LVG2
271.15700000002397,0.70263671875,-0.44091796875,1.166015625,0.43313963753761703,-0.36183655224272704,0.21390925588467102,LVG2
271.177000000024,0.5458984375,-0.23291015625,0.97412109375,0.29372614240880196,0.06278928406565,0.29904726817707694,LVG2
271.201000000024,0.4765625,-0.1728515625,0.58544921875,0.234129533804117,0.10855096567281801,0.19156052765791398,LVG2
271.221000000024,0.33056640625,-0.10302734375,0.16650390625,0.11174364113378302,-0.188367852196949,0.194753203118879,LVG2
271.242000000024,0.0771484375,0.03662109375,-0.14599609375,0.517213424676368,-0.689617899568491,0.155376872433642,LVG2
271.262000000024,0.22314453125,0.447265625,0.1416015625,1.27068483346416,-1.48565831450249,-0.10748674051916302,LVG2
271.28200000002397,0.50146484375,0.85986328125,0.859375,0.9397108106774351,-1.9656238588009298,-0.40653400869623996,LVG2
271.302000000024,0.4521484375,0.64453125,1.09033203125,-0.32778134732576397,-1.9187979520401102,-0.909912506375093,LVG2
271.322000000024,0.3515625,0.25537109375,0.8134765625,-0.622571714888221,-1.95391738211073,-1.2515287806983701,LVG2
271.342000000024,0.96337890625,0.2880859375,1.31103515625,-0.119193217209369,-2.23274437236836,-1.42180480528319,LVG2
271.363000000024,1.3896484375,-0.5927734375,1.2880859375,-0.9588668634432259,-1.86345824405004,-1.46118113596842,LVG2
271.38300000002397,0.73681640625,-0.720703125,0.5498046875,-0.8779857517654399,-1.3845569249052598,-0.8524443480777181,LVG2
271.40700000002397,0.91943359375,0.16748046875,0.544921875,0.013834926997516001,-1.7506503777626101,-0.9524815125212959,LVG2
271.427000000024,1.42041015625,-0.43603515625,0.5693359375,-0.781141262782828,-1.38774960036622,-1.20257442363024,LVG2
271.44800000002397,1.96875,-0.748046875,1.40283203125,-0.18943207735060397,-0.717287753563523,-0.459745266378994,LVG2
271.468000000024,1.9697265625,0.0302734375,1.6171875,0.246900235647978,0.543819053517745,0.48635089522037106,LVG2
271.488000000024,1.57275390625,0.19287109375,1.12255859375,-0.667269171341735,1.7176593979993,1.23130850277893,LVG2
271.50800000002397,1.455078125,0.2265625,0.87255859375,-1.33028144206885,2.2284874717537404,1.56547520102662,LVG2
271.528000000024,1.103515625,0.4189453125,0.81396484375,-1.8953849986596998,2.66375555959866,1.71340249738468,LVG2
271.54900000002397,0.93603515625,0.50537109375,0.90771484375,-2.7478293467374106,2.8404169351054103,1.6176222335557198,LVG2
271.569000000024,0.89306640625,0.361328125,0.79345703125,-3.76735704393898,2.86063721302485,1.40690565313201,LVG2
271.589000000024,0.71923828125,0.12646484375,0.64208984375,-4.45058959258554,2.9521605762391903,1.22598737701065,LVG2
271.613000000024,0.40625,-0.376953125,0.29345703125,-4.63895744478249,2.94577522531726,1.09295923280377,LVG2
271.63300000002397,0.1201171875,-0.57275390625,0.11181640625,-3.69392550833678,2.7244163933569996,0.818389143160756,LVG2
271.654000000024,0.0,-0.45849609375,0.1142578125,-2.52327783931619,2.37109364234352,0.43846076330589295,LVG2
271.67400000002397,-0.046875,-0.6328125,0.11669921875,-1.99648638825693,2.10184467846878,0.157505322740952,LVG2
271.694000000024,-0.0751953125,-0.69970703125,0.3720703125,-0.38844218108410405,2.04118384471044,-0.29372614240880196,LVG2
271.718000000024,-0.22119140625,-0.66259765625,0.56787109375,1.5026859169609699,1.8794216213548702,-1.19618907270831,LVG2
271.738000000024,-0.3330078125,-0.57470703125,0.7705078125,1.7442650268406699,1.32815299176154,-1.6655123654702,LVG2
271.759000000024,-0.16748046875,0.07568359375,1.24609375,0.409726684157205,0.8779857517654399,-1.8432379661306,LVG2
271.779000000024,0.04443359375,-0.07861328125,0.818359375,-1.26110680708127,0.42994696207665206,-1.6867968685433001,LVG2
271.79900000002397,-0.00634765625,-0.7373046875,0.11865234375,-0.42569006146203203,-0.351194300706176,-1.5037501421146298,LVG2
271.819000000024,0.1064453125,-0.74609375,0.1923828125,0.457616816071684,-1.21428090032045,-1.29622623715189,LVG2
271.839000000024,0.42529296875,-0.57763671875,0.48193359375,0.43952498845954796,-1.80811853605998,-0.9876009425919129,LVG2
271.85900000002397,0.73681640625,-0.67431640625,0.6923828125,0.47358019337651,-1.8645224692037,-0.775820137014553,LVG2
271.879000000024,0.9541015625,-0.66650390625,0.85693359375,0.909912506375093,-1.4409608580489799,-0.713030852948903,LVG2
271.899000000024,1.1259765625,-0.234375,1.25390625,-0.223487282267567,-0.7779485873218629,-0.20752390496273998,LVG2
271.918000000024,1.08154296875,-0.2568359375,1.26513671875,-3.03091323760966,0.128771243592265,0.46400216699361496,LVG2
271.94300000002397,0.71435546875,-0.4345703125,0.85400390625,-3.41829119354011,0.692810575029456,0.33948782401597,LVG2
271.964000000024,0.5078125,-0.3408203125,0.6484375,-3.6364573500393997,0.7492145081731759,0.253285586569909,LVG2
271.98400000002397,0.4716796875,-0.24365234375,0.5625,-4.23135921093259,0.516149199522713,0.257542487184529,LVG2
272.004000000024,0.48974609375,-0.24072265625,0.46875,-5.115730313619969,0.424625836308377,0.259670937491839,LVG2
272.024000000024,0.46337890625,-0.375,0.4638671875,-5.828761166568871,0.45229569030340905,0.512956524061748,LVG2
272.04400000002397,0.357421875,-0.9970703125,0.083984375,-7.165427959559651,0.519341874983679,0.9322612346018492,LVG2
272.065000000024,0.1953125,-1.73779296875,-0.283203125,-5.487144892245589,0.656626919805184,0.656626919805184,LVG2
272.08500000002397,0.30078125,-1.130859375,0.0107421875,-0.36183655224272704,0.549140179286021,-0.562975106283537,LVG2
272.10900000002397,0.224609375,-0.68603515625,0.158203125,1.05571135242584,0.252221361416254,-0.606608337583395,LVG2
272.129000000024,0.40283203125,-0.7841796875,0.3759765625,-0.245836010494323,-0.04895435706813401,-0.310753744867283,LVG2
272.149000000024,0.56201171875,-1.06201171875,0.4453125,-1.0322983990454302,-0.009578026382896,-0.121321667516679,LVG2
272.170000000024,0.5263671875,-0.98291015625,0.41943359375,-0.8375451959265471,0.236257984111428,-0.09045913806068198,LVG2
272.190000000024,0.455078125,-0.9853515625,0.34033203125,-0.9120409566824029,0.26286361295280397,-0.037247880377928,LVG2
272.210000000023,0.41064453125,-0.96435546875,0.2734375,-0.657691144958839,0.20007432888715498,0.037247880377928,LVG2
272.230000000023,0.40576171875,-0.88037109375,0.333984375,-0.09365181352164699,0.101101389597233,-0.013834926997516001,LVG2
272.250000000023,0.4150390625,-0.732421875,0.44873046875,0.20220277919446497,0.019156052765792,-0.024477178534067005,LVG2
272.270000000023,0.4033203125,-0.6279296875,0.55419921875,-0.6119294633516701,0.264992063260115,0.159633773048262,LVG2
272.290000000023,0.310546875,-1.01318359375,0.26171875,-2.11993650608092,0.763049435170692,0.444846114227823,LVG2
272.310000000023,0.18798828125,-1.234375,-0.16455078125,-1.69531066977254,1.0993445837256999,0.173468700045778,LVG2
272.330000000023,-0.01416015625,-1.32763671875,-0.37939453125,0.640663542500358,1.19618907270831,-0.37567147924024297,LVG2
272.350000000023,0.01416015625,-0.88818359375,0.07568359375,3.77799929547553,0.933325459755504,-1.1238217622597602,LVG2
272.370000000023,0.2451171875,-0.43896484375,0.50439453125,5.08380355901031,0.49060779583499203,-1.7240447489212298,LVG2
272.390000000023,0.42919921875,-0.38232421875,0.546875,4.07598233849895,0.10429406505819801,-1.8389810655159802,LVG2
272.410000000023,0.59619140625,-0.3642578125,0.47216796875,2.11248693000533,-0.18730362704329398,-1.78896248329419,LVG2
272.430000000023,0.76416015625,-0.5302734375,0.35400390625,0.174532925199433,-0.41079090931086,-1.62187913417034,LVG2
272.450000000023,0.87451171875,-0.77197265625,0.2724609375,-0.915233632143368,-0.616186363966291,-1.3132538396103701,LVG2
272.471000000023,0.95703125,-0.9794921875,0.27880859375,-1.15042739110114,-0.7779485873218629,-1.0163350217406,LVG2
272.491000000023,0.9384765625,-1.1142578125,0.28857421875,-0.8928849039166109,-0.708773952334283,-0.667269171341735,LVG2
272.511000000023,0.814453125,-1.11181640625,0.24755859375,-0.256478262030874,-0.5693604572054671,-0.34055204916962495,LVG2
272.531000000023,0.8388671875,-0.9677734375,0.29296875,0.512956524061748,-0.5831953842029829,-0.009578026382896,LVG2
272.551000000023,0.78759765625,-0.67626953125,0.54443359375,0.701324376258697,-0.21390925588467102,0.16708334912384698,LVG2
272.571000000023,0.59521484375,-0.4775390625,0.6923828125,0.150055746665366,0.20007432888715498,0.152184196972676,LVG2
272.592000000023,0.58203125,-0.49560546875,0.5732421875,-0.47358019337651,0.153248422126331,0.16389067366288199,LVG2
272.611000000023,0.6171875,-0.609375,0.42919921875,-0.770499011246277,0.127707018438609,0.032990979763308,LVG2
272.636000000023,0.626953125,-0.70263671875,0.423828125,-0.9631237640578472,0.147927296358056,-0.07343153560220099,LVG2
272.656000000023,0.6396484375,-0.857421875,0.36083984375,-0.9652522143651571,0.08939491290702699,0.012770701843860999,LVG2
272.677000000023,0.66455078125,-0.908203125,0.30615234375,-0.512956524061748,0.06278928406565,0.056403933143719005,LVG2
272.697000000023,0.6240234375,-0.82958984375,0.3154296875,0.06811040983392501,0.057468158297374,0.09897293928992199,LVG2
272.717000000023,0.60595703125,-0.80517578125,0.2958984375,0.145798846050746,-0.074495760755856,0.20539545465543,LVG2
272.737000000023,0.6201171875,-0.83642578125,0.2763671875,0.08513801229240599,-0.169211799431158,0.297983043023422,LVG2
272.757000000023,0.60205078125,-0.75732421875,0.318359375,0.20645967980908497,-0.194753203118879,0.32778134732576397,LVG2
272.777000000023,0.64208984375,-0.68994140625,0.40185546875,0.158569547894607,-0.175597150353088,0.351194300706176,LVG2
272.797000000023,0.57470703125,-0.72265625,0.35888671875,0.001064225153655,-0.10855096567281801,0.351194300706176,LVG2
272.81700000002303,0.5244140625,-0.72900390625,0.31494140625,0.25541403687721903,-0.16601912397019197,0.177725600660398,LVG2
272.842000000023,0.5966796875,-0.6064453125,0.3388671875,0.689617899568491,-0.16708334912384698,-0.11067941598012801,LVG2
272.862000000023,0.56689453125,-0.501953125,0.48046875,0.9982431941284642,-0.075559985909511,-0.286276566333216,LVG2
272.883000000023,0.6376953125,-0.5634765625,0.486328125,0.29372614240880196,-0.17240447489212302,-0.173468700045778,LVG2
272.903000000023,0.625,-0.89111328125,0.3232421875,-0.6268286155028421,-0.084073787138751,-0.035119430070618,LVG2
272.923000000023,0.58642578125,-1.087890625,0.1640625,-0.06491773437296,-0.10855096567281801,0.044697456453513,LVG2
272.943000000023,0.6708984375,-0.74267578125,0.41162109375,1.21853780093507,-0.228808408035842,0.10003716444357699,LVG2
272.963000000023,0.74072265625,-0.49365234375,0.6240234375,0.9290685591408839,-0.235193758957772,0.311817970020938,LVG2
272.983000000023,0.693359375,-0.55126953125,0.47802734375,-0.18943207735060397,-0.141541945436126,0.45868104122533904,LVG2
273.003000000023,0.537109375,-0.7001953125,0.42578125,-0.249028685955288,0.019156052765792,0.228808408035842,LVG2
273.023000000023,0.58642578125,-1.08984375,0.52880859375,0.21710193134563602,-0.015963377304826,0.09152336321433699,LVG2
273.043000000023,0.65673828125,-1.13818359375,0.4501953125,0.971637565287087,-0.123450117823989,0.153248422126331,LVG2
273.063000000023,0.5224609375,-0.74462890625,0.3935546875,1.51545661880483,-0.044697456453513,0.171340249738468,LVG2
273.083000000023,0.4677734375,-0.72900390625,0.3935546875,1.29516201199823,0.043633231299858,0.10322983990454301,LVG2
273.104000000023,0.47705078125,-0.7158203125,0.38623046875,1.46118113596842,0.045761681607168,-0.036183655224273,LVG2
273.124000000023,0.4052734375,-0.5263671875,0.525390625,1.73149432499681,-0.028734079148687,-0.123450117823989,LVG2
273.144000000023,0.494140625,-0.61865234375,0.583984375,1.39413495128815,-0.16389067366288199,-0.116000541748404,LVG2
273.164000000023,0.5546875,-0.70166015625,0.4736328125,1.0354910745063899,-0.12983546874592,-0.16389067366288199,LVG2
273.184000000023,0.451171875,-0.64453125,0.515625,1.0354910745063899,-0.13622081966785002,-0.18304672642867398,LVG2
273.20400000002303,0.46728515625,-0.7158203125,0.548828125,1.1333997886426599,-0.291597692101492,-0.26818473872107995,LVG2
273.224000000023,0.59326171875,-0.60302734375,0.548828125,1.4037129776710502,-0.317139095789214,-0.322460221557489,LVG2
273.244000000023,0.52197265625,-0.40771484375,0.50537109375,1.1036014843403201,-0.26818473872107995,-0.309689519713628,LVG2
273.264000000023,0.46435546875,-0.48583984375,0.59375,0.702388601412352,-0.307561069406318,-0.46825906760823494,LVG2
273.285000000023,0.58056640625,-0.77880859375,0.5185546875,0.516149199522713,-0.3597081019354171,-0.6864252241075259,LVG2
273.305000000023,0.65380859375,-0.5927734375,0.38623046875,1.06635360396239,-0.349065850398866,-0.6779114228782851,LVG2
273.325000000023,0.60400390625,-0.20556640625,0.4990234375,1.2110882248594799,-0.30436839394535303,-0.7694347860926222,LVG2
273.349000000023,0.59033203125,-0.29736328125,0.76025390625,0.30649684425266305,-0.245836010494323,-1.2813270850007201,LVG2
273.369000000023,0.7802734375,-0.603515625,0.77197265625,-0.124514342977644,-0.19368897796522402,-1.52503464518773,LVG2
273.390000000023,0.84814453125,-0.6708984375,0.4482421875,-0.36928612831831203,-0.10642251536550801,-1.25578568131299,LVG2
273.410000000023,0.85791015625,-0.7119140625,0.4375,0.28308389087225105,-0.119193217209369,-1.07380318003797,LVG2
273.430000000023,1.06494140625,-0.8125,0.4345703125,1.25046455554472,0.12557856813129903,-0.740700706943935,LVG2
273.450000000023,1.146484375,-0.52587890625,0.71240234375,2.1178080557736103,0.46080949153264894,-0.09471603867530198,LVG2
273.470000000023,1.23388671875,0.06640625,0.66552734375,1.97626611033748,0.829031394697307,0.755599859095106,LVG2
273.49000000002303,1.3212890625,0.25146484375,0.77294921875,0.881178427226405,1.1844825960181,1.44202508320263,LVG2
273.510000000023,1.3720703125,-0.013671875,0.6845703125,-0.554461305054296,1.36433664698581,1.99542216310327,LVG2
273.530000000023,1.4599609375,-0.1591796875,0.65576171875,-1.14617049048652,1.46543803658304,2.51157136262599,LVG2
273.550000000023,1.4140625,-0.40185546875,0.6982421875,-1.4239332555905,1.62187913417034,2.85425186210292,LVG2
273.570000000023,1.1357421875,-0.75732421875,0.51953125,-1.42180480528319,1.72298052376757,2.92874762285878,LVG2
273.590000000023,0.72705078125,-0.8427734375,0.2451171875,-1.0610324781941098,1.5761174525631698,2.9649312780830495,LVG2
273.610000000023,0.21142578125,-0.8759765625,0.14892578125,-0.666204946188079,0.7651778854780021,2.5509476933112203,LVG2
273.630000000022,-0.138671875,-0.64794921875,0.5859375,-0.27989121541128603,0.49805737191057703,2.26041422636339,LVG2
273.65000000002203,-0.408203125,-0.38818359375,0.87890625,-0.079816886524131,0.001064225153655,1.6463563127044099,LVG2
273.670000000022,-0.60888671875,-0.51513671875,0.5478515625,-0.11067941598012801,-0.44058921361320297,1.00356431989674,LVG2
273.690000000022,-0.6513671875,-0.58154296875,0.27734375,0.461873716686304,-0.8088111167778599,0.40227710808162,LVG2
273.711000000022,-0.35205078125,-0.48779296875,0.5859375,1.0216561475088801,-0.796040414933999,-0.244771785340668,LVG2
273.731000000022,-0.03759765625,-0.6650390625,1.21533203125,0.867343500228889,-0.313946420328248,-0.37460725408658796,LVG2
273.75100000002203,0.10400390625,-0.78173828125,1.09228515625,0.7194162038708342,-0.16708334912384698,-0.33097402278673,LVG2
273.771000000022,0.2548828125,-0.63818359375,0.88525390625,1.01101389597233,-0.188367852196949,-0.519341874983679,LVG2
273.791000000022,0.37353515625,-0.60009765625,0.87060546875,1.04400487573563,-0.237322209265083,-0.305432619099008,LVG2
273.81100000002203,0.541015625,-0.6806640625,0.96240234375,1.3845569249052598,-0.27031318902839,-0.122385892670334,LVG2
273.831000000022,0.6630859375,-0.55126953125,0.89013671875,2.17634043922464,-0.387377955930449,-0.027669853995032002,LVG2
273.851000000022,0.73681640625,-0.400390625,0.88037109375,2.16995508830271,-0.47783709399113106,0.195817428272535,LVG2
273.872000000022,0.78466796875,-0.31201171875,0.98583984375,1.35369439544926,-0.338423598862315,0.326717122172109,LVG2
273.896000000022,0.61572265625,-0.45361328125,0.82568359375,0.5416906032104349,0.019156052765792,0.428882736922997,LVG2
273.917000000022,0.453125,-0.55029296875,0.75732421875,0.8598939241533041,0.050018582221788996,0.431011187230307,LVG2
273.937000000022,0.4326171875,-0.6962890625,0.751953125,1.33666679299078,-0.21603770619198104,0.348001625245211,LVG2
273.957000000022,0.46337890625,-0.703125,0.6650390625,1.8677151446646598,-0.409726684157205,0.273505864489355,LVG2
273.97700000002203,0.37841796875,-0.66796875,0.62060546875,2.70738879089852,-0.45229569030340905,0.428882736922997,LVG2
273.997000000022,0.40625,-0.17626953125,0.80810546875,3.03517013822429,-0.5384979277494699,0.504442722832507,LVG2
274.017000000022,0.31298828125,-0.03662109375,0.72509765625,1.99648638825693,-0.6257643903491871,0.634278191578427,LVG2
274.03700000002203,0.34619140625,-0.05712890625,0.75732421875,1.15042739110114,-0.638535092193047,0.42781851176934205,LVG2
274.057000000022,0.36669921875,-0.1376953125,0.73583984375,0.788590838858414,-0.594901860893189,0.228808408035842,LVG2
274.077000000022,0.40869140625,0.1162109375,0.78515625,0.7694347860926222,-0.5001858222178871,-0.038312105531583,LVG2
274.09700000002204,0.55419921875,0.1796875,0.81494140625,-0.11067941598012801,-0.450167239996098,-0.09152336321433699,LVG2
274.117000000022,0.91455078125,-0.5263671875,0.62451171875,-1.41648367951491,-0.407598233849895,-0.08513801229240599,LVG2
274.137000000022,0.880859375,-1.01220703125,0.36376953125,-0.95141728736764,-0.21178080557736104,0.119193217209369,LVG2
274.15700000002204,0.703125,-0.61474609375,0.42919921875,0.692810575029456,-0.21816615649929103,0.45229569030340905,LVG2
274.177000000022,0.78955078125,-0.39208984375,0.689453125,1.13552823894997,-0.4427176639205129,0.781141262782828,LVG2
274.197000000022,0.6748046875,-0.328125,0.708984375,0.7524071836341409,-0.30117571848438696,0.74176493209759,LVG2
274.218000000022,0.4287109375,-0.57763671875,0.41748046875,0.907784056067782,-0.21071658042370603,0.389506406237759,LVG2
274.238000000022,0.4423828125,-0.08154296875,0.68603515625,1.99222948764231,-0.5076353982934729,0.20858813011639601,LVG2
274.25800000002204,0.451171875,0.53857421875,0.88818359375,1.42074058012953,-0.783269713090138,0.137285044821505,LVG2
274.278000000022,0.36181640625,0.513671875,0.84375,-0.13409236936053998,-0.809875341931515,-0.159633773048262,LVG2
274.302000000022,0.1494140625,0.94091796875,0.845703125,-0.698131700797732,-0.6917463498758011,-0.923747433372609,LVG2
274.32300000002203,0.275390625,0.42431640625,0.92333984375,-1.6750903918530902,-0.717287753563523,-1.4196763549758797,LVG2
274.343000000022,0.43603515625,-0.16552734375,1.11572265625,-1.70276024584813,-0.553397079900641,-1.5771816777168302,LVG2
274.363000000022,0.52392578125,-0.56201171875,1.10595703125,-0.9407750358310899,-0.66833339649539,-1.54525492310717,LVG2
274.38300000002204,0.76318359375,-0.70556640625,1.34521484375,0.039376330685238,-0.87372885115082,-1.26642793284954,LVG2
274.402000000022,1.021484375,-0.87255859375,1.64794921875,0.18198250127501897,-0.632149741271117,-0.7492145081731759,LVG2
274.423000000022,1.017578125,-1.0498046875,1.37353515625,0.46400216699361496,-0.075559985909511,-0.18730362704329398,LVG2
274.44300000002204,0.80126953125,-0.419921875,1.10791015625,1.13127133833535,0.37460725408658796,0.06385350921930501,LVG2
274.463000000022,0.59375,-0.203125,0.9150390625,0.573617357820088,0.615122138812636,0.349065850398866,LVG2
274.483000000022,0.4609375,-0.1484375,0.73046875,0.14473462089709102,0.595966086046844,0.4427176639205129,LVG2
274.503000000022,0.42578125,-0.04296875,0.64306640625,-0.050018582221788996,0.441653438766858,0.36396500255003705,LVG2
274.523000000022,0.43359375,0.10302734375,0.6943359375,-0.334166698247695,0.305432619099008,0.267120513567425,LVG2
274.543000000022,0.4130859375,0.18310546875,0.5791015625,-0.887563778148336,0.19156052765791398,0.161762223355572,LVG2
274.563000000022,0.46435546875,0.166015625,0.548828125,-1.39839185190277,0.08833068775337198,0.08833068775337198,LVG2
274.583000000022,0.607421875,-0.03466796875,0.62939453125,-1.8474948667452198,-0.039376330685238,0.028734079148687,LVG2
274.603000000022,0.71826171875,-0.25390625,0.75439453125,-1.86345824405004,-0.057468158297374,-0.012770701843860999,LVG2
274.624000000022,0.6484375,-0.43359375,0.7392578125,-1.49949324150001,-0.04150478099254799,0.00638535092193,LVG2
274.644000000022,0.580078125,-0.41748046875,0.6943359375,-1.01846347204791,-0.12983546874592,-0.037247880377928,LVG2
274.664000000022,0.5458984375,-0.470703125,0.7060546875,-0.753471408787796,-0.25541403687721903,-0.061725058911995,LVG2
274.684000000022,0.52783203125,-0.52783203125,0.77490234375,-0.27137741418204503,-0.387377955930449,-0.056403933143719005,LVG2
274.708000000022,0.55029296875,-0.509765625,0.7900390625,0.018091827612136003,-0.5246630007519539,-0.06066083375833999,LVG2
274.729000000022,0.59228515625,-0.484375,0.71044921875,0.36183655224272704,-0.6598195952661489,-0.07343153560220099,LVG2
274.749000000022,0.59375,-0.41064453125,0.87744140625,0.915233632143368,-0.528919901366574,-0.09897293928992199,LVG2
274.769000000022,0.634765625,-0.11572265625,1.0498046875,0.8247744940826859,-0.449103014842443,-0.06811040983392501,LVG2
274.789000000022,0.76611328125,-0.24755859375,0.8798828125,-0.284148116025906,-0.32778134732576397,0.010642251536551002,LVG2
274.809000000022,0.796875,-0.4609375,0.69287109375,-0.459745266378994,-0.15111997181902098,0.032990979763308,LVG2
274.829000000022,0.814453125,-0.67236328125,0.53857421875,0.49060779583499203,-0.120257442363024,0.10642251536550801,LVG2
274.849000000022,0.83251953125,-0.4794921875,0.9541015625,1.53141999610966,0.024477178534067005,0.154312647279986,LVG2
274.869000000022,0.7353515625,-0.2109375,0.95947265625,1.5825028034850999,0.220294606806601,0.391634856545069,LVG2
274.889000000022,0.49755859375,-0.43212890625,0.49658203125,0.9801513665163281,0.170276024584813,0.649177343729598,LVG2
274.909000000022,0.607421875,-0.39111328125,0.62451171875,1.36007974637119,-0.10429406505819801,0.657691144958839,LVG2
274.92900000002203,0.58154296875,-0.05810546875,0.748046875,1.62187913417034,-0.28840501664052604,0.516149199522713,LVG2
274.949000000022,0.50390625,-0.52978515625,0.63427734375,0.941839260984745,-0.42036893569375605,0.539562152903125,LVG2
274.974000000022,0.50048828125,-0.4287109375,0.6044921875,2.22955169690739,-0.736443806329315,0.812003792238825,LVG2
274.994000000022,0.59765625,0.42919921875,0.79248046875,2.44239672763841,-0.74602183271221,0.623635940041876,LVG2
275.014000000022,0.4443359375,0.38916015625,0.46142578125,1.53780534703159,-0.5512686295933311,0.21923038165294603,LVG2
275.035000000022,0.56982421875,0.0322265625,0.5498046875,1.36007974637119,-0.5895807351249139,-0.06811040983392501,LVG2
275.055000000022,1.0166015625,-0.25390625,0.94287109375,0.401212882927965,-0.6949390253367671,0.011706476690206002,LVG2
275.075000000022,0.943359375,-0.1357421875,0.744140625,-0.192624752811569,-0.137285044821505,-0.007449576075585999,LVG2
275.095000000022,0.63720703125,0.18310546875,0.630859375,-0.18411095158232899,0.30436839394535303,-0.11067941598012801,LVG2
275.11400000002203,0.60791015625,0.09521484375,0.70849609375,-1.13020711318169,0.29904726817707694,-0.16708334912384698,LVG2
275.135000000022,0.7626953125,0.1337890625,0.90478515625,-1.89751344896701,0.328845572479419,-0.22135883196025602,LVG2
275.155000000022,0.88671875,-0.22216796875,0.7509765625,-2.5924524743037702,0.543819053517745,-0.26392783810646,LVG2
275.175000000022,0.5888671875,-0.3583984375,0.41357421875,-2.20507451837332,0.8151964676997909,-0.241579109879703,LVG2
275.195000000022,0.49365234375,-0.2041015625,0.45849609375,-1.63571406116786,0.608736787890705,-0.227744182882187,LVG2
275.21500000002203,0.5849609375,0.02490234375,0.7099609375,-1.3962634015954598,0.267120513567425,-0.358643876781762,LVG2
275.23500000002105,0.66015625,-0.19775390625,0.93017578125,-1.7421365765333603,0.243707560187013,-0.466130617300925,LVG2
275.255000000021,0.681640625,-0.5498046875,0.93798828125,-2.0113855404081002,0.554461305054296,-0.40227710808162,LVG2
275.280000000021,0.5751953125,-0.4453125,0.92724609375,-1.8879354225841103,0.915233632143368,-0.395891757159689,LVG2
275.30000000002104,0.40966796875,-0.6494140625,0.703125,-2.08268862570299,0.884371102687371,-0.23200108349680698,LVG2
275.320000000021,0.44873046875,-0.72998046875,0.68310546875,-1.4324470568197398,0.5097638486007829,-0.080881111677786,LVG2
275.340000000021,0.57958984375,-0.67041015625,0.85107421875,-0.557653980515261,0.19794587857984502,0.005321125768275,LVG2
275.361000000021,0.6064453125,-0.58935546875,0.93017578125,-0.16282644850922698,0.052147032529099004,0.139413495128815,LVG2
275.381000000021,0.56201171875,-0.47265625,0.8623046875,-0.040440555838893,0.04682590676082401,0.21178080557736104,LVG2
275.405000000021,0.51708984375,-0.49658203125,0.623046875,-0.154312647279986,-0.117064766902059,0.257542487184529,LVG2
275.42500000002104,0.537109375,-0.73095703125,0.45849609375,0.09258758836799198,-0.391634856545069,0.258606712338184,LVG2
275.446000000021,0.6044921875,-0.79248046875,0.48046875,0.8779857517654399,-0.572553132666432,0.19901010373349998,LVG2
275.46600000002104,0.7080078125,-0.455078125,0.7783203125,1.19299639724734,-0.47570864368382,0.133028144206885,LVG2
275.486000000021,0.78955078125,-0.3671875,0.88720703125,0.812003792238825,-0.234129533804117,0.10961519082647302,LVG2
275.506000000021,0.7607421875,-0.70654296875,0.7216796875,1.35156594514195,-0.11067941598012801,0.08833068775337198,LVG2
275.525000000021,0.71484375,-0.83056640625,0.60546875,2.51157136262599,-0.244771785340668,0.147927296358056,LVG2
275.546000000021,0.76123046875,-0.65234375,0.63330078125,2.9542890265465,-0.2788269902576311,0.28201966571859605,LVG2
275.566000000021,0.74072265625,-0.501953125,0.6220703125,2.57223219638433,-0.175597150353088,0.35332275101348604,LVG2
275.58600000002104,0.65087890625,-0.736328125,0.443359375,2.8063617301884403,-0.11280786628743801,0.33097402278673,LVG2
275.606000000021,0.591796875,-0.70703125,0.373046875,3.520456808291,-0.236257984111428,0.39482753200603404,LVG2
275.626000000021,0.62744140625,-0.2939453125,0.3701171875,3.7907699973193902,-0.47783709399113106,0.5001858222178871,LVG2
275.64600000002105,0.69287109375,0.4775390625,0.65966796875,2.41046997302875,-0.6119294633516701,0.514020749215403,LVG2
275.667000000021,0.671875,0.54296875,0.8037109375,0.243707560187013,-0.4427176639205129,0.35757965162810706,LVG2
275.68700000002104,0.564453125,0.44287109375,0.66552734375,-0.20858813011639601,-0.171340249738468,-0.09045913806068198,LVG2
275.71100000002104,0.6533203125,1.1474609375,0.8701171875,-0.5001858222178871,0.039376330685238,-0.6119294633516701,LVG2
275.731000000021,0.55078125,0.8046875,0.615234375,-1.70169602069447,0.08833068775337198,-0.818389143160756,LVG2
275.75200000002104,0.63818359375,0.37841796875,0.658203125,-2.68929696328638,-0.029798304302342003,-0.898206029684887,LVG2
275.772000000021,0.63720703125,0.38916015625,0.72265625,-3.06071154191201,0.10322983990454301,-1.07380318003797,LVG2
275.792000000021,0.57568359375,-0.10888671875,0.541015625,-3.7205311371781598,0.30649684425266305,-1.32602454145423,LVG2
275.81200000002104,0.69091796875,-0.5361328125,0.583984375,-3.08731717075338,0.13834926997516,-1.3196391905323,LVG2
275.832000000021,0.80908203125,-0.36279296875,0.86669921875,-1.6931822194652302,-0.175597150353088,-1.04294065058198,LVG2
275.852000000021,0.89404296875,-0.5478515625,1.1318359375,-1.55589717464373,-0.225615732574877,-0.554461305054296,LVG2
275.873000000021,0.83935546875,-1.21875,0.896484375,-1.87090782012563,0.10322983990454301,-0.20113855404081,LVG2
275.893000000021,0.708984375,-0.958984375,0.81005859375,-0.26924896387473496,0.25541403687721903,-0.077688436216821,LVG2
275.91300000002104,0.68701171875,-0.4794921875,0.814453125,0.537433702595815,0.11174364113378302,0.20965235527005102,LVG2
275.933000000021,0.6396484375,-0.22314453125,0.78173828125,0.37460725408658796,0.045761681607168,0.309689519713628,LVG2
275.953000000021,0.57763671875,-0.2333984375,0.70654296875,-0.010642251536551002,0.036183655224273,0.225615732574877,LVG2
275.97300000002105,0.5283203125,-0.310546875,0.6611328125,-0.20433122950177499,-0.029798304302342003,0.12557856813129903,LVG2
275.993000000021,0.6171875,-0.32568359375,0.8056640625,0.019156052765792,-0.078752661370476,0.011706476690206002,LVG2
276.013000000021,0.609375,-0.25830078125,0.8603515625,0.284148116025906,-0.00425690061462,-0.08513801229240599,LVG2
276.033000000021,0.59716796875,-0.3046875,0.8583984375,0.027669853995032002,0.023412953380412004,-0.09578026382895699,LVG2
276.05300000002103,0.59423828125,-0.45556640625,0.77001953125,-0.26605628841377,0.04682590676082401,-0.06278928406565,LVG2
276.07400000002104,0.64599609375,-0.470703125,0.8271484375,0.014899152151171002,-0.015963377304826,-0.023412953380412004,LVG2
276.094000000021,0.705078125,-0.38916015625,0.92333984375,0.47783709399113106,-0.122385892670334,0.00212845030731,LVG2
276.114000000021,0.75048828125,-0.3212890625,1.0009765625,0.608736787890705,-0.145798846050746,0.07023886014123501,LVG2
276.13400000002105,0.693359375,-0.296875,0.9384765625,0.478901319144786,-0.08726646259971699,0.148991521511711,LVG2
276.15400000002103,0.64697265625,-0.26513671875,0.87646484375,0.39695598231334395,-0.021284503073102003,0.19688165342619002,LVG2
276.174000000021,0.6640625,-0.27587890625,0.88427734375,0.424625836308377,-0.06491773437296,0.233065308650462,LVG2
276.194000000021,0.64111328125,-0.22119140625,0.85107421875,0.393763306852379,-0.124514342977644,0.226679957728532,LVG2
276.21400000002103,0.5693359375,-0.044921875,0.51171875,-0.030862529455997004,-0.323524446711144,0.032990979763308,LVG2
276.234000000021,0.57568359375,-0.12060546875,0.72998046875,-0.6119294633516701,-0.257542487184529,-0.158569547894607,LVG2
276.255000000021,0.52587890625,-0.3525390625,0.68115234375,-0.8247744940826859,-0.10535829021185301,-0.18091827612136302,LVG2
276.275000000021,0.58984375,-0.1787109375,0.51318359375,0.19794587857984502,-0.130899693899575,-0.338423598862315,LVG2
276.295000000021,0.60693359375,-0.05126953125,0.5234375,0.403341333235275,-0.09897293928992199,-0.38312105531582796,LVG2
276.31500000002103,0.7236328125,-0.07861328125,0.55224609375,-0.20007432888715498,-0.177725600660398,-0.26286361295280397,LVG2
276.335000000021,0.78076171875,-0.353515625,0.390625,-0.8173249180071009,-0.18623940188963897,-0.036183655224273,LVG2
276.355000000021,0.8291015625,-0.62353515625,0.26513671875,-0.227744182882187,-0.16708334912384698,0.256478262030874,LVG2
276.37500000002103,0.92138671875,-1.01904296875,0.357421875,1.29622623715189,-0.275634314796665,0.53424102713485,LVG2
276.395000000021,1.1142578125,-0.59423828125,0.642578125,3.52471370890562,-0.395891757159689,0.514020749215403,LVG2
276.415000000021,0.99462890625,0.35595703125,1.02587890625,3.7641643684780197,-0.06066083375833999,0.5033784976788521,LVG2
276.43500000002103,0.87109375,0.140625,1.1396484375,1.76235685445281,0.130899693899575,0.616186363966291,LVG2
276.455000000021,0.80078125,-0.462890625,0.923828125,0.6736545222636651,0.10855096567281801,0.7694347860926222,LVG2
276.47600000002103,0.70361328125,-0.32666015625,0.7177734375,1.62826448509227,0.076624211063166,0.779012812475518,LVG2
276.496000000021,0.712890625,-0.0283203125,0.8515625,1.70169602069447,-0.040440555838893,0.8822426523800608,LVG2
276.516000000021,0.533203125,-0.482421875,0.76953125,0.226679957728532,-0.010642251536551002,1.2791986346934099,LVG2
276.53600000002103,0.17724609375,-0.7724609375,0.443359375,0.31501064548190305,0.13622081966785002,1.224923151857,LVG2
276.556000000021,0.193359375,-0.2783203125,0.23291015625,1.8655866943573503,-0.09578026382895699,0.788590838858414,LVG2
276.57700000002103,0.833984375,0.57177734375,0.78076171875,2.0198993416373403,-0.548075954132366,0.7258015547927641,LVG2
276.597000000021,0.96484375,-0.17431640625,0.62255859375,-0.8269029443899959,-0.354386976167141,1.18767527147907,LVG2
276.617000000021,0.4306640625,0.1845703125,0.50341796875,0.031926754609652,0.21710193134563602,0.521470325290989,LVG2
276.63700000002103,0.29150390625,0.78564453125,0.69384765625,0.979087141362673,0.05959660860468499,-0.419304710540101,LVG2
276.66100000002103,0.63916015625,0.23828125,0.7314453125,-0.595966086046844,-0.36077232708907203,-0.455488365764374,LVG2
276.682000000021,0.80517578125,-0.1845703125,0.50830078125,-1.2515287806983701,-0.159633773048262,-0.47038751791554495,LVG2
276.70200000002103,0.69677734375,0.38525390625,0.41552734375,-0.9982431941284642,-0.00212845030731,-0.41079090931086,LVG2
276.722000000021,0.79052734375,0.55029296875,0.5576171875,-2.26147845151704,-0.21284503073101602,-0.548075954132366,LVG2
276.742000000021,0.99169921875,-0.31298828125,0.93115234375,-3.4885300536813504,-0.20326700434811998,-0.549140179286021,LVG2
276.76200000002103,0.90380859375,-0.76513671875,0.94189453125,-2.6584344338303905,0.28840501664052604,-0.6949390253367671,LVG2
276.782000000021,0.67041015625,-0.67822265625,0.7802734375,-1.52397042003407,0.779012812475518,-0.8130680173924799,LVG2
276.807000000021,0.70654296875,-0.40869140625,0.86279296875,-0.664076495880769,0.8088111167778599,-0.853508573231373,LVG2
276.82700000002103,0.72705078125,-0.4560546875,0.84912109375,-0.457616816071684,0.800297315548619,-0.685360998953871,LVG2
276.84700000002005,0.587890625,-0.45947265625,0.7041015625,-0.170276024584813,0.8237102689290309,-0.535305252288505,LVG2
276.86700000002,0.5068359375,-0.5068359375,0.71728515625,0.142606170589781,0.644920443114978,-0.403341333235275,LVG2
276.88800000002004,0.52001953125,-0.34521484375,0.80322265625,0.4714517430692,0.389506406237759,-0.222423057113912,LVG2
276.90800000002,0.4814453125,-0.33056640625,0.85205078125,0.445910339381478,0.250092911108944,-0.017027602458481002,LVG2
276.92800000002,0.41357421875,-0.31005859375,0.85791015625,0.43313963753761703,0.179854050967708,-0.040440555838893,LVG2
276.94800000002004,0.4443359375,-0.1845703125,0.8984375,0.562975106283537,0.079816886524131,-0.178789825814053,LVG2
276.96700000002005,0.5283203125,-0.18603515625,1.0556640625,0.285212341179561,-0.037247880377928,-0.074495760755856,LVG2
276.98800000002,0.55419921875,-0.2314453125,0.87060546875,0.040440555838893,-0.139413495128815,-0.078752661370476,LVG2
277.00800000002005,0.53173828125,-0.001953125,0.81640625,0.19156052765791398,-0.157505322740952,-0.230936858343152,LVG2
277.02800000002003,0.578125,0.03125,0.853515625,-0.014899152151171002,-0.19368897796522402,-0.411855134464516,LVG2
277.04800000002,0.6474609375,-0.0849609375,0.82763671875,-0.41717626023279103,-0.36290077739638205,-0.527855676212919,LVG2
277.06800000002005,0.77197265625,-0.388671875,0.65869140625,-0.466130617300925,-0.557653980515261,-0.4235616111547221,LVG2
277.08900000002,0.90283203125,-0.2919921875,0.734375,-0.34268049947693496,-0.5012500473715421,-0.234129533804117,LVG2
277.11300000002,0.8623046875,-0.0771484375,0.79345703125,-0.683232548646561,-0.223487282267567,-0.148991521511711,LVG2
277.13300000002005,0.85107421875,-0.017578125,0.6171875,-1.44202508320263,-0.137285044821505,-0.015963377304826,LVG2
277.15300000002003,0.9794921875,-0.3017578125,0.46875,-2.0358627189421696,-0.19794587857984502,0.37035035347196704,LVG2
277.17300000002,0.8818359375,-1.1455078125,0.4072265625,-1.79960473483074,-0.20965235527005102,0.842866321694823,LVG2
277.19400000002,0.9326171875,-0.93115234375,0.50732421875,0.5661677817445021,-0.33735937370866,0.7619852100170369,LVG2
277.21400000002,0.91064453125,-0.36474609375,0.6376953125,1.6708334912384701,-0.247964460801633,0.8088111167778599,LVG2
277.23400000002005,0.74267578125,-0.3427734375,0.681640625,0.6970674756440771,-0.042569006146202994,1.0354910745063899,LVG2
277.25400000002,0.6083984375,-0.6220703125,0.49560546875,0.409726684157205,-0.056403933143719005,1.0993445837256999,LVG2
277.27300000002003,0.74853515625,-0.50537109375,0.4306640625,1.6740261666994398,-0.264992063260115,0.923747433372609,LVG2
277.29400000002005,0.80615234375,-0.390625,0.59423828125,1.92305485265473,-0.23200108349680698,1.01101389597233,LVG2
277.31400000002003,0.58984375,-0.41455078125,0.43798828125,1.39413495128815,-0.057468158297374,1.01739924689426,LVG2
277.33400000002,0.4853515625,-0.10546875,0.4111328125,2.13270720792478,-0.143670395743436,0.726865779946419,LVG2
277.35400000002005,0.52685546875,0.68603515625,0.59521484375,2.67652626144252,-0.21816615649929103,0.244771785340668,LVG2
277.37400000002003,0.68505859375,0.96337890625,0.796875,1.38242847459795,-0.35332275101348604,-0.10961519082647302,LVG2
277.39400000002,0.7294921875,1.08203125,0.7099609375,-0.19049630250425897,-0.348001625245211,-0.726865779946419,LVG2
277.41400000002005,0.70849609375,0.611328125,0.5634765625,-1.74852192745529,-0.302239943638043,-1.15042739110114,LVG2
277.43400000002003,0.86474609375,-0.02099609375,0.65185546875,-2.32320351042904,-0.36609345285734707,-1.30048313776651,LVG2
277.45400000002,0.8056640625,-0.30859375,0.71630859375,-1.49949324150001,-0.235193758957772,-1.39839185190277,LVG2
277.47400000002006,0.7197265625,-0.33447265625,0.88525390625,-0.573617357820088,-0.31501064548190305,-1.48991521511711,LVG2
277.49500000002,0.791015625,-0.4951171875,1.04150390625,-0.435268087844927,-0.367157678011002,-1.3196391905323,LVG2
277.51500000002005,0.8115234375,-0.68505859375,1.16162109375,-0.504442722832507,-0.06811040983392501,-0.9780229162090179,LVG2
277.53500000002003,0.7666015625,-0.87841796875,1.009765625,-0.637470867039392,0.320331771250179,-0.649177343729598,LVG2
277.55500000002,0.68603515625,-0.87451171875,0.78369140625,-0.34268049947693496,0.53211257682754,-0.28308389087225105,LVG2
277.57500000002005,0.6416015625,-0.4873046875,0.69580078125,0.226679957728532,0.5831953842029829,-0.056403933143719005,LVG2
277.59500000002004,0.5947265625,-0.0966796875,0.69677734375,0.20433122950177499,0.568296232051812,0.06917463498758,LVG2
277.61500000002,0.59521484375,0.04248046875,0.638671875,-0.21816615649929103,0.42675428661568704,0.04895435706813401,LVG2
277.63500000002,0.66455078125,-0.04638671875,0.6875,-0.53211257682754,0.222423057113912,-0.034055204916963,LVG2
277.65500000002004,0.71826171875,-0.1240234375,0.73486328125,-0.6555626946515289,0.16601912397019197,-0.07023886014123501,LVG2
277.67500000002,0.69677734375,-0.14697265625,0.765625,-0.54062637805678,0.220294606806601,-0.06811040983392501,LVG2
277.69600000002004,0.6982421875,-0.14794921875,0.8720703125,-0.481029769452096,0.239450659572393,-0.074495760755856,LVG2
277.71600000002,0.68359375,-0.111328125,0.94189453125,-0.704517051719662,0.28840501664052604,-0.07130308529489,LVG2
277.73600000002,0.6923828125,-0.15478515625,0.93701171875,-0.9673806646724671,0.31288219517459304,-0.012770701843860999,LVG2
277.75600000002004,0.75439453125,-0.30810546875,0.9912109375,-0.8598939241533041,0.286276566333216,0.07023886014123501,LVG2
277.78000000002004,0.73974609375,-0.38525390625,0.93212890625,-0.5001858222178871,0.321395996403834,0.155376872433642,LVG2
277.80100000002005,0.6806640625,-0.31787109375,0.83935546875,-0.26392783810646,0.393763306852379,0.161762223355572,LVG2
277.82100000002004,0.72119140625,-0.27587890625,0.87353515625,-0.18730362704329398,0.40227710808162,0.188367852196949,LVG2
277.84100000002,0.7294921875,-0.2255859375,0.9228515625,-0.080881111677786,0.345873174937901,0.292661917255147,LVG2
277.86100000002,0.6689453125,-0.04052734375,0.66357421875,-0.28308389087225105,0.264992063260115,0.36609345285734707,LVG2
277.88100000002004,0.623046875,-0.390625,0.486328125,-0.606608337583395,0.10961519082647302,0.310753744867283,LVG2
277.90100000002,0.63671875,-0.09375,0.90673828125,0.48209399460575103,0.11387209144109299,0.18517517673598397,LVG2
277.92100000002,0.67822265625,0.09423828125,0.837890625,0.409726684157205,0.04895435706813401,0.06385350921930501,LVG2
277.94100000002004,0.75439453125,-0.35205078125,0.7470703125,-1.35795129606388,0.10961519082647302,0.260735162645494,LVG2
277.96100000002,0.8515625,-0.48291015625,0.671875,-1.20257442363024,0.300111493330732,0.242643335033358,LVG2
277.98100000002,0.70458984375,-0.28076171875,0.693359375,-0.6183148142736011,0.520406100137334,0.291597692101492,LVG2
278.00100000002004,0.57958984375,-0.4326171875,0.63720703125,-1.09083078249646,0.54062637805678,0.295854592716112,LVG2
278.02200000002,0.6640625,-1.21435546875,0.42919921875,-0.7215446541781441,0.38312105531582796,0.307561069406318,LVG2
278.04200000002004,0.60400390625,-0.82861328125,0.67724609375,1.67189771639213,0.31820332094286896,0.354386976167141,LVG2
278.06600000002004,0.3828125,-0.380859375,0.76416015625,1.8762289458938999,0.220294606806601,0.478901319144786,LVG2
278.08600000002,0.27197265625,-0.873046875,0.60400390625,1.7559715035308798,-0.027669853995032002,0.6555626946515289,LVG2
278.10700000002004,0.3759765625,-0.92138671875,0.591796875,3.17139095789214,-0.2969188178697669,0.6779114228782851,LVG2
278.12700000002,0.50537109375,0.0,0.78466796875,3.8258894273900097,-0.35013007555252096,0.74602183271221,LVG2
278.14700000002,0.638671875,0.1181640625,0.9228515625,1.65487011393365,-0.2969188178697669,1.11317951072321,LVG2
278.17100000002,0.4228515625,-0.5263671875,0.6123046875,0.390570631391414,-0.148991521511711,1.36540087213947,LVG2
278.19100000002004,0.32958984375,-0.38427734375,0.54736328125,2.0943951023932,-0.252221361416254,0.975894465901708,LVG2
278.21200000002005,0.38525390625,-0.10888671875,0.78271484375,3.02346366153408,-0.34055204916962495,0.801361540702275,LVG2
278.23200000002004,0.5234375,-0.02099609375,0.93994140625,2.2455150742122205,-0.34480894978424603,1.1206290867988,LVG2
278.25200000002,0.5068359375,-0.1708984375,0.662109375,0.959931088596881,-0.074495760755856,1.13552823894997,LVG2
278.27200000002,0.365234375,-0.404296875,0.13623046875,1.00356431989674,-0.09578026382895699,1.1419135898719,LVG2
278.29600000002,0.30615234375,-0.13671875,0.36962890625,0.582131159049328,-0.8311598450046171,1.7580999538381898,LVG2
278.31700000002,0.5458984375,0.080078125,0.74560546875,-0.8311598450046171,-0.9067198309141271,1.66976926608482,LVG2
278.33700000002005,0.91748046875,1.197265625,0.794921875,1.4601169108147702,-0.12557856813129903,-0.47251596822285497,LVG2
278.35700000002004,1.0859375,1.8076171875,1.1552734375,-2.40621307241413,0.08300956198509599,-0.7619852100170369,LVG2
278.37700000002,1.0947265625,-1.38232421875,0.345703125,-2.6382141559109398,-0.5076353982934729,0.120257442363024,LVG2
278.40100000002,0.9609375,-0.42138671875,0.94189453125,1.26004258192761,-0.195817428272535,0.285212341179561,LVG2
278.42200000002003,0.41357421875,0.2255859375,1.0517578125,0.687489449261181,0.21390925588467102,0.399084432620655,LVG2
278.44200000002,0.36474609375,0.0869140625,0.94677734375,-0.5619108811298821,0.07130308529489,0.275634314796665,LVG2
278.46200000002005,0.50732421875,-0.1064453125,0.78662109375,-1.05358290211853,-0.042569006146202994,0.077688436216821,LVG2
278.48200000002004,0.6923828125,-0.15576171875,0.7373046875,-0.9588668634432259,-0.07130308529489,-0.011706476690206002,LVG2
278.50100000002004,0.73046875,0.1474609375,0.83203125,-0.801361540702275,0.078752661370476,-0.097908714136267,LVG2
278.52200000002,0.63623046875,0.296875,0.8173828125,-1.4409608580489799,0.19688165342619002,-0.13409236936053998,LVG2
278.54200000002004,0.58447265625,0.04833984375,0.75341796875,-2.19017536622215,0.256478262030874,-0.28201966571859605,LVG2
278.56200000002,0.6435546875,-0.3583984375,0.79541015625,-1.94540358088148,0.31288219517459304,-0.610865238198015,LVG2
278.58200000002,0.76708984375,-0.34423828125,0.8564453125,-0.9524815125212959,0.42781851176934205,-0.898206029684887,LVG2
278.60200000002004,0.6484375,-0.3642578125,0.74609375,-0.7939119646266891,0.628957065810152,-0.731122680561039,LVG2
278.62200000002,0.62060546875,-0.3994140625,0.7763671875,-0.93864658552378,0.687489449261181,-0.531048351673884,LVG2
278.64300000002004,0.59814453125,-0.58154296875,0.7451171875,-1.00782122051136,0.7343153560220049,-0.415047809925481,LVG2
278.66700000002004,0.43896484375,-0.42529296875,0.69775390625,-0.5459475038250561,0.781141262782828,-0.5097638486007829,LVG2
278.68700000002,0.46484375,-0.2529296875,0.76318359375,-0.27137741418204503,0.581066933895673,-0.580002708742018,LVG2
278.70700000002,0.53466796875,-0.27490234375,0.841796875,-0.421433160847411,0.37567147924024297,-0.431011187230307,LVG2
278.72800000002,0.470703125,-0.3994140625,0.74951171875,-0.6247001651955311,0.223487282267567,-0.254349811723564,LVG2
278.74800000002,0.4775390625,-0.6083984375,0.64794921875,-0.37035035347196704,0.06917463498758,-0.22455150742122199,LVG2
278.76800000002004,0.564453125,-0.43017578125,0.88232421875,0.40014865777430997,0.023412953380412004,-0.267120513567425,LVG2
278.788000000019,0.572265625,-0.43798828125,0.892578125,0.32565289701845396,0.00425690061462,-0.09258758836799198,LVG2
278.812000000019,0.57080078125,-0.39990234375,0.75390625,0.5097638486007829,-0.10216561475088799,-0.045761681607168,LVG2
278.83300000002004,0.60107421875,-0.400390625,0.79638671875,0.26924896387473496,-0.148991521511711,0.025541403687721998,LVG2
278.85300000002,0.6259765625,-0.41552734375,0.73388671875,-0.220294606806601,-0.195817428272535,0.18304672642867398,LVG2
278.873000000019,0.6689453125,-0.431640625,0.63134765625,-0.37886415470120793,-0.139413495128815,0.194753203118879,LVG2
278.893000000019,0.7021484375,-0.44091796875,0.697265625,-0.252221361416254,0.020220277919447,0.12983546874592,LVG2
278.913000000019,0.6943359375,-0.35888671875,0.85400390625,-0.120257442363024,0.21071658042370603,-0.04150478099254799,LVG2
278.934000000019,0.6025390625,-0.17919921875,0.71826171875,0.014899152151171002,0.391634856545069,-0.171340249738468,LVG2
278.954000000019,0.58447265625,-0.22021484375,0.59619140625,-0.14686307120440098,0.504442722832507,-0.28201966571859605,LVG2
278.978000000019,0.4921875,-0.0927734375,1.02880859375,-0.28734079148687103,0.6119294633516701,-0.389506406237759,LVG2
278.998000000019,0.49853515625,0.099609375,1.14697265625,-0.959931088596881,0.479965544298441,-0.384185280469484,LVG2
279.018000000019,0.490234375,-0.185546875,0.74560546875,-1.8794216213548702,0.242643335033358,-0.33735937370866,LVG2
279.039000000019,0.455078125,-0.3046875,0.7802734375,-2.4711308067870896,0.097908714136267,-0.285212341179561,LVG2
279.059000000019,0.4833984375,-0.29052734375,0.73095703125,-3.5875029929712703,-0.158569547894607,-0.09578026382895699,LVG2
279.083000000019,0.60302734375,-0.93896484375,0.41162109375,-3.52364948375197,-0.4991215970642321,0.10855096567281801,LVG2
279.103000000019,0.61474609375,-0.85888671875,0.580078125,-1.47608028811959,-0.42994696207665206,0.00212845030731,LVG2
279.124000000019,0.578125,-0.638671875,0.45751953125,-1.12701443772073,-0.466130617300925,0.09045913806068198,LVG2
279.144000000019,0.65869140625,-1.36279296875,0.2236328125,-1.13872091441093,-0.557653980515261,0.42781851176934205,LVG2
279.164000000019,0.64208984375,-0.81591796875,0.4453125,1.1142437358768702,-0.488479345527681,0.338423598862315,LVG2
279.184000000019,0.59912109375,-0.41357421875,0.6025390625,1.1600054174840402,-0.43633231299858205,0.31288219517459304,LVG2
279.208000000019,0.55517578125,-0.1650390625,0.7412109375,0.18623940188963897,-0.382056830162173,0.348001625245211,LVG2
279.22900000001897,0.60107421875,0.048828125,0.896484375,-0.08939491290702699,-0.139413495128815,-0.025541403687721998,LVG2
279.249000000019,0.54833984375,0.03857421875,0.92236328125,-0.9439677112920551,0.20539545465543,-0.33310247309403995,LVG2
279.269000000019,0.60986328125,-0.47216796875,0.845703125,-1.63784251147517,0.28734079148687103,-0.42994696207665206,LVG2
279.289000000019,0.7099609375,-0.77099609375,0.84130859375,-1.02059192235522,0.27457008964301,-0.54062637805678,LVG2
279.309000000019,0.69921875,-0.75390625,0.8681640625,-0.6555626946515289,0.40866245900354997,-0.455488365764374,LVG2
279.329000000019,0.6376953125,-0.67724609375,0.71826171875,-0.680039873185596,0.630021290963807,-0.34055204916962495,LVG2
279.350000000019,0.64208984375,-0.701171875,0.6728515625,-0.881178427226405,0.731122680561039,-0.267120513567425,LVG2
279.370000000019,0.57958984375,-0.8828125,0.5029296875,-1.0312341738917699,0.7481502830195209,-0.08513801229240599,LVG2
279.394000000019,0.44970703125,-0.84521484375,0.396484375,-0.660883820419804,0.614057913658981,-0.024477178534067005,LVG2
279.414000000019,0.4228515625,-0.86474609375,0.53125,-0.7545356339414508,0.43633231299858205,-0.011706476690206002,LVG2
279.435000000019,0.44140625,-0.77490234375,0.630859375,-0.67897564803194,0.21497348103832603,-0.053211257682754004,LVG2
279.45500000001897,0.53271484375,-0.71142578125,0.544921875,-0.649177343729598,0.10748674051916302,-0.075559985909511,LVG2
279.475000000019,0.6181640625,-0.70458984375,0.47998046875,-0.550204404439676,0.10748674051916302,-0.032990979763308,LVG2
279.495000000019,0.6826171875,-0.78369140625,0.4326171875,-0.575745808127398,0.141541945436126,0.079816886524131,LVG2
279.519000000019,0.63916015625,-0.70751953125,0.55126953125,-0.5523328547469859,0.173468700045778,0.13409236936053998,LVG2
279.540000000019,0.5947265625,-0.64990234375,0.59423828125,-0.36183655224272704,0.16708334912384698,0.16282644850922698,LVG2
279.560000000019,0.56396484375,-0.62353515625,0.62060546875,-0.27244163933570004,0.076624211063166,0.19368897796522402,LVG2
279.58000000001897,0.56689453125,-0.7861328125,0.56982421875,-0.6555626946515289,0.025541403687721998,0.21816615649929103,LVG2
279.600000000019,0.55712890625,-0.97802734375,0.54150390625,-0.649177343729598,0.027669853995032002,0.20645967980908497,LVG2
279.619000000019,0.50732421875,-0.55859375,0.4638671875,-0.032990979763308,-0.097908714136267,0.034055204916963,LVG2
279.640000000019,0.62548828125,-0.61083984375,0.55615234375,-0.37460725408658796,-0.08194533683144099,-0.135156594514195,LVG2
279.660000000019,0.65380859375,-0.91650390625,0.71630859375,-0.6534342443442189,0.117064766902059,0.19049630250425897,LVG2
279.680000000019,0.5625,-0.80615234375,0.63623046875,-0.43846076330589295,0.351194300706176,0.20007432888715498,LVG2
279.700000000019,0.54248046875,-0.66845703125,0.458984375,0.076624211063166,0.391634856545069,0.116000541748404,LVG2
279.720000000019,0.6279296875,-0.7529296875,0.32470703125,0.324588671864799,0.29372614240880196,0.16708334912384698,LVG2
279.74100000001897,0.63916015625,-1.0634765625,0.408203125,0.709838177487938,0.052147032529099004,0.371414578625623,LVG2
279.761000000019,0.591796875,-0.82958984375,0.6484375,1.79960473483074,-0.023412953380412004,0.411855134464516,LVG2
279.781000000019,0.435546875,-0.83544921875,0.47607421875,2.06672524839816,0.08939491290702699,0.444846114227823,LVG2
279.805000000019,0.39794921875,-1.24560546875,0.0986328125,2.55307614361853,-0.020220277919447,0.45868104122533904,LVG2
279.825000000019,0.38525390625,-1.17529296875,0.1748046875,4.53785605518526,-0.376735704393898,0.5651035565908471,LVG2
279.846000000019,0.46875,-0.24267578125,0.6484375,5.297712814894981,-0.7651778854780021,0.7502787333268308,LVG2
279.86600000001897,0.36767578125,-0.53125,0.42236328125,3.4225480941547297,-0.913105181836058,1.1174364113378301,LVG2
279.886000000019,0.3779296875,-0.74853515625,0.28955078125,3.22566644072854,-1.11317951072321,1.21853780093507,LVG2
279.906000000019,0.4365234375,-0.94677734375,0.0634765625,3.2692996720283998,-1.43457550712705,1.4931078905780801,LVG2
279.926000000019,0.51708984375,-1.02783203125,-0.03173828125,2.7350586448935497,-1.87410049558659,1.9581742827253499,LVG2
279.946000000019,0.5947265625,0.35791015625,0.82421875,3.84185280469484,-1.6591270145482702,1.67189771639213,LVG2
279.966000000019,0.326171875,1.37939453125,1.51416015625,3.24269404318703,-0.636406641885737,0.8492516726167529,LVG2
279.986000000019,-0.02490234375,0.90478515625,1.10107421875,1.52503464518773,-0.06385350921930501,0.09578026382895699,LVG2
280.006000000019,0.1044921875,0.39306640625,0.6953125,1.61975068386303,-0.379928379854863,-0.41611203507913597,LVG2
280.026000000019,0.318359375,-0.2353515625,0.40380859375,1.55589717464373,-1.00356431989674,-0.319267546096524,LVG2
280.047000000019,0.283203125,-0.20556640625,0.541015625,1.84110951582329,-1.52397042003407,0.012770701843860999,LVG2
280.067000000019,0.29931640625,-0.31640625,0.634765625,2.0539545465543,-1.98371568641307,0.086202237446062,LVG2
280.087000000019,0.529296875,-0.3291015625,0.82421875,2.0709821490127798,-2.1582486116125,-0.06278928406565,LVG2
280.107000000019,0.79296875,0.1123046875,1.01806640625,1.9688165342619,-2.05501877170796,-0.137285044821505,LVG2
280.127000000019,0.7587890625,0.5546875,1.02490234375,0.8779857517654399,-1.71127404707737,-0.354386976167141,LVG2
280.147000000019,0.70947265625,-0.05908203125,0.49853515625,-1.13659246410362,-1.45479578504649,-0.635342416732082,LVG2
280.167000000019,1.08251953125,-0.31884765625,0.671875,-0.5661677817445021,-1.4260617058978102,-0.46825906760823494,LVG2
280.187000000019,1.4072265625,0.0888671875,1.3837890625,0.684296773800216,-1.10466570949397,-0.27989121541128603,LVG2
280.207000000019,1.4267578125,0.20263671875,1.3671875,-0.8854353278410259,-0.49805737191057703,-0.28308389087225105,LVG2
280.227000000019,1.501953125,0.08251953125,1.0732421875,-2.67759048659618,0.133028144206885,-0.175597150353088,LVG2
280.247000000019,1.498046875,0.06640625,0.73876953125,-3.58005341689569,0.622571714888221,-0.04682590676082401,LVG2
280.267000000019,1.3271484375,0.05419921875,0.40771484375,-4.51337887665119,0.860958149306959,0.28840501664052604,LVG2
280.287000000019,1.1357421875,-0.4248046875,-0.03564453125,-5.76916455796418,0.842866321694823,0.9258758836799191,LVG2
280.307000000019,1.0966796875,-0.5302734375,-0.0322265625,-5.45202546217497,0.7981688652413091,1.2015101984765801,LVG2
280.327000000019,1.046875,-0.23291015625,0.15478515625,-4.69216870246524,1.03655529966005,1.00888544566502,LVG2
280.347000000019,0.873046875,-0.19189453125,0.17578125,-4.69748982823352,1.2696206083105102,0.896077579377577,LVG2
280.368000000019,0.79345703125,-0.25146484375,0.2265625,-4.42717663920513,1.3590155212175399,0.647048893422288,LVG2
280.388000000019,0.81103515625,-0.3388671875,0.2060546875,-4.25690061462032,1.36752932244678,0.424625836308377,LVG2
280.412000000019,0.7373046875,-0.44384765625,0.15087890625,-4.09726684157205,1.5016216918073202,0.10003716444357699,LVG2
280.432000000019,0.63525390625,-0.56640625,0.1748046875,-3.76629281878533,1.4665022617366998,-0.20965235527005102,LVG2
280.452000000019,0.68115234375,-0.70654296875,0.26953125,-3.00962873453656,1.35369439544926,-0.508699623447128,LVG2
280.473000000019,0.72216796875,-0.71240234375,0.32421875,-2.26786380243897,1.52929154580235,-0.8162606928534458,LVG2
280.493000000019,0.63720703125,-0.68603515625,0.30126953125,-1.82088923790384,1.67828306731406,-1.10679415980128,LVG2
280.512000000019,0.64111328125,-0.7099609375,0.2177734375,-1.56228252556566,1.69743912007985,-1.35475862060292,LVG2
280.537000000019,0.701171875,-0.681640625,0.263671875,-1.3888138255198799,1.76235685445281,-1.49630056603904,LVG2
280.558000000019,0.677734375,-0.6806640625,0.26220703125,-1.3558228457565702,1.89751344896701,-1.5771816777168302,LVG2
280.578000000019,0.654296875,-0.71630859375,0.23193359375,-1.5037501421146298,1.9007061244279702,-1.6442278623971,LVG2
280.598000000019,0.6826171875,-0.7705078125,0.205078125,-1.6878610936969598,1.75384305322357,-1.6559343390873,LVG2
280.618000000019,0.66015625,-0.75927734375,0.14599609375,-1.6804115176213703,1.6601912397019198,-1.66125546485558,LVG2
280.638000000019,0.5908203125,-0.765625,0.03955078125,-1.6452920875507502,1.5888881544070301,-1.66444814031654,LVG2
280.658000000019,0.56591796875,-0.8125,0.03466796875,-1.48991521511711,1.3632724218321601,-1.70488869615544,LVG2
280.678000000019,0.61279296875,-0.87109375,0.12841796875,-1.08125275611356,0.9876009425919129,-1.7357512256114298,LVG2
280.698000000018,0.5771484375,-0.82373046875,0.1826171875,-0.608736787890705,0.7162235284098679,-1.73787967591874,LVG2
280.718000000018,0.53466796875,-0.8173828125,0.1669921875,-0.303304168791697,0.48635089522037106,-1.77619178145033,LVG2
280.738000000018,0.6416015625,-0.81689453125,0.18115234375,-0.169211799431158,0.21816615649929103,-1.78683403298688,LVG2
280.758000000018,0.64208984375,-0.736328125,0.24072265625,-0.256478262030874,0.143670395743436,-1.70595292130909,LVG2
280.778000000018,0.5966796875,-0.64501953125,0.287109375,-0.689617899568491,0.076624211063166,-1.5431264727998601,LVG2
280.803000000018,0.5966796875,-0.82958984375,0.1923828125,-1.21428090032045,-0.09365181352164699,-1.36859354760043,LVG2
280.823000000018,0.6484375,-0.765625,0.22216796875,-0.8694719505362,-0.170276024584813,-1.4313828316660802,LVG2
280.843000000018,0.65576171875,-0.6669921875,0.24560546875,-0.409726684157205,-0.26286361295280397,-1.51119971819021,LVG2
280.864000000018,0.6259765625,-0.5625,0.2705078125,-0.148991521511711,-0.346937400091556,-1.59314505502165,LVG2
280.884000000018,0.6337890625,-0.44873046875,0.287109375,-0.310753744867283,-0.444846114227823,-1.6655123654702,LVG2
280.904000000018,0.7705078125,-0.416015625,0.28955078125,-0.481029769452096,-0.5001858222178871,-1.69424644461889,LVG2
280.924000000018,0.83740234375,-0.4248046875,0.2626953125,-0.7162235284098679,-0.539562152903125,-1.71340249738468,LVG2
280.948000000018,0.89892578125,-0.458984375,0.283203125,-0.9961147438211541,-0.6970674756440771,-1.6665765906238503,LVG2
280.969000000018,1.04541015625,-0.4677734375,0.27587890625,-0.9950505186674989,-0.764113660324347,-1.6708334912384701,LVG2
280.989000000018,1.11767578125,-0.439453125,0.24365234375,-0.9546099628286059,-0.704517051719662,-1.6559343390873,LVG2
281.009000000018,1.09130859375,-0.412109375,0.23046875,-0.93864658552378,-0.5874522848176039,-1.5771816777168302,LVG2
281.029000000018,1.1025390625,-0.35791015625,0.23681640625,-0.920554757911643,-0.511892298908093,-1.43883240774167,LVG2
281.049000000018,1.18701171875,-0.30126953125,0.22119140625,-0.966316439518812,-0.4427176639205129,-1.2696206083105102,LVG2
281.069000000018,1.17333984375,-0.34326171875,0.18017578125,-1.10572993464763,-0.290533466947837,-1.06209670334777,LVG2
281.089000000018,1.0625,-0.3857421875,0.19091796875,-1.15468429171576,-0.153248422126331,-0.854572798385028,LVG2
281.114000000018,1.03125,-0.38134765625,0.2021484375,-1.0046285450504,-0.126642793284954,-0.6885536744148361,LVG2
281.134000000018,1.11181640625,-0.3525390625,0.1650390625,-0.8151964676997909,-0.14473462089709102,-0.53211257682754,LVG2
281.154000000018,1.0966796875,-0.30078125,0.13720703125,-0.6991959259513871,-0.042569006146202994,-0.37460725408658796,LVG2
281.174000000018,1.03173828125,-0.24169921875,0.14453125,-0.715159303256213,0.054275482836409004,-0.246900235647978,LVG2
281.195000000018,1.00439453125,-0.17919921875,0.11083984375,-0.916297857297023,0.097908714136267,-0.161762223355572,LVG2
281.215000000018,1.00927734375,-0.24951171875,0.10546875,-1.1397851395645902,0.077688436216821,-0.142606170589781,LVG2
281.23500000001803,1.0419921875,-0.375,0.119140625,-0.9950505186674989,0.00212845030731,-0.179854050967708,LVG2
281.255000000018,1.0859375,-0.3759765625,0.12158203125,-0.41079090931086,-0.050018582221788996,-0.239450659572393,LVG2
281.275000000018,1.10595703125,-0.22412109375,0.13037109375,0.08726646259971699,-0.025541403687721998,-0.247964460801633,LVG2
281.295000000018,1.06396484375,-0.1416015625,0.13427734375,0.14047772028247002,0.04150478099254799,-0.147927296358056,Null
281.315000000018,1.03955078125,-0.10986328125,0.15966796875,-0.034055204916963,0.074495760755856,0.00638535092193,Null
281.335000000018,1.025390625,-0.0732421875,0.15625,-0.313946420328248,0.101101389597233,0.16708334912384698,Null
281.355000000018,1.0166015625,-0.1181640625,0.10546875,-0.6076725627370501,0.123450117823989,0.2969188178697669,Null
281.376000000018,1.02685546875,-0.19677734375,0.10107421875,-0.578938483588363,0.11280786628743801,0.37460725408658796,Null
281.396000000018,1.02001953125,-0.22119140625,0.10205078125,-0.253285586569909,0.11280786628743801,0.389506406237759,Null
281.416000000018,1.033203125,-0.189453125,0.09033203125,0.156441097587297,0.08194533683144099,0.346937400091556,Null
281.436000000018,1.0498046875,-0.1318359375,0.10791015625,0.4427176639205129,0.04789013191447901,0.27669853995032107,Null
281.456000000018,1.01708984375,-0.12109375,0.11376953125,0.5001858222178871,0.035119430070618,0.242643335033358,Null
281.476000000018,0.990234375,-0.12890625,0.1064453125,0.45868104122533904,0.034055204916963,0.23200108349680698,Null
281.496000000018,0.9765625,-0.09619140625,0.1103515625,0.39695598231334395,0.04895435706813401,0.237322209265083,Null
281.516000000018,0.97216796875,-0.10205078125,0.12451171875,0.28201966571859605,0.06704618468026999,0.235193758957772,Null
281.536000000018,0.9931640625,-0.150390625,0.13623046875,0.242643335033358,0.065981959526615,0.21284503073101602,Null
281.556000000018,1.01611328125,-0.16015625,0.14453125,0.258606712338184,0.084073787138751,0.16708334912384698,Null
281.576000000018,1.03125,-0.171875,0.1484375,0.238386434418738,0.10429406505819801,0.139413495128815,Null
281.597000000018,1.05029296875,-0.17431640625,0.15087890625,0.20858813011639601,0.11280786628743801,0.145798846050746,Null
281.616000000018,1.083984375,-0.162109375,0.14697265625,0.11174364113378302,0.122385892670334,0.160697998201917,Null
281.641000000018,1.06982421875,-0.18310546875,0.15087890625,-0.054275482836409004,0.154312647279986,0.227744182882187,Null
281.661000000018,1.02880859375,-0.20263671875,0.1533203125,-0.10003716444357699,0.145798846050746,0.28095544056494104,Null
281.682000000018,1.00537109375,-0.2177734375,0.140625,-0.084073787138751,0.122385892670334,0.320331771250179,Null
281.702000000018,0.982421875,-0.23388671875,0.134765625,0.018091827612136003,0.10322983990454301,0.33523092340134997,Null
281.722000000018,0.9599609375,-0.2333984375,0.140625,0.119193217209369,0.08513801229240599,0.328845572479419,Null
281.742000000018,0.9521484375,-0.23828125,0.14453125,0.19049630250425897,0.075559985909511,0.305432619099008,Null
281.766000000018,0.958984375,-0.22607421875,0.14599609375,0.223487282267567,0.065981959526615,0.26818473872107995,Null
281.787000000018,0.9599609375,-0.22216796875,0.138671875,0.16708334912384698,0.065981959526615,0.230936858343152,Null
281.807000000018,0.9619140625,-0.2353515625,0.1240234375,0.058532383451029006,0.065981959526615,0.20220277919446497,Null
281.827000000018,0.98388671875,-0.232421875,0.125,0.023412953380412004,0.06491773437296,0.157505322740952,Null
281.847000000018,0.99609375,-0.2236328125,0.14453125,0.029798304302342003,0.077688436216821,0.09897293928992199,Null
281.867000000018,0.98291015625,-0.19384765625,0.14453125,-0.001064225153655,0.08513801229240599,0.027669853995032002,Null
281.888000000018,0.97314453125,-0.208984375,0.12548828125,-0.061725058911995,0.057468158297374,-0.034055204916963,Null
281.908000000018,0.99365234375,-0.24658203125,0.12744140625,-0.023412953380412004,0.022348728226757004,-0.06491773437296,Null
281.928000000018,1.00048828125,-0.27587890625,0.14599609375,0.09258758836799198,0.010642251536551002,-0.06491773437296,Null
281.948000000018,0.98974609375,-0.2744140625,0.16259765625,0.21390925588467102,0.013834926997516001,-0.058532383451029006,Null
281.972000000018,0.97607421875,-0.2578125,0.1689453125,0.307561069406318,-0.00425690061462,-0.035119430070618,Null
281.993000000018,0.970703125,-0.24462890625,0.1796875,0.310753744867283,-0.037247880377928,-0.026605628841377002,Null
282.013000000018,0.97314453125,-0.2353515625,0.193359375,0.285212341179561,-0.050018582221788996,-0.037247880377928,Null
282.033000000018,0.966796875,-0.22900390625,0.197265625,0.226679957728532,-0.034055204916963,-0.055339707990064005,Null
282.053000000018,0.95751953125,-0.2314453125,0.19091796875,0.168147574277502,-0.015963377304826,-0.077688436216821,Null
282.077000000018,0.96435546875,-0.22509765625,0.1845703125,0.11067941598012801,0.005321125768275,-0.08833068775337198,Null
282.09800000001803,0.9736328125,-0.22412109375,0.1826171875,0.038312105531583,0.023412953380412004,-0.076624211063166,Null
282.118000000018,0.97021484375,-0.21728515625,0.181640625,-0.050018582221788996,0.040440555838893,-0.058532383451029006,Null
282.138000000018,0.97021484375,-0.2255859375,0.17919921875,-0.13409236936053998,0.040440555838893,-0.044697456453513,Null
282.158000000018,0.96875,-0.240234375,0.16845703125,-0.171340249738468,0.035119430070618,-0.031926754609652,Null
282.178000000018,0.96435546875,-0.25048828125,0.15869140625,-0.141541945436126,0.025541403687721998,-0.023412953380412004,Null
282.198000000018,0.96240234375,-0.24853515625,0.154296875,-0.077688436216821,0.013834926997516001,-0.009578026382896,Null
282.218000000018,0.96044921875,-0.23193359375,0.15673828125,-0.025541403687721998,0.00425690061462,0.00212845030731,Null
282.238000000018,0.9619140625,-0.21337890625,0.1591796875,-0.029798304302342003,0.0,0.00425690061462,Null
282.258000000018,0.95751953125,-0.20703125,0.16064453125,-0.08939491290702699,0.00638535092193,-0.007449576075585999,Null
282.278000000018,0.9560546875,-0.216796875,0.15966796875,-0.157505322740952,0.00638535092193,-0.026605628841377002,Null
282.299000000018,0.95947265625,-0.2314453125,0.15234375,-0.19049630250425897,-0.003192675460965,-0.050018582221788996,Null
282.319000000018,0.97265625,-0.23583984375,0.14697265625,-0.169211799431158,-0.018091827612136003,-0.07343153560220099,Null
282.339000000018,0.984375,-0.23583984375,0.15234375,-0.123450117823989,-0.030862529455997004,-0.09471603867530198,Null
282.363000000017,0.9892578125,-0.23486328125,0.1572265625,-0.10429406505819801,-0.044697456453513,-0.10961519082647302,Null
282.383000000018,0.99365234375,-0.23876953125,0.1552734375,-0.116000541748404,-0.061725058911995,-0.11280786628743801,Null
282.404000000017,1.0,-0.24755859375,0.15576171875,-0.11280786628743801,-0.08300956198509599,-0.10642251536550801,Null
282.42400000001703,0.99072265625,-0.2490234375,0.162109375,-0.077688436216821,-0.09045913806068198,-0.09578026382895699,Null
282.444000000017,0.97705078125,-0.2431640625,0.1630859375,-0.04682590676082401,-0.08726646259971699,-0.08726646259971699,Null
282.468000000017,0.9697265625,-0.22705078125,0.17431640625,-0.04150478099254799,-0.07130308529489,-0.06704618468026999,Null
282.488000000017,0.966796875,-0.22412109375,0.17236328125,-0.09045913806068198,-0.057468158297374,-0.04895435706813401,Null
282.509000000017,0.97607421875,-0.22705078125,0.15966796875,-0.153248422126331,-0.04789013191447901,-0.04150478099254799,Null
282.529000000017,0.994140625,-0.23095703125,0.15478515625,-0.19049630250425897,-0.040440555838893,-0.042569006146202994,Null
282.54900000001703,1.00830078125,-0.23974609375,0.1552734375,-0.20220277919446497,-0.035119430070618,-0.053211257682754004,Null
282.569000000017,1.0078125,-0.24072265625,0.154296875,-0.18091827612136302,-0.038312105531583,-0.07130308529489,Null
282.589000000017,1.00341796875,-0.24609375,0.15380859375,-0.145798846050746,-0.055339707990064005,-0.09045913806068198,Null
282.60900000001703,0.9921875,-0.2587890625,0.1640625,-0.072367310448545,-0.08513801229240599,-0.10748674051916302,Null
282.629000000017,0.98681640625,-0.24853515625,0.18115234375,-0.00212845030731,-0.10216561475088799,-0.10855096567281801,Null
282.649000000017,0.9755859375,-0.2451171875,0.17919921875,0.001064225153655,-0.09152336321433699,-0.08833068775337198,Null
282.66900000001704,0.96923828125,-0.24658203125,0.177734375,-0.00425690061462,-0.06385350921930501,-0.057468158297374,Null
282.689000000017,0.96142578125,-0.24365234375,0.18212890625,-0.009578026382896,-0.038312105531583,-0.034055204916963,Null
282.709000000017,0.96533203125,-0.2421875,0.1806640625,-0.026605628841377002,-0.019156052765792,-0.018091827612136003,Null
282.730000000017,0.97412109375,-0.234375,0.166015625,-0.029798304302342003,-0.009578026382896,-0.009578026382896,Null
282.750000000017,0.98046875,-0.22509765625,0.1630859375,-0.05959660860468499,-0.001064225153655,0.0,Null
282.774000000017,0.97119140625,-0.19482421875,0.146484375,-0.13409236936053998,0.031926754609652,0.023412953380412004,Null
282.79400000001704,0.97216796875,-0.1728515625,0.12060546875,-0.252221361416254,0.054275482836409004,0.054275482836409004,Null
282.815000000017,0.998046875,-0.15625,0.11572265625,-0.39802020746699995,0.04789013191447901,0.06385350921930501,Null
282.83500000001703,1.01025390625,-0.11865234375,0.1181640625,-0.581066933895673,0.014899152151171002,0.058532383451029006,Null
282.855000000017,1.0263671875,-0.134765625,0.09716796875,-0.80242576585593,-0.051082807375443996,0.035119430070618,Null
282.875000000017,1.02294921875,-0.2626953125,0.08154296875,-0.759856759709726,-0.08833068775337198,-0.028734079148687,Null
282.89500000001703,1.0341796875,-0.37158203125,0.083984375,-0.455488365764374,-0.137285044821505,-0.086202237446062,Null
282.915000000017,1.00927734375,-0.3310546875,0.06689453125,0.09365181352164699,-0.16282644850922698,-0.19156052765791398,Null
282.935000000017,0.9609375,-0.21142578125,0.09326171875,0.644920443114978,-0.19688165342619002,-0.310753744867283,Null
282.95500000001704,0.94140625,-0.146484375,0.12451171875,0.8354167456192372,-0.258606712338184,-0.35013007555252096,Null
282.975000000017,0.93701171875,-0.13427734375,0.13232421875,0.7258015547927641,-0.28734079148687103,-0.356515426474451,Null
282.995000000017,0.96875,-0.2041015625,0.13525390625,0.5608466559762271,-0.26179938779914896,-0.393763306852379,Null
283.016000000017,0.98388671875,-0.22265625,0.1181640625,0.615122138812636,-0.220294606806601,-0.41717626023279103,Null
283.036000000017,0.95947265625,-0.15283203125,0.12060546875,0.687489449261181,-0.20645967980908497,-0.453359915457064,Null
283.05600000001704,1.0009765625,-0.14599609375,0.12890625,0.554461305054296,-0.26392783810646,-0.44803878968878796,Null
283.076000000017,1.04345703125,-0.18017578125,0.1533203125,0.46825906760823494,-0.26179938779914896,-0.41611203507913597,Null
283.096000000017,1.037109375,-0.25146484375,0.150390625,0.37886415470120793,-0.220294606806601,-0.328845572479419,Null
283.11600000001704,1.0146484375,-0.27392578125,0.1220703125,0.37035035347196704,-0.21816615649929103,-0.236257984111428,Null
283.136000000017,1.00537109375,-0.25537109375,0.1171875,0.42781851176934205,-0.26286361295280397,-0.192624752811569,Null
283.156000000017,1.0263671875,-0.2216796875,0.1240234375,0.44803878968878796,-0.31820332094286896,-0.13196391905323,Null
283.17600000001704,1.021484375,-0.1845703125,0.111328125,0.44803878968878796,-0.33523092340134997,-0.07023886014123501,Null
283.196000000017,1.0029296875,-0.1640625,0.08984375,0.42036893569375605,-0.319267546096524,-0.017027602458481002,Null
283.216000000017,0.99072265625,-0.1640625,0.0908203125,0.352258525859831,-0.28308389087225105,-0.007449576075585999,Null
283.237000000017,1.0185546875,-0.16455078125,0.0888671875,0.25541403687721903,-0.25541403687721903,-0.010642251536551002,Null
283.257000000017,1.02587890625,-0.13037109375,0.08447265625,0.237322209265083,-0.173468700045778,-0.026605628841377002,Null
283.27700000001704,1.01318359375,-0.10791015625,0.08251953125,0.18198250127501897,-0.09471603867530198,-0.020220277919447,Null
283.297000000017,1.013671875,-0.0830078125,0.10205078125,0.074495760755856,-0.06491773437296,0.024477178534067005,Null
283.317000000017,1.0498046875,-0.119140625,0.09375,-0.10961519082647302,-0.053211257682754004,0.08939491290702699,Null
283.338000000017,1.0556640625,-0.22607421875,0.0576171875,-0.038312105531583,0.010642251536551002,0.139413495128815,Null
283.362000000017,1.0400390625,-0.16650390625,0.05029296875,0.20433122950177499,0.152184196972676,0.139413495128815,Null
283.382000000017,1.0341796875,-0.08984375,0.0546875,0.21071658042370603,0.19688165342619002,0.142606170589781,Null
283.40200000001704,1.03125,-0.02197265625,0.08984375,0.042569006146202994,0.241579109879703,0.170276024584813,Null
283.423000000017,1.0458984375,-0.0205078125,0.1162109375,-0.512956524061748,0.20752390496273998,0.158569547894607,Null
283.44300000001704,1.03125,-0.08203125,0.0859375,-0.714095078102558,0.18730362704329398,0.143670395743436,Null
283.463000000017,1.0029296875,-0.11474609375,0.0302734375,-0.667269171341735,0.16282644850922698,0.117064766902059,Null
283.487000000017,1.02099609375,-0.12744140625,0.02294921875,-0.387377955930449,0.13834926997516,0.036183655224273,Null
283.507000000017,1.01318359375,-0.08349609375,0.05810546875,-0.09578026382895699,0.13622081966785002,0.001064225153655,Null
283.528000000017,0.98974609375,-0.05126953125,0.0771484375,-0.10216561475088799,0.122385892670334,-0.030862529455997004,Null
283.548000000017,0.98291015625,-0.0927734375,0.07080078125,-0.21390925588467102,0.10003716444357699,-0.029798304302342003,Null
283.56800000001704,0.98974609375,-0.11083984375,0.0703125,-0.192624752811569,0.06278928406565,-0.031926754609652,Null
283.59200000001704,1.0068359375,-0.12646484375,0.08544921875,-0.150055746665366,0.026605628841377002,-0.061725058911995,Null
283.613000000017,1.01171875,-0.15576171875,0.08984375,-0.09578026382895699,0.013834926997516001,-0.09471603867530198,Null
283.63300000001703,1.029296875,-0.14013671875,0.10693359375,-0.005321125768275,0.00212845030731,-0.10748674051916302,Null
283.653000000017,1.05859375,-0.14013671875,0.10302734375,0.010642251536551002,0.010642251536551002,-0.08194533683144099,Null
283.673000000017,1.052734375,-0.14794921875,0.1064453125,-0.026605628841377002,0.043633231299858,-0.037247880377928,Null
283.69300000001704,1.00927734375,-0.1796875,0.09814453125,-0.143670395743436,0.06917463498758,0.00638535092193,Null
283.713000000017,0.978515625,-0.1787109375,0.09765625,-0.227744182882187,0.08833068775337198,0.021284503073102003,Null
283.733000000017,0.96923828125,-0.2197265625,0.08203125,-0.26924896387473496,0.11387209144109299,0.025541403687721998,Null
283.754000000017,0.9912109375,-0.201171875,0.1015625,-0.142606170589781,0.120257442363024,-0.00425690061462,Null
283.778000000017,1.01318359375,-0.2041015625,0.1025390625,-0.032990979763308,0.147927296358056,0.003192675460965,Null
283.798000000017,1.00927734375,-0.17578125,0.095703125,-0.052147032529099004,0.17240447489212302,0.036183655224273,Null
283.81800000001704,1.02587890625,-0.1513671875,0.08203125,-0.20752390496273998,0.18517517673598397,0.077688436216821,Null
283.839000000017,1.02099609375,-0.162109375,0.076171875,-0.382056830162173,0.20539545465543,0.121321667516679,Null
283.85900000001703,1.00537109375,-0.1728515625,0.07861328125,-0.446974564535133,0.18304672642867398,0.133028144206885,Null
283.879000000017,1.001953125,-0.17529296875,0.08251953125,-0.384185280469484,0.147927296358056,0.10003716444357699,Null
283.899000000017,1.01416015625,-0.23291015625,0.08154296875,-0.20326700434811998,0.09897293928992199,0.09897293928992199,Null
283.91900000001704,1.0302734375,-0.24609375,0.0810546875,0.020220277919447,0.053211257682754004,0.14473462089709102,Null
283.939000000017,1.02880859375,-0.21923828125,0.0927734375,0.154312647279986,0.054275482836409004,0.20007432888715498,Null
283.959000000017,1.015625,-0.1796875,0.10546875,0.155376872433642,0.07023886014123501,0.27457008964301,Null
283.98400000001703,1.0087890625,-0.16943359375,0.12939453125,0.08939491290702699,0.06811040983392501,0.3597081019354171,Null
284.004000000017,1.01611328125,-0.1640625,0.138671875,-0.06385350921930501,0.06917463498758,0.415047809925481,Null
284.024000000017,1.017578125,-0.15087890625,0.1328125,-0.170276024584813,0.09365181352164699,0.393763306852379,Null
284.045000000017,0.99658203125,-0.146484375,0.12548828125,-0.234129533804117,0.10961519082647302,0.33097402278673,Null
284.065000000017,0.97412109375,-0.14990234375,0.125,-0.236257984111428,0.10216561475088799,0.230936858343152,Null
284.084000000017,0.95751953125,-0.18408203125,0.13818359375,-0.148991521511711,0.075559985909511,0.122385892670334,Null
284.109000000016,0.94921875,-0.23388671875,0.146484375,0.065981959526615,0.018091827612136003,0.0,Null
284.129000000016,0.95361328125,-0.24853515625,0.1123046875,0.328845572479419,-0.00425690061462,-0.09258758836799198,Null
284.15000000001703,0.96142578125,-0.189453125,0.12548828125,0.43633231299858205,-0.019156052765792,-0.153248422126331,Null
284.170000000016,0.96826171875,-0.18701171875,0.130859375,0.40866245900354997,-0.019156052765792,-0.14473462089709102,Null
284.19000000001597,0.9775390625,-0.1572265625,0.1318359375,0.35013007555252096,-0.007449576075585999,-0.121321667516679,Null
284.210000000016,0.9892578125,-0.14306640625,0.1328125,0.16282644850922698,0.013834926997516001,-0.06917463498758,Null
284.230000000016,0.98095703125,-0.1806640625,0.119140625,-0.06917463498758,0.037247880377928,-0.025541403687721998,Null
284.250000000016,0.9931640625,-0.14990234375,0.150390625,-0.31501064548190305,0.072367310448545,-0.009578026382896,Null
284.270000000016,1.0107421875,-0.19873046875,0.14599609375,-0.527855676212919,0.117064766902059,0.045761681607168,Null
284.290000000016,0.99951171875,-0.23486328125,0.12158203125,-0.40227710808162,0.114936316594749,0.058532383451029006,Null
284.310000000016,1.00537109375,-0.2294921875,0.12646484375,-0.31501064548190305,0.08513801229240599,0.06066083375833999,Null
284.33000000001596,0.99560546875,-0.2470703125,0.1259765625,-0.20752390496273998,0.035119430070618,0.06491773437296,Null
284.350000000016,1.0009765625,-0.25634765625,0.12451171875,-0.09152336321433699,-0.013834926997516001,0.080881111677786,Null
284.371000000016,1.0166015625,-0.271484375,0.11181640625,-0.014899152151171002,-0.038312105531583,0.11280786628743801,Null
284.391000000016,1.0380859375,-0.28857421875,0.09423828125,0.06278928406565,-0.039376330685238,0.160697998201917,Null
284.411000000016,1.02783203125,-0.2939453125,0.0888671875,0.160697998201917,-0.039376330685238,0.23200108349680698,Null
284.43100000001596,1.0,-0.29052734375,0.09765625,0.309689519713628,-0.06491773437296,0.308625294559973,Null
284.451000000016,0.9794921875,-0.2587890625,0.125,0.42036893569375605,-0.08726646259971699,0.37247880377927794,Null
284.471000000016,0.96923828125,-0.21875,0.150390625,0.401212882927965,-0.078752661370476,0.40866245900354997,Null
284.49100000001596,0.96240234375,-0.1767578125,0.16748046875,0.254349811723564,-0.04895435706813401,0.41717626023279103,Null
284.511000000016,0.9638671875,-0.1689453125,0.1708984375,0.040440555838893,-0.019156052765792,0.409726684157205,Null
284.531000000016,0.953125,-0.19970703125,0.15625,-0.08300956198509599,0.003192675460965,0.365029227703692,Null
284.552000000016,0.9423828125,-0.2119140625,0.14208984375,-0.09365181352164699,0.009578026382896,0.267120513567425,Null
284.572000000016,0.9580078125,-0.220703125,0.1337890625,-0.08833068775337198,0.009578026382896,0.16282644850922698,Null
284.59200000001596,0.95703125,-0.24267578125,0.1298828125,-0.057468158297374,-0.005321125768275,0.06917463498758,Null
284.612000000016,0.95703125,-0.2587890625,0.1416015625,-0.013834926997516001,-0.042569006146202994,-0.015963377304826,Null
284.632000000016,0.96875,-0.27197265625,0.15283203125,-0.020220277919447,-0.074495760755856,-0.077688436216821,Null
284.65200000001596,0.98388671875,-0.28564453125,0.14697265625,-0.027669853995032002,-0.09578026382895699,-0.12983546874592,Null
284.672000000016,0.99853515625,-0.28515625,0.14453125,-0.044697456453513,-0.09471603867530198,-0.161762223355572,Null
284.692000000016,0.99169921875,-0.29833984375,0.1484375,-0.06385350921930501,-0.07023886014123501,-0.143670395743436,Null
284.71200000001596,0.97900390625,-0.3046875,0.14599609375,-0.06278928406565,-0.04895435706813401,-0.09897293928992199,Null
284.732000000016,0.98095703125,-0.30810546875,0.140625,-0.044697456453513,-0.038312105531583,-0.074495760755856,Null
284.752000000016,0.98095703125,-0.31201171875,0.13671875,-0.00425690061462,-0.022348728226757004,-0.013834926997516001,Null
284.77200000001596,0.99365234375,-0.302734375,0.12744140625,0.06704618468026999,-0.023412953380412004,0.080881111677786,Null
284.792000000016,1.0078125,-0.29931640625,0.1240234375,0.08726646259971699,-0.024477178534067005,0.10961519082647302,Null
284.812000000016,1.0048828125,-0.2880859375,0.12646484375,0.142606170589781,-0.026605628841377002,0.153248422126331,Null
284.83200000001597,1.0009765625,-0.2685546875,0.12890625,0.19901010373349998,-0.036183655224273,0.168147574277502,Null
284.852000000016,1.02783203125,-0.27099609375,0.126953125,0.21497348103832603,-0.054275482836409004,0.170276024584813,Null
284.87300000001596,1.04833984375,-0.287109375,0.1396484375,0.264992063260115,-0.032990979763308,0.18623940188963897,Null
284.893000000016,1.0087890625,-0.28466796875,0.18115234375,0.39802020746699995,-0.00638535092193,0.22455150742122199,Null
284.913000000016,0.98583984375,-0.23388671875,0.14599609375,0.39482753200603404,-0.077688436216821,0.220294606806601,Null
284.93300000001597,1.01513671875,-0.19384765625,0.091796875,0.09152336321433699,-0.153248422126331,0.20326700434811998,Null
284.953000000016,1.04833984375,-0.30712890625,0.05224609375,-0.169211799431158,-0.152184196972676,0.246900235647978,Null
284.973000000016,1.03076171875,-0.3515625,0.08251953125,0.19794587857984502,-0.084073787138751,0.21923038165294603,Null
284.99300000001597,0.96875,-0.28759765625,0.11669921875,0.684296773800216,0.005321125768275,0.128771243592265,Null
285.013000000016,0.947265625,-0.2265625,0.13623046875,0.7779485873218629,0.04895435706813401,0.079816886524131,Null
285.033000000016,0.94677734375,-0.19921875,0.14599609375,0.597030311200499,0.06385350921930501,0.08726646259971699,Null
285.05300000001597,0.92626953125,-0.20556640625,0.17138671875,0.34480894978424603,0.056403933143719005,0.10216561475088799,Null
285.074000000016,0.90380859375,-0.2197265625,0.16943359375,0.08194533683144099,0.022348728226757004,0.09152336321433699,Null
285.09400000001597,0.91748046875,-0.23681640625,0.14404296875,-0.137285044821505,-0.020220277919447,0.06066083375833999,Null
285.114000000016,0.91748046875,-0.2548828125,0.12353515625,-0.2788269902576311,-0.009578026382896,0.04150478099254799,Null
285.134000000016,0.9189453125,-0.26611328125,0.11083984375,-0.35013007555252096,0.008513801229241,0.013834926997516001,Null
285.158000000016,0.94580078125,-0.2978515625,0.08984375,-0.390570631391414,0.003192675460965,-0.074495760755856,Null
285.179000000016,0.9619140625,-0.32470703125,0.07080078125,-0.302239943638043,-0.012770701843860999,-0.160697998201917,Null
285.199000000016,0.94873046875,-0.32861328125,0.0771484375,-0.10216561475088799,-0.017027602458481002,-0.244771785340668,Null
285.21900000001597,0.94091796875,-0.32861328125,0.09912109375,0.054275482836409004,-0.028734079148687,-0.292661917255147,Null
285.239000000016,0.96533203125,-0.31298828125,0.11572265625,0.14047772028247002,-0.04682590676082401,-0.29904726817707694,Null
285.259000000016,0.98828125,-0.29150390625,0.119140625,0.14047772028247002,-0.031926754609652,-0.264992063260115,Null
285.27900000001597,0.986328125,-0.27294921875,0.10595703125,0.072367310448545,0.00425690061462,-0.20113855404081,Null
285.299000000016,0.9921875,-0.2626953125,0.08251953125,-0.074495760755856,0.010642251536551002,-0.126642793284954,Null
285.319000000016,1.03515625,-0.2861328125,0.056640625,-0.239450659572393,-0.003192675460965,-0.06066083375833999,Null
285.339000000016,1.0498046875,-0.30859375,0.05078125,-0.28840501664052604,-0.00212845030731,-0.025541403687721998,Null
285.359000000016,1.0068359375,-0.32470703125,0.0703125,-0.20645967980908497,0.008513801229241,0.001064225153655,Null
285.38000000001597,0.96923828125,-0.330078125,0.09619140625,-0.04789013191447901,-0.022348728226757004,0.025541403687721998,Null
285.400000000016,0.95947265625,-0.31396484375,0.12353515625,0.06385350921930501,-0.06811040983392501,0.052147032529099004,Null
285.420000000016,0.94921875,-0.2841796875,0.1435546875,0.12983546874592,-0.079816886524131,0.08513801229240599,Null
285.44000000001597,0.947265625,-0.26513671875,0.1474609375,0.10642251536550801,-0.06491773437296,0.135156594514195,Null
285.464000000016,0.97998046875,-0.20361328125,0.15087890625,-0.06066083375833999,-0.019156052765792,0.17240447489212302,Null
285.485000000016,1.013671875,-0.22216796875,0.12890625,-0.229872633189497,0.023412953380412004,0.16601912397019197,Null
285.50500000001597,1.0380859375,-0.23291015625,0.13525390625,-0.22455150742122199,0.055339707990064005,0.09578026382895699,Null
285.525000000016,0.9951171875,-0.2421875,0.14892578125,-0.20007432888715498,0.10216561475088799,0.003192675460965,Null
285.545000000016,0.958984375,-0.2607421875,0.16162109375,-0.22135883196025602,0.09897293928992199,-0.06704618468026999,Null
285.56500000001597,0.9521484375,-0.27734375,0.15966796875,-0.27457008964301,0.08726646259971699,-0.08513801229240599,Null
285.585000000015,0.9501953125,-0.28466796875,0.13916015625,-0.336295148555005,0.08726646259971699,-0.06066083375833999,Null
285.60500000001497,0.94482421875,-0.30322265625,0.1201171875,-0.367157678011002,0.09471603867530198,-0.020220277919447,Null
285.625000000015,0.96240234375,-0.32373046875,0.10205078125,-0.29479036756245697,0.08194533683144099,-0.00212845030731,Null
285.645000000015,0.99365234375,-0.33154296875,0.099609375,-0.14473462089709102,0.06704618468026999,-0.026605628841377002,Null
285.66500000001497,1.001953125,-0.31591796875,0.11279296875,-0.00638535092193,0.075559985909511,-0.072367310448545,Null
285.685000000015,0.9853515625,-0.3037109375,0.111328125,0.04150478099254799,0.08300956198509599,-0.10003716444357699,Null
285.705000000015,0.98681640625,-0.30517578125,0.12255859375,0.032990979763308,0.061725058911995,-0.10429406505819801,Null
285.725000000015,1.01318359375,-0.31103515625,0.13671875,0.005321125768275,0.044697456453513,-0.09578026382895699,Null
285.750000000015,1.0263671875,-0.31494140625,0.13525390625,0.030862529455997004,0.075559985909511,-0.074495760755856,Null
285.770000000015,1.00537109375,-0.30859375,0.13818359375,0.09365181352164699,0.10855096567281801,-0.053211257682754004,Null
285.79000000001497,0.98046875,-0.2939453125,0.14111328125,0.12557856813129903,0.11387209144109299,-0.013834926997516001,Null
285.811000000015,0.99755859375,-0.27294921875,0.14111328125,0.10429406505819801,0.11174364113378302,0.018091827612136003,Null
285.83100000001497,1.01220703125,-0.26123046875,0.14404296875,0.05959660860468499,0.130899693899575,0.031926754609652,Null
285.851000000015,1.0029296875,-0.26513671875,0.15234375,0.020220277919447,0.13409236936053998,0.024477178534067005,Null
285.871000000015,0.9970703125,-0.27685546875,0.15576171875,0.034055204916963,0.121321667516679,-0.00212845030731,Null
285.892000000015,1.00048828125,-0.28271484375,0.15380859375,0.11067941598012801,0.117064766902059,-0.042569006146202994,Null
285.912000000015,0.99609375,-0.27490234375,0.14794921875,0.164954898816537,0.13622081966785002,-0.07023886014123501,Null
285.93200000001497,0.9755859375,-0.27197265625,0.15478515625,0.173468700045778,0.161762223355572,-0.065981959526615,Null
285.952000000015,0.96826171875,-0.27490234375,0.16455078125,0.154312647279986,0.164954898816537,-0.042569006146202994,Null
285.972000000015,0.97998046875,-0.2724609375,0.171875,0.118128992055714,0.171340249738468,-0.015963377304826,Null
285.99200000001497,0.99169921875,-0.26708984375,0.177734375,0.029798304302342003,0.20433122950177499,0.017027602458481002,Null
286.012000000015,0.9658203125,-0.263671875,0.1669921875,-0.057468158297374,0.238386434418738,0.06066083375833999,Null
286.032000000015,0.9345703125,-0.259765625,0.15771484375,-0.145798846050746,0.242643335033358,0.10748674051916302,Null
286.05200000001497,0.92333984375,-0.2626953125,0.15478515625,-0.19901010373349998,0.235193758957772,0.14047772028247002,Null
286.072000000015,0.92138671875,-0.26953125,0.16064453125,-0.20858813011639601,0.225615732574877,0.155376872433642,Null
286.09300000001497,0.9384765625,-0.26123046875,0.1572265625,-0.240514884726048,0.22455150742122199,0.158569547894607,Null
286.113000000015,0.927734375,-0.2578125,0.1455078125,-0.28734079148687103,0.236257984111428,0.161762223355572,Null
286.133000000015,0.91259765625,-0.25927734375,0.14306640625,-0.303304168791697,0.21497348103832603,0.154312647279986,Null
286.15300000001497,0.9091796875,-0.255859375,0.14453125,-0.31820332094286896,0.178789825814053,0.13834926997516,Null
286.17700000001497,0.93212890625,-0.2568359375,0.14892578125,-0.305432619099008,0.130899693899575,0.10855096567281801,Null
286.198000000015,0.9384765625,-0.25732421875,0.14990234375,-0.28946924179418104,0.10322983990454301,0.074495760755856,Null
286.21800000001497,0.9384765625,-0.2578125,0.15087890625,-0.28946924179418104,0.084073787138751,0.043633231299858,Null
286.238000000015,0.9384765625,-0.2646484375,0.154296875,-0.30649684425266305,0.080881111677786,0.024477178534067005,Null
286.258000000015,0.93115234375,-0.27099609375,0.1611328125,-0.338423598862315,0.06278928406565,0.025541403687721998,Null
286.27800000001497,0.953125,-0.28125,0.19970703125,-0.356515426474451,0.044697456453513,0.025541403687721998,Null
286.298000000015,0.94140625,-0.27587890625,0.21435546875,-0.37886415470120793,0.050018582221788996,0.019156052765792,Null
286.318000000015,0.939453125,-0.2802734375,0.19189453125,-0.453359915457064,0.019156052765792,0.014899152151171002,Null
286.338000000015,0.939453125,-0.2958984375,0.171875,-0.491672020988646,-0.009578026382896,0.008513801229241,Null
286.358000000015,0.96484375,-0.3017578125,0.17626953125,-0.48422244491306105,-0.043633231299858,-0.003192675460965,Null
286.378000000015,0.974609375,-0.3046875,0.1748046875,-0.48422244491306105,-0.055339707990064005,-0.010642251536551002,Null
286.399000000015,0.9462890625,-0.30029296875,0.1728515625,-0.46825906760823494,-0.055339707990064005,-0.005321125768275,Null
286.419000000015,0.93505859375,-0.29736328125,0.177734375,-0.485286670066716,-0.077688436216821,0.019156052765792,Null
286.43900000001497,0.96337890625,-0.3134765625,0.16650390625,-0.5597824308225721,-0.10642251536550801,0.044697456453513,Null
286.459000000015,0.98974609375,-0.33154296875,0.16552734375,-0.5619108811298821,-0.117064766902059,0.04789013191447901,Null
286.479000000015,0.96533203125,-0.3291015625,0.171875,-0.49060779583499203,-0.097908714136267,0.04789013191447901,Null
286.499000000015,0.95947265625,-0.3251953125,0.1806640625,-0.446974564535133,-0.10429406505819801,0.043633231299858,Null
286.519000000015,0.97998046875,-0.32763671875,0.18310546875,-0.43633231299858205,-0.10748674051916302,0.04682590676082401,Null
286.54000000001497,0.9873046875,-0.326171875,0.18505859375,-0.42569006146203203,-0.08939491290702699,0.054275482836409004,Null
286.56400000001497,0.98046875,-0.32080078125,0.169921875,-0.411855134464516,-0.06491773437296,0.054275482836409004,Null
286.584000000015,0.947265625,-0.314453125,0.1533203125,-0.40014865777430997,-0.04150478099254799,0.058532383451029006,Null
286.60500000001497,0.92626953125,-0.3125,0.14013671875,-0.3597081019354171,-0.061725058911995,0.055339707990064005,Null
286.625000000015,0.9248046875,-0.30712890625,0.1279296875,-0.28095544056494104,-0.10642251536550801,0.034055204916963,Null
286.645000000015,0.93115234375,-0.30517578125,0.10986328125,-0.20539545465543,-0.158569547894607,-0.010642251536551002,Null
286.664000000015,0.9267578125,-0.3046875,0.09619140625,-0.135156594514195,-0.20326700434811998,-0.084073787138751,Null
286.68900000001497,0.93212890625,-0.31884765625,0.091796875,-0.010642251536551002,-0.284148116025906,-0.242643335033358,Null
286.710000000015,0.951171875,-0.32763671875,0.07763671875,0.086202237446062,-0.346937400091556,-0.367157678011002,Null
286.73000000001497,0.96630859375,-0.3427734375,0.07421875,0.19049630250425897,-0.387377955930449,-0.491672020988646,Null
286.750000000015,0.96337890625,-0.3515625,0.0771484375,0.33310247309403995,-0.415047809925481,-0.5831953842029829,Null
286.770000000015,0.947265625,-0.3466796875,0.0791015625,0.466130617300925,-0.441653438766858,-0.6257643903491871,Null
286.794000000015,0.94140625,-0.34814453125,0.07421875,0.5427548283640901,-0.47570864368382,-0.617250589119946,Null
286.815000000015,0.966796875,-0.3505859375,0.0625,0.595966086046844,-0.519341874983679,-0.5778742584347081,Null
286.835000000015,0.9853515625,-0.35498046875,0.0517578125,0.6555626946515289,-0.5448832786714001,-0.515084974369058,Null
286.85500000001497,1.00390625,-0.3564453125,0.044921875,0.726865779946419,-0.573617357820088,-0.43633231299858205,Null
286.875000000015,1.01708984375,-0.36865234375,0.04150390625,0.8162606928534458,-0.6076725627370501,-0.358643876781762,Null
286.895000000015,1.03076171875,-0.3779296875,0.0419921875,0.959931088596881,-0.650241568883253,-0.292661917255147,Null
286.91500000001497,1.037109375,-0.3662109375,0.0205078125,1.1227575371061103,-0.67897564803194,-0.234129533804117,Null
286.936000000015,1.04345703125,-0.34912109375,0.00537109375,1.2472718800837501,-0.6991959259513871,-0.16282644850922698,Null
286.960000000015,1.03759765625,-0.33349609375,0.01416015625,1.36859354760043,-0.7204804290244878,-0.015963377304826,Null
286.98000000001497,1.0341796875,-0.3203125,0.013671875,1.39945607705643,-0.7321869057146941,0.079816886524131,Null
287.000000000015,1.0302734375,-0.306640625,0.00830078125,1.40796987828567,-0.7119666277952479,0.156441097587297,Null
287.02100000001496,1.00244140625,-0.29052734375,0.00390625,1.38562115005891,-0.681104098339251,0.21284503073101602,Null
287.041000000015,0.99658203125,-0.2734375,0.0029296875,1.32389609114692,-0.649177343729598,0.241579109879703,Null
287.061000000015,1.00146484375,-0.24462890625,0.001953125,1.20683132424486,-0.591709185432224,0.223487282267567,Null
287.085000000015,1.00341796875,-0.2236328125,-0.01904296875,1.05358290211853,-0.527855676212919,0.159633773048262,Null
287.10500000001497,1.01611328125,-0.23876953125,-0.0205078125,0.971637565287087,-0.478901319144786,0.043633231299858,Null
287.126000000015,1.02783203125,-0.2431640625,-0.01611328125,1.0897665573428001,-0.421433160847411,-0.120257442363024,Null
287.14600000001496,1.05615234375,-0.21337890625,-0.025390625,1.27600595923244,-0.33948782401597,-0.292661917255147,Null
287.166000000015,1.0673828125,-0.19775390625,-0.03466796875,1.27387750892513,-0.21497348103832603,-0.39802020746699995,Null
287.186000000015,1.05419921875,-0.19970703125,-0.0361328125,1.05996825304046,-0.09258758836799198,-0.39695598231334395,Null
287.20600000001497,1.03662109375,-0.22509765625,-0.03466796875,0.7343153560220049,0.007449576075585999,-0.302239943638043,Null
287.226000000015,1.01953125,-0.24853515625,-0.0419921875,0.456552590918029,0.09152336321433699,-0.169211799431158,Null
287.246000000015,1.015625,-0.2646484375,-0.06494140625,0.275634314796665,0.145798846050746,-0.040440555838893,Null
287.27100000001496,1.0078125,-0.2685546875,-0.0751953125,0.220294606806601,0.19368897796522402,0.10961519082647302,Null
287.291000000014,0.9931640625,-0.25732421875,-0.08349609375,0.247964460801633,0.20965235527005102,0.18091827612136302,Null
287.311000000014,0.99072265625,-0.2373046875,-0.09521484375,0.251157136262599,0.21923038165294603,0.20113855404081,Null
287.332000000014,0.98876953125,-0.2216796875,-0.09130859375,0.195817428272535,0.254349811723564,0.171340249738468,Null
287.352000000014,0.9921875,-0.216796875,-0.0908203125,0.117064766902059,0.2788269902576311,0.09897293928992199,Null
287.372000000014,0.98046875,-0.2314453125,-0.0947265625,0.08833068775337198,0.28946924179418104,0.015963377304826,Null
287.391000000014,0.9794921875,-0.24609375,-0.0986328125,0.09684448898261201,0.290533466947837,-0.020220277919447,Null
287.411000000014,0.984375,-0.24072265625,-0.1083984375,0.13196391905323,0.300111493330732,-0.072367310448545,Null
287.432000000014,0.9794921875,-0.2392578125,-0.103515625,0.158569547894607,0.30117571848438696,-0.10322983990454301,Null
287.452000000014,0.97900390625,-0.24267578125,-0.0869140625,0.16389067366288199,0.27669853995032107,-0.11174364113378302,Null
287.472000000014,0.9951171875,-0.2421875,-0.083984375,0.16601912397019197,0.26392783810646,-0.114936316594749,Null
287.492000000014,0.9912109375,-0.2451171875,-0.07763671875,0.18304672642867398,0.250092911108944,-0.117064766902059,Null
287.512000000014,0.9931640625,-0.240234375,-0.05517578125,0.233065308650462,0.227744182882187,-0.12983546874592,Null
287.532000000014,0.99951171875,-0.236328125,-0.0576171875,0.26605628841377,0.227744182882187,-0.143670395743436,Null
287.553000000014,0.98583984375,-0.2470703125,-0.08837890625,0.28308389087225105,0.250092911108944,-0.168147574277502,Null
287.573000000014,1.00048828125,-0.27587890625,-0.07421875,0.39269908169872403,0.21923038165294603,-0.195817428272535,Null
287.597000000014,1.013671875,-0.2412109375,0.02001953125,0.74176493209759,0.20645967980908497,-0.20752390496273998,Null
287.617000000014,1.0078125,-0.20361328125,0.029296875,0.8396736462338571,0.18198250127501897,-0.19156052765791398,Null
287.638000000014,1.01708984375,-0.2255859375,0.02001953125,0.767306335785312,0.122385892670334,-0.19156052765791398,Null
287.658000000014,1.0107421875,-0.26025390625,0.0498046875,0.8407378713875121,0.036183655224273,-0.18730362704329398,Null
287.678000000014,1.00390625,-0.23828125,0.1015625,1.13659246410362,-0.011706476690206002,-0.226679957728532,Null
287.698000000014,1.0009765625,-0.1826171875,0.12109375,1.3217676408396102,-0.040440555838893,-0.28201966571859605,Null
287.718000000014,1.00830078125,-0.1787109375,0.1240234375,1.19299639724734,-0.07343153560220099,-0.309689519713628,Null
287.738000000014,1.01025390625,-0.1962890625,0.1337890625,1.03336262419908,-0.080881111677786,-0.326717122172109,Null
287.758000000014,1.00927734375,-0.19775390625,0.15283203125,0.950353062213986,-0.061725058911995,-0.34161627432328,Null
287.778000000014,1.02001953125,-0.19384765625,0.1455078125,0.8747930763044749,-0.037247880377928,-0.35332275101348604,Null
287.798000000014,1.021484375,-0.1962890625,0.12255859375,0.7694347860926222,0.00212845030731,-0.36290077739638205,Null
287.818000000014,1.009765625,-0.21142578125,0.1025390625,0.683232548646561,0.035119430070618,-0.38099260500851795,Null
287.838000000014,1.00244140625,-0.22412109375,0.1142578125,0.6991959259513871,0.039376330685238,-0.38312105531582796,Null
287.859000000014,0.99072265625,-0.21435546875,0.12255859375,0.768370560938967,0.032990979763308,-0.36396500255003705,Null
287.879000000014,0.9853515625,-0.20947265625,0.1123046875,0.80242576585593,0.011706476690206002,-0.338423598862315,Null
287.899000000014,0.9736328125,-0.2138671875,0.0986328125,0.8205175934680659,-0.013834926997516001,-0.324588671864799,Null
287.918000000014,0.9755859375,-0.220703125,0.095703125,0.896077579377577,-0.06066083375833999,-0.31820332094286896,Null
287.939000000014,0.98388671875,-0.21728515625,0.11376953125,1.0684820542697,-0.09897293928992199,-0.303304168791697,Null
287.959000000014,0.974609375,-0.1650390625,0.11865234375,1.22918005247162,-0.09897293928992199,-0.284148116025906,Null
287.979000000014,0.95654296875,-0.1474609375,0.10791015625,1.22918005247162,-0.09258758836799198,-0.26605628841377,Null
287.999000000014,0.9580078125,-0.140625,0.10107421875,1.21853780093507,-0.118128992055714,-0.240514884726048,Null
288.019000000014,0.97900390625,-0.123046875,0.0986328125,1.24088652916182,-0.145798846050746,-0.21497348103832603,Null
288.040000000014,0.9833984375,-0.12939453125,0.07275390625,1.26110680708127,-0.16282644850922698,-0.159633773048262,Null
288.060000000014,0.990234375,-0.1201171875,0.0791015625,1.3313456672225,-0.20007432888715498,-0.084073787138751,Null
288.084000000014,0.98681640625,-0.1162109375,0.0888671875,1.38242847459795,-0.242643335033358,0.003192675460965,Null
288.104000000014,0.970703125,-0.11279296875,0.07421875,1.47288761265863,-0.30117571848438696,0.09045913806068198,Null
288.124000000014,0.98876953125,-0.1064453125,0.05908203125,1.5952735053289597,-0.37247880377927794,0.143670395743436,Null
288.145000000014,1.0166015625,-0.1025390625,0.0703125,1.7080813716163998,-0.43420386269127204,0.18091827612136302,Null
288.165000000014,1.0205078125,-0.10009765625,0.10205078125,1.8123754366746003,-0.450167239996098,0.20007432888715498,Null
288.184000000014,1.00732421875,-0.09619140625,0.1044921875,1.8826142968158301,-0.453359915457064,0.20965235527005102,Null
288.209000000014,0.99560546875,-0.10107421875,0.07666015625,1.9049630250425902,-0.435268087844927,0.21710193134563602,Null
288.229000000014,0.98095703125,-0.10595703125,0.08740234375,1.9411466802668602,-0.415047809925481,0.234129533804117,Null
288.250000000014,0.96484375,-0.10302734375,0.125,1.91773372688645,-0.373543028932933,0.260735162645494,Null
288.270000000014,0.9658203125,-0.09912109375,0.13818359375,1.81450388698191,-0.328845572479419,0.284148116025906,Null
288.290000000014,0.98388671875,-0.111328125,0.1279296875,1.67189771639213,-0.27989121541128603,0.305432619099008,Null
288.314000000014,0.994140625,-0.166015625,0.099609375,1.61655800840207,-0.240514884726048,0.311817970020938,Null
288.334000000014,1.005859375,-0.18505859375,0.07421875,1.65699856424096,-0.21497348103832603,0.309689519713628,Null
288.355000000014,1.0205078125,-0.1826171875,0.04638671875,1.74532925199433,-0.19156052765791398,0.302239943638043,Null
288.375000000014,1.0224609375,-0.15087890625,0.02490234375,1.7985405096770801,-0.154312647279986,0.292661917255147,Null
288.395000000014,1.00830078125,-0.1357421875,0.00390625,1.74107235137971,-0.11174364113378302,0.277762765103976,Null
288.415000000014,1.01416015625,-0.13330078125,0.00146484375,1.6463563127044099,-0.09045913806068198,0.247964460801633,Null
288.435000000014,1.0234375,-0.1484375,0.013671875,1.5367411218779299,-0.06385350921930501,0.22135883196025602,Null
288.455000000014,1.00537109375,-0.1396484375,0.0185546875,1.4324470568197398,-0.010642251536551002,0.20539545465543,Null
288.480000000014,0.96875,-0.14404296875,0.0107421875,1.224923151857,0.04682590676082401,0.20326700434811998,Null
288.500000000014,0.93994140625,-0.162109375,0.0234375,1.14404204017921,0.035119430070618,0.20007432888715498,Null
288.520000000014,0.9609375,-0.1884765625,0.05322265625,1.1238217622597602,0.017027602458481002,0.194753203118879,Null
288.540000000014,0.98486328125,-0.208984375,0.041015625,1.06316092850142,0.038312105531583,0.17666137550674302,Null
288.561000000014,0.96875,-0.23291015625,0.0283203125,1.07912430580625,0.053211257682754004,0.18091827612136302,Null
288.581000000014,0.94287109375,-0.25244140625,0.03466796875,1.14510626533287,0.042569006146202994,0.20645967980908497,Null
288.601000000014,0.96044921875,-0.25390625,0.04052734375,1.18022569540348,0.017027602458481002,0.237322209265083,Null
288.620000000014,1.00830078125,-0.244140625,0.0400390625,1.16532654325231,0.015963377304826,0.252221361416254,Null
288.640000000014,1.0048828125,-0.24267578125,0.0458984375,1.0897665573428001,0.052147032529099004,0.28095544056494104,Null
288.661000000014,0.970703125,-0.248046875,0.05517578125,0.919490532757988,0.09045913806068198,0.33310247309403995,Null
288.681000000014,0.9775390625,-0.25244140625,0.03076171875,0.7939119646266891,0.08939491290702699,0.37035035347196704,Null
288.701000000014,1.01513671875,-0.2509765625,0.00146484375,0.7279300051000741,0.097908714136267,0.393763306852379,Null
288.721000000014,1.03564453125,-0.24755859375,-0.00537109375,0.5895807351249139,0.11067941598012801,0.451231465149754,Null
288.741000000014,1.0537109375,-0.2509765625,-0.00927734375,0.459745266378994,0.09897293928992199,0.49805737191057703,Null
288.762000000014,1.04931640625,-0.24755859375,-0.0166015625,0.303304168791697,0.079816886524131,0.5427548283640901,Null
288.782000000014,1.0283203125,-0.23095703125,-0.0400390625,0.247964460801633,0.06704618468026999,0.558718205668917,Null
288.806000000014,1.00830078125,-0.23974609375,-0.06298828125,0.08513801229240599,-0.011706476690206002,0.617250589119946,Null
288.826000000014,0.99853515625,-0.2685546875,-0.05322265625,0.09152336321433699,-0.086202237446062,0.647048893422288,Null
288.846000000014,1.005859375,-0.2841796875,-0.03466796875,0.243707560187013,-0.164954898816537,0.650241568883253,Null
288.867000000014,0.9853515625,-0.27880859375,-0.03466796875,0.457616816071684,-0.20645967980908497,0.641727767654013,Null
288.887000000014,0.97412109375,-0.25634765625,-0.0595703125,0.6247001651955311,-0.238386434418738,0.6268286155028421,Null
288.907000000014,0.9677734375,-0.24951171875,-0.06201171875,0.685360998953871,-0.252221361416254,0.606608337583395,Null
288.927000000014,0.94775390625,-0.25927734375,-0.0419921875,0.701324376258697,-0.260735162645494,0.5778742584347081,Null
288.947000000014,0.92822265625,-0.28662109375,-0.0361328125,0.713030852948903,-0.29372614240880196,0.54062637805678,Null
288.967000000014,0.93017578125,-0.3203125,-0.07421875,0.801361540702275,-0.346937400091556,0.49380047129595706,Null
288.987000000014,0.98876953125,-0.3349609375,-0.12841796875,0.9397108106774351,-0.42036893569375605,0.449103014842443,Null
289.007000000014,1.00439453125,-0.333984375,-0.13818359375,1.07167472973066,-0.474644418530165,0.435268087844927,Null
289.027000000014,0.9609375,-0.33642578125,-0.10546875,1.15468429171576,-0.527855676212919,0.45868104122533904,Null
289.047000000014,0.9521484375,-0.33447265625,-0.07275390625,1.16851921871328,-0.616186363966291,0.489543570681336,Null
289.067000000014,0.9609375,-0.3447265625,-0.06884765625,1.0471975511966,-0.681104098339251,0.5076353982934729,Null
289.087000000013,0.9580078125,-0.375,-0.078125,0.916297857297023,-0.701324376258697,0.49060779583499203,Null
289.107000000013,1.0068359375,-0.412109375,-0.09423828125,0.788590838858414,-0.704517051719662,0.44058921361320297,Null
289.128000000014,1.03564453125,-0.43408203125,-0.1181640625,0.6704618468026999,-0.6513057940369079,0.3682219031646571,Null
289.148000000013,1.0283203125,-0.46728515625,-0.123046875,0.693874800183112,-0.584259609356638,0.286276566333216,Null
289.168000000013,1.0234375,-0.49169921875,-0.123046875,0.898206029684887,-0.537433702595815,0.220294606806601,Null
289.188000000013,1.01513671875,-0.5068359375,-0.11279296875,1.20257442363024,-0.502314272525197,0.169211799431158,Null
289.208000000013,1.0048828125,-0.4951171875,-0.087890625,1.51013549303656,-0.46825906760823494,0.130899693899575,Null
289.228000000013,0.99609375,-0.482421875,-0.0693359375,1.73255855015047,-0.437396538152238,0.114936316594749,Null
289.248000000013,1.00146484375,-0.46435546875,-0.056640625,1.89857767412066,-0.40653400869623996,0.133028144206885,Null
289.269000000013,1.00634765625,-0.4453125,-0.041015625,2.00287173917886,-0.36609345285734707,0.177725600660398,Null
289.289000000013,0.99853515625,-0.43017578125,-0.02880859375,2.0635325729372003,-0.311817970020938,0.239450659572393,Null
289.313000000013,0.9951171875,-0.40966796875,-0.01708984375,2.0816244005493303,-0.259670937491839,0.302239943638043,Null
289.333000000013,0.99560546875,-0.38720703125,-0.00341796875,2.05182609624699,-0.20007432888715498,0.351194300706176,Null
289.353000000013,0.99560546875,-0.3603515625,0.0126953125,1.9911652624886498,-0.137285044821505,0.384185280469484,Null
289.374000000013,0.9951171875,-0.349609375,0.01708984375,1.8953849986596998,-0.07343153560220099,0.395891757159689,Null
289.394000000013,0.990234375,-0.3388671875,0.0048828125,1.84430219128425,-0.018091827612136003,0.393763306852379,Null
289.418000000013,0.99072265625,-0.3271484375,0.0048828125,1.76129262929916,0.054275482836409004,0.334166698247695,Null
289.438000000013,1.00390625,-0.31005859375,0.01953125,1.60165885625089,0.11067941598012801,0.260735162645494,Null
289.458000000013,1.00830078125,-0.30322265625,0.01806640625,1.45479578504649,0.17240447489212302,0.178789825814053,Null
289.479000000013,1.01611328125,-0.283203125,0.0400390625,1.23875807885451,0.222423057113912,0.124514342977644,Null
289.499000000013,1.01416015625,-0.33203125,0.02734375,1.0471975511966,0.26924896387473496,0.10429406505819801,Null
289.519000000013,1.01318359375,-0.3251953125,0.04736328125,0.740700706943935,0.26924896387473496,0.080881111677786,Null
289.539000000013,1.04052734375,-0.3359375,0.05224609375,0.275634314796665,0.264992063260115,0.10322983990454301,Null
289.559000000013,1.0234375,-0.35595703125,0.03125,0.06491773437296,0.246900235647978,0.155376872433642,Null
289.579000000013,1.00537109375,-0.37109375,0.03662109375,-0.018091827612136003,0.19049630250425897,0.20858813011639601,Null
289.599000000013,0.99951171875,-0.41162109375,0.01611328125,0.00425690061462,0.10855096567281801,0.21390925588467102,Null
289.619000000013,1.02099609375,-0.43310546875,0.01611328125,0.222423057113912,0.026605628841377002,0.168147574277502,Null
289.639000000013,1.02294921875,-0.4150390625,0.0693359375,0.437396538152238,0.019156052765792,0.13409236936053998,Null
289.659000000013,0.94287109375,-0.349609375,0.11669921875,0.4235616111547221,0.028734079148687,0.09258758836799198,Null
289.680000000013,0.8935546875,-0.3134765625,0.12744140625,0.26286361295280397,0.018091827612136003,0.04895435706813401,Null
289.700000000013,0.85595703125,-0.314453125,0.1328125,0.078752661370476,-0.021284503073102003,0.003192675460965,Null
289.719000000013,0.8740234375,-0.36083984375,0.1318359375,-0.028734079148687,-0.06704618468026999,-0.043633231299858,Null
289.739000000013,0.88330078125,-0.376953125,0.123046875,-0.09897293928992199,-0.078752661370476,-0.061725058911995,Null
289.764000000013,0.8701171875,-0.431640625,0.177734375,-0.15111997181902098,-0.137285044821505,-0.072367310448545,Null
